  0.0997000000	  0.1324455475	 18.3059819801
  0.0986000000	  0.1399659377	 17.8663608972
  0.0962000000	  0.1349806438	 18.4032287817
  0.0960000000	  0.1442643279	 16.8490152780
  0.0948000000	  0.1212580044	 18.3638759568
  0.1022000000	  0.1430061529	 18.0624376774
  0.0862000000	  0.1276267432	 17.9204267304
  0.0986000000	  0.1380921160	 17.5434602796
  0.0963000000	  0.1414896347	 17.6858729880
  0.0943000000	  0.1324717705	 17.2973688555
  0.1061000000	  0.1491426066	 18.6191571073
  0.0999000000	  0.1415102887	 17.1228864298
  0.0907000000	  0.1395134450	 17.8642294509
  0.0983000000	  0.1439189179	 19.8410308523
  0.1067000000	  0.1385814602	 18.1766271782
  0.0975000000	  0.1252570446	 18.0656444231
  0.0958000000	  0.1406526721	 17.8879525707
  0.1041000000	  0.1549222160	 17.9618021815
  0.0972000000	  0.1305608850	 18.5988640424
  0.0984000000	  0.1196431283	 17.8954943859
  0.1016000000	  0.1218303661	 18.3547878478
  0.1061000000	  0.1525066738	 18.6581799700
  0.1014000000	  0.1443145928	 17.8980674543
  0.1000000000	  0.1537478818	 17.5985876346
  0.0951000000	  0.1241487663	 17.5364199832
  0.1066000000	  0.1496392031	 17.9840042025
  0.1100000000	  0.1520644484	 18.6277482665
  0.0951000000	  0.1298923658	 18.1760652375
  0.1067000000	  0.1499012515	 19.0567859089
  0.1016000000	  0.1349328836	 18.4294878204
  0.0967000000	  0.1327388404	 17.4180340657
  0.1025000000	  0.1465902685	 18.4497054003
  0.0965000000	  0.1293238687	 18.2684724140
  0.1060000000	  0.1412613287	 18.3452125637
  0.0981000000	  0.1449819943	 18.2546919917
  0.1043000000	  0.1584986458	 18.8461616758
  0.1000000000	  0.1397833949	 16.8672883429
  0.0957000000	  0.1273895237	 17.6754346345
  0.0970000000	  0.1390444304	 18.5340806726
  0.1056000000	  0.1326685019	 18.7960445017
  0.1012000000	  0.1473924311	 18.3103495129
  0.1009000000	  0.1338842000	 17.6530855100
  0.0944000000	  0.1208342048	 17.7072130424
  0.1165000000	  0.1644058982	 18.3599321108
  0.0931000000	  0.1201447103	 17.6060960742
  0.1007000000	  0.1389761618	 18.2469337902
  0.1021000000	  0.1311451984	 18.6946058334
  0.1008000000	  0.1436685853	 17.8820832882
  0.1036000000	  0.1343360337	 17.2815202316
  0.1036000000	  0.1398632438	 17.5102037945
  0.1080000000	  0.1481465346	 19.0425326114
  0.1029000000	  0.1512178480	 17.4423922506
  0.0948000000	  0.1393742193	 17.2312882180
  0.1004000000	  0.1355260982	 17.7738131219
  0.0882000000	  0.1153210162	 18.2818288977
  0.1010000000	  0.1422123746	 17.8686919547
  0.0938000000	  0.1149600264	 19.0564013461
  0.0928000000	  0.1336695394	 18.6932642130
  0.0925000000	  0.1282809930	 17.1897674385
  0.0992000000	  0.1258366974	 17.7480151149
  0.0973000000	  0.1357697292	 17.6959884110
  0.1076000000	  0.1546506717	 19.7689938867
  0.0965000000	  0.1383206676	 17.3088051121
  0.1091000000	  0.1619297110	 18.3694807665
  0.1076000000	  0.1379685531	 17.9302163239
  0.0964000000	  0.1340737347	 17.8061683036
  0.0976000000	  0.1273851790	 18.4424895632
  0.0915000000	  0.1293756413	 17.0993158182
  0.0982000000	  0.1390723662	 18.2867604182
  0.1064000000	  0.1341166489	 17.3648354464
  0.0990000000	  0.1466975524	 17.8150950198
  0.1013000000	  0.1418447083	 18.0988418054
  0.1025000000	  0.1361158968	 19.4693960246
  0.1002000000	  0.1435995995	 18.3581907757
  0.0993000000	  0.1290594423	 18.6612042506
  0.1029000000	  0.1379435397	 18.8508921493
  0.1001000000	  0.1705981308	 19.3583397082
  0.0890000000	  0.1185652160	 17.9240121901
  0.1051000000	  0.1399799571	 18.5130697539
  0.0927000000	  0.1293554810	 17.7892668484
  0.1004000000	  0.1420931850	 18.7713390118
  0.0980000000	  0.1408178713	 17.6964183452
  0.0977000000	  0.1399066377	 18.8337179023
  0.0941000000	  0.1308535514	 17.8038290670
  0.0961000000	  0.1299102425	 17.6638971685
  0.1044000000	  0.1389855218	 19.1544175551
  0.0993000000	  0.1341341762	 18.2727215044
  0.1043000000	  0.1424329315	 18.6158730405
  0.1000000000	  0.1390302859	 17.9689968822
  0.1040000000	  0.1483566972	 18.5406710954
  0.1020000000	  0.1407659292	 17.1400757657
  0.0949000000	  0.1503534726	 17.7143197765
  0.1023000000	  0.1291109287	 18.2178119021
  0.0987000000	  0.1406996862	 17.8359674919
  0.0956000000	  0.1411532660	 17.9547679892
  0.0983000000	  0.1455275262	 18.3779626530
  0.0994000000	  0.1526984004	 18.2790601075
  0.0957000000	  0.1296674745	 18.0761542980
  0.1051000000	  0.1455673771	 18.2673168943
  0.1003000000	  0.1421006594	 18.1702024017
  0.0980000000	  0.1367059676	 17.6451391013
  0.1020000000	  0.1560242679	 19.3632832231
  0.1011000000	  0.1399549882	 18.1052792553
  0.1024000000	  0.1501400131	 19.1507489644
  0.0998000000	  0.1493604832	 17.9964045038
  0.0949000000	  0.1269131040	 18.3646294698
  0.1030000000	  0.1430442302	 19.4280007559
  0.0999000000	  0.1388728416	 17.7743607281
  0.1024000000	  0.1488028239	 17.2005283363
  0.1092000000	  0.1567085794	 18.5664109481
  0.0885000000	  0.1250358887	 17.4610463364
  0.0967000000	  0.1419883516	 17.4915516481
  0.0956000000	  0.1332860706	 18.7554875226
  0.0995000000	  0.1281543909	 18.5565441658
  0.1051000000	  0.1415845145	 17.6847242432
  0.0975000000	  0.1333585621	 18.3860578076
  0.1019000000	  0.1332513582	 17.8993899788
  0.0941000000	  0.1217531430	 18.2719028569
  0.1090000000	  0.1623616360	 18.5710047427
  0.0996000000	  0.1424451146	 18.6136098208
  0.1018000000	  0.1311951622	 18.0630182826
  0.0947000000	  0.1280607700	 18.0745227891
  0.1055000000	  0.1460167947	 17.5907623625
  0.1035000000	  0.1511312354	 17.5479694734
  0.0939000000	  0.1191227525	 17.6469791857
  0.0922000000	  0.1214718907	 18.3290912659
  0.1041000000	  0.1424066364	 17.0546906003
  0.0987000000	  0.1447301295	 18.1108329044
  0.0964000000	  0.1301220627	 18.2014327486
  0.0950000000	  0.1294066412	 17.6747635516
  0.0952000000	  0.1295996161	 17.4624455885
  0.1035000000	  0.1505724454	 18.0165861264
  0.1029000000	  0.1491729735	 18.8255253873
  0.1083000000	  0.1575412006	 18.6873259842
  0.0994000000	  0.1413714297	 18.6663649071
  0.0999000000	  0.1452517747	 17.6567328175
  0.0944000000	  0.1429524065	 17.9536759967
  0.0992000000	  0.1437544345	 19.0367254014
  0.0980000000	  0.1410222651	 18.7834072883
  0.1036000000	  0.1340129199	 19.3040633824
  0.0965000000	  0.1251397197	 18.7177600079
  0.0968000000	  0.1435394456	 18.7962130957
  0.0951000000	  0.1471372803	 17.6463744025
  0.0978000000	  0.1277417415	 17.5372245160
  0.1014000000	  0.1410132066	 19.2815628007
  0.1048000000	  0.1515134190	 19.2990131945
  0.0926000000	  0.1265928978	 17.6570477200
  0.1001000000	  0.1383178519	 18.5387051408
  0.0940000000	  0.1300002466	 18.1171002666
  0.1005000000	  0.1314159956	 17.9390134159
  0.1037000000	  0.1352096611	 18.4573341428
  0.1002000000	  0.1384858869	 18.0400984721
  0.0993000000	  0.1398887743	 18.2824142173
  0.1061000000	  0.1505024605	 20.2531611245
  0.1036000000	  0.1327940530	 18.2041124696
  0.0983000000	  0.1388001624	 17.6104005101
  0.0986000000	  0.1314455430	 17.4955218474
  0.0998000000	  0.1357222184	 17.8632876568
  0.1015000000	  0.1383381580	 17.5477583842
  0.1018000000	  0.1383854901	 18.1921582972
  0.0952000000	  0.1289749628	 18.1147164861
  0.1032000000	  0.1398148250	 18.9707252464
  0.1015000000	  0.1325726043	 19.5894762308
  0.0918000000	  0.1219267094	 18.7386655540
  0.1013000000	  0.1354490612	 17.7012380764
  0.1044000000	  0.1700988614	 18.7605707599
  0.0942000000	  0.1384262864	 17.5420627706
  0.0993000000	  0.1268021606	 17.7296225829
  0.1025000000	  0.1502298662	 18.0609715592
  0.1097000000	  0.1503244578	 18.6026432179
  0.1090000000	  0.1361707340	 17.7140386416
  0.1023000000	  0.1616876033	 18.8011741664
  0.1055000000	  0.1525430643	 18.4013751091
  0.0925000000	  0.1240201874	 18.2255914230
  0.0908000000	  0.1199584305	 17.3921995942
  0.0893000000	  0.1148831008	 17.4910598129
  0.1093000000	  0.1504602453	 18.2831483130
  0.0966000000	  0.1253819863	 18.1576485920
  0.0966000000	  0.1410540800	 18.1038814974
  0.1035000000	  0.1322690800	 17.5791179973
  0.0923000000	  0.1205590781	 18.2928278930
  0.1010000000	  0.1455140917	 18.8575742969
  0.1031000000	  0.1425575185	 18.5370034248
  0.0976000000	  0.1327560024	 18.6930681007
  0.0954000000	  0.1226925556	 18.4733157933
  0.0935000000	  0.1289477531	 17.7318680476
  0.1060000000	  0.1543669521	 18.5966376338
  0.1003000000	  0.1317901968	 18.5206782506
  0.1066000000	  0.1438017318	 17.9318089630
  0.1003000000	  0.1431014829	 19.9904020499
  0.1014000000	  0.1391069826	 18.3571851567
  0.0915000000	  0.1325200933	 17.0894909369
  0.1007000000	  0.1366174691	 17.7547415970
  0.1052000000	  0.1560167817	 18.6631427307
  0.1074000000	  0.1508440792	 18.7734491473
  0.0931000000	  0.1300177768	 18.6174146694
  0.0937000000	  0.1435947379	 18.0393502187
  0.1042000000	  0.1426906899	 19.3400649084
  0.0980000000	  0.1244400237	 17.4295098513
  0.1028000000	  0.1607702510	 18.3890438557
  0.0895000000	  0.1417906326	 17.7541761786
  0.0917000000	  0.1304636121	 17.6198947877
  0.1036000000	  0.1421770268	 17.8260529371
  0.0971000000	  0.1468682593	 19.0650532300
  0.1062000000	  0.1445627546	 18.6312832274
  0.0949000000	  0.1513378812	 17.4864718294
  0.1053000000	  0.1574189762	 17.8413226043
  0.1055000000	  0.1494127647	 18.7650919757
  0.0985000000	  0.1221013455	 17.7305638036
  0.1014000000	  0.1330657791	 17.2762411419
  0.0911000000	  0.1216197033	 17.6941303599
  0.1130000000	  0.1539001099	 19.0061833774
  0.1031000000	  0.1503523936	 18.2258703364
  0.0976000000	  0.1499221254	 19.1191687061
  0.1055000000	  0.1430200488	 18.4800929603
  0.0977000000	  0.1377354747	 18.4354960608
  0.1016000000	  0.1497424940	 17.8048988964
  0.1030000000	  0.1317305979	 19.3881538952
  0.0981000000	  0.1387492242	 17.2735175961
  0.0979000000	  0.1501040641	 17.6420098061
  0.1030000000	  0.1546629748	 19.6530289216
  0.1103000000	  0.1451779541	 19.0520625866
  0.0980000000	  0.1402454962	 19.2065228838
  0.1016000000	  0.1426565580	 18.4569129728
  0.0950000000	  0.1393045801	 18.8756936068
  0.1017000000	  0.1588790949	 17.9451791538
  0.1097000000	  0.1635393951	 17.9757176399
  0.1043000000	  0.1381421496	 18.2409164112
  0.0983000000	  0.1436777096	 17.5972918827
  0.1008000000	  0.1395509580	 18.6973600417
  0.0867000000	  0.1050164653	 18.0256735536
  0.1092000000	  0.1568758552	 18.9254102073
  0.0960000000	  0.1169610415	 17.9785380587
  0.0947000000	  0.1294816650	 17.5646477354
  0.0993000000	  0.1224457178	 17.8298430759
  0.0889000000	  0.1149103556	 18.0922783256
  0.1014000000	  0.1628065649	 18.2924522827
  0.0927000000	  0.1230905948	 18.1797577836
  0.1106000000	  0.1658952208	 17.9901737013
  0.1062000000	  0.1592840769	 19.2782997331
  0.0916000000	  0.1304646306	 18.2285229970
  0.1011000000	  0.1409259438	 18.4456422079
  0.0983000000	  0.1181801508	 17.8786367068
  0.0882000000	  0.1173309065	 17.4279038334
  0.0937000000	  0.1317729825	 16.4981080951
  0.1008000000	  0.1354871620	 19.3548375598
  0.0946000000	  0.1289838478	 18.0882974568
  0.1024000000	  0.1284491896	 19.5587321257
  0.1004000000	  0.1484900629	 19.2579174861
  0.1065000000	  0.1444766786	 18.9244759440
  0.0944000000	  0.1243513725	 18.6557300272
  0.0962000000	  0.1381921680	 18.0578329942
  0.1001000000	  0.1422759058	 18.0697423561
  0.1012000000	  0.1367449477	 18.3463630872
  0.1000000000	  0.1501389038	 18.1931260384
  0.0989000000	  0.1324578097	 18.1367549719
  0.1007000000	  0.1369420629	 18.2820286503
  0.0973000000	  0.1209694098	 17.5082093167
  0.0975000000	  0.1201147465	 17.4616604892
  0.0946000000	  0.1285052909	 18.1714208637
  0.0999000000	  0.1325691565	 17.5337746583
  0.1026000000	  0.1447520973	 19.1207129089
  0.1047000000	  0.1432042648	 17.0100239835
  0.1050000000	  0.1521798358	 19.0317691922
  0.0954000000	  0.1357721472	 17.9877875533
  0.0960000000	  0.1402124903	 17.5731725408
  0.0889000000	  0.1069827812	 18.3927495099
  0.0962000000	  0.1295716472	 18.1095502033
  0.0971000000	  0.1237108840	 18.1637062459
  0.1092000000	  0.1612935608	 18.4866414045
  0.0931000000	  0.1306423878	 17.8546086224
  0.0943000000	  0.1225200369	 17.5792176359
  0.0970000000	  0.1303926820	 18.4356471933
  0.1034000000	  0.1436697148	 18.4665671804
  0.0956000000	  0.1314002694	 17.8600064186
  0.0956000000	  0.1284503913	 17.3073283411
  0.0984000000	  0.1391084897	 17.7390005976
  0.0969000000	  0.1346491221	 18.3993834637
  0.0957000000	  0.1519110613	 17.8499984797
  0.1029000000	  0.1456050016	 18.3408073170
  0.0996000000	  0.1377972565	 18.1912957482
  0.1076000000	  0.1625964208	 18.9640881747
  0.1096000000	  0.1522900578	 18.3094076138
  0.1021000000	  0.1642534102	 18.1332830628
  0.0954000000	  0.1326962658	 18.7619069495
  0.1042000000	  0.1399173412	 18.3915608869
  0.1019000000	  0.1647816158	 18.8667822552
  0.1085000000	  0.1479769552	 17.9669963137
  0.1001000000	  0.1515503240	 18.1948454835
  0.1038000000	  0.1344775423	 17.2324710492
  0.0995000000	  0.1572978907	 17.8302621850
  0.0930000000	  0.1215726420	 17.6268271979
  0.0944000000	  0.1338691912	 18.5721053133
  0.1078000000	  0.1491521919	 18.3096208286
  0.0963000000	  0.1348355487	 17.3079109914
  0.1113000000	  0.1585713281	 18.3669107897
  0.1030000000	  0.1378880579	 18.4564325040
  0.0995000000	  0.1404215217	 18.4508704858
  0.1042000000	  0.1578713212	 18.1706991728
  0.0893000000	  0.1121557039	 17.3052777374
  0.0902000000	  0.1272711941	 18.0735156854
  0.0982000000	  0.1505016768	 18.6162964968
  0.0938000000	  0.1296434775	 17.7503677833
  0.1082000000	  0.1590037640	 18.6323728237
  0.1119000000	  0.1470877317	 19.7924272239
  0.0989000000	  0.1350599110	 18.3078256119
  0.0958000000	  0.1356432555	 18.7443814787
  0.1050000000	  0.1494891545	 17.9144259941
  0.1158000000	  0.1641962566	 19.3577728402
  0.1091000000	  0.1379876031	 18.3892336416
  0.1063000000	  0.1555245000	 18.3006248608
  0.0938000000	  0.1319089891	 18.2830085744
  0.1098000000	  0.1649504069	 17.8725516236
  0.1138000000	  0.1619555051	 18.9305090783
  0.0997000000	  0.1402686586	 17.4219777464
  0.1127000000	  0.1607872112	 19.7160538537
  0.1012000000	  0.1384960537	 18.4065420597
  0.1084000000	  0.1374471378	 17.8626386013
  0.1010000000	  0.1467395352	 17.5303345926
  0.0947000000	  0.1297359434	 17.9206270778
  0.1050000000	  0.1498979675	 18.8271908563
  0.0970000000	  0.1351814915	 18.7406462354
  0.1053000000	  0.1490724742	 17.9713815906
  0.0977000000	  0.1407411651	 18.0804743844
  0.1125000000	  0.1486760698	 18.7691142675
  0.1022000000	  0.1533076146	 18.3118895378
  0.1099000000	  0.1501296449	 18.3736003493
  0.1110000000	  0.1451201188	 18.5919154715
  0.1033000000	  0.1468620170	 18.3013284846
  0.0979000000	  0.1373871887	 18.3421403505
  0.1096000000	  0.1515997039	 18.1332755265
  0.1085000000	  0.1469745273	 19.1229374457
  0.1038000000	  0.1604589789	 18.5645220810
  0.0958000000	  0.1240968653	 18.3120942493
  0.0964000000	  0.1330448193	 19.6212318184
  0.1045000000	  0.1532536586	 18.7334349833
  0.0985000000	  0.1441462959	 18.0686156417
  0.0984000000	  0.1380081629	 16.8787015857
  0.0922000000	  0.1319293263	 17.6598123060
  0.0991000000	  0.1381662220	 18.3211597984
  0.1050000000	  0.1484462041	 17.7983803982
  0.0990000000	  0.1594781793	 18.1662391068
  0.0922000000	  0.1339052033	 18.4316958942
  0.1128000000	  0.1657200063	 18.8644357980
  0.1010000000	  0.1455884719	 19.2235974562
  0.1001000000	  0.1240549056	 19.6421597632
  0.0861000000	  0.1207940228	 17.3663241589
  0.0978000000	  0.1369629406	 17.9749781573
  0.1089000000	  0.1474148452	 18.4590280394
  0.0976000000	  0.1319126322	 18.7175887310
  0.0919000000	  0.1345816457	 18.0128622825
  0.1140000000	  0.1575948181	 18.4903178087
  0.1023000000	  0.1423811838	 20.1072106822
  0.0956000000	  0.1204311806	 17.7399492850
  0.0976000000	  0.1288088396	 18.8164768147
  0.0990000000	  0.1362000469	 19.6228218559
  0.1057000000	  0.1642185415	 19.1126660868
  0.1040000000	  0.1401263636	 18.1166994641
  0.1014000000	  0.1427084124	 17.8208875304
  0.1116000000	  0.1537291698	 18.8683813701
  0.0990000000	  0.1326497203	 18.3241409148
  0.0983000000	  0.1299613362	 18.3475338755
  0.1002000000	  0.1314473052	 18.0140683595
  0.1113000000	  0.1536246016	 19.1183036594
  0.0994000000	  0.1252726470	 18.9026785766
  0.1074000000	  0.1543274407	 17.8152308898
  0.0924000000	  0.1232002687	 17.9541034061
  0.1075000000	  0.1379745977	 18.0102413062
  0.1031000000	  0.1477705121	 17.8567182468
  0.1000000000	  0.1348981616	 17.5214115911
  0.0986000000	  0.1440819681	 18.0103692786
  0.0985000000	  0.1525185072	 18.5297379859
  0.1098000000	  0.1577512313	 17.7180318380
  0.1070000000	  0.1581322153	 18.2702089930
  0.1066000000	  0.1266147265	 17.5999982245
  0.1030000000	  0.1419420861	 18.7479158691
  0.1065000000	  0.1433395975	 19.1192427820
  0.0989000000	  0.1487651337	 18.1748122040
  0.1026000000	  0.1466507955	 19.2560806423
  0.0959000000	  0.1312912767	 17.7322159609
  0.0945000000	  0.1395265787	 17.7628467201
  0.0949000000	  0.1236420539	 17.8257926195
  0.0970000000	  0.1396961230	 19.5777657659
  0.1027000000	  0.1262648800	 18.5525100679
  0.0921000000	  0.1434563706	 17.9716351486
  0.1035000000	  0.1274595825	 18.3696326566
  0.0990000000	  0.1294196012	 17.4761220123
  0.0938000000	  0.1375288001	 17.8294537598
  0.0985000000	  0.1399541249	 19.3456036248
  0.0924000000	  0.1302666822	 18.2679646629
  0.1137000000	  0.1632061157	 19.0246737175
  0.1038000000	  0.1439597761	 17.9153123310
  0.0936000000	  0.1388327695	 18.2650419239
  0.0953000000	  0.1371650390	 19.1575539917
  0.1002000000	  0.1363304240	 18.8730566482
  0.0982000000	  0.1438136255	 17.7572726461
  0.1011000000	  0.1378062146	 18.1684607745
  0.0972000000	  0.1439897155	 17.3229422112
  0.0936000000	  0.1392785763	 18.2596107053
  0.1037000000	  0.1675375076	 18.0934749221
  0.1033000000	  0.1392791789	 18.2252357265
  0.0927000000	  0.1249135095	 17.9330073910
  0.0974000000	  0.1362527959	 18.5707407935
  0.0991000000	  0.1302466467	 18.0778776404
  0.1073000000	  0.1421247347	 17.7665135363
  0.0995000000	  0.1297872226	 17.3302212769
  0.1052000000	  0.1437362713	 18.8805036674
  0.1022000000	  0.1339226200	 18.2486665339
  0.0991000000	  0.1485740605	 17.5182909532
  0.0986000000	  0.1292454008	 19.3199931874
  0.1118000000	  0.1568081028	 17.9929778077
  0.0971000000	  0.1310462406	 18.2650929066
  0.0993000000	  0.1367902928	 17.1995201563
  0.0940000000	  0.1343393752	 18.4101729714
  0.1007000000	  0.1431142034	 18.6648618442
  0.1000000000	  0.1586596369	 17.8148106695
  0.0957000000	  0.1225104711	 17.5832569724
  0.0995000000	  0.1398951613	 17.2190536504
  0.1011000000	  0.1354481413	 19.0481959388
  0.0990000000	  0.1389076321	 18.0635457188
  0.1069000000	  0.1354384350	 18.9696100506
  0.0991000000	  0.1388319302	 17.8780403751
  0.0963000000	  0.1479242203	 17.7057968007
  0.0881000000	  0.1098252171	 18.3573679834
  0.1077000000	  0.1495455699	 19.2075078663
  0.1011000000	  0.1515580903	 17.5001074500
  0.0906000000	  0.1284146921	 18.7427651767
  0.0989000000	  0.1375028256	 18.2343089216
  0.1044000000	  0.1603588945	 18.5051355262
  0.1079000000	  0.1488705003	 18.6589601392
  0.0999000000	  0.1480776257	 19.1521464695
  0.1023000000	  0.1455991154	 18.2667144488
  0.0879000000	  0.1315518493	 19.0641762143
  0.0955000000	  0.1370531511	 17.4363970466
  0.1022000000	  0.1450640612	 17.3972340798
  0.0962000000	  0.1278332701	 17.9368440107
  0.1018000000	  0.1538946359	 18.7605650066
  0.1017000000	  0.1555622853	 16.9856738970
  0.0958000000	  0.1281409549	 17.5606686339
  0.0989000000	  0.1305119840	 18.0266206017
  0.0957000000	  0.1230881296	 18.3603899643
  0.1053000000	  0.1443685593	 18.4598680978
  0.1101000000	  0.1566243351	 17.5174393114
  0.0959000000	  0.1222940104	 18.5635963148
  0.1064000000	  0.1481361338	 18.8676495505
  0.0907000000	  0.1152968234	 18.4450437803
  0.0970000000	  0.1302530713	 18.4999780470
  0.0993000000	  0.1351817003	 18.5243947375
  0.0947000000	  0.1298320166	 18.3540526047
  0.0922000000	  0.1194573200	 18.0131547446
  0.1049000000	  0.1563504146	 17.4623183131
  0.1014000000	  0.1408737438	 18.4069139182
  0.1000000000	  0.1337022580	 18.8313104634
  0.0991000000	  0.1355068354	 17.3252523621
  0.0896000000	  0.1136020959	 17.3374818740
  0.1159000000	  0.1697490608	 18.5595812798
  0.1063000000	  0.1478194744	 18.3849448099
  0.1041000000	  0.1494217890	 17.9570813825
  0.0942000000	  0.1436414181	 17.5484730406
  0.1079000000	  0.1535561314	 18.6533388596
  0.0948000000	  0.1358589585	 17.6773492766
  0.0904000000	  0.1319817134	 18.5606332862
  0.0967000000	  0.1560215682	 18.3354900255
  0.0941000000	  0.1164071872	 18.5964302675
  0.0981000000	  0.1512053695	 18.3043663459
  0.1018000000	  0.1431109064	 17.8900125286
  0.1038000000	  0.1488298091	 18.2686254076
  0.1012000000	  0.1533920118	 18.8027336729
  0.0917000000	  0.1361841227	 17.1526552357
  0.0979000000	  0.1247795053	 18.5544915376
  0.1007000000	  0.1368150773	 18.3172601646
  0.0934000000	  0.1277252257	 18.4883457461
  0.0941000000	  0.1366571673	 17.7338269599
  0.0968000000	  0.1440614559	 17.8694505258
  0.0914000000	  0.1317361869	 18.0021863014
  0.1082000000	  0.1290591553	 18.5627208509
  0.1092000000	  0.1479637554	 18.5519733044
  0.1006000000	  0.1436546692	 18.2347838128
  0.1041000000	  0.1448353442	 18.2920417300
  0.0975000000	  0.1348646663	 17.6495417571
  0.1059000000	  0.1374561497	 18.2654613137
  0.1005000000	  0.1521886573	 18.0364026972
  0.0940000000	  0.1217496461	 17.4656208578
  0.1040000000	  0.1441087654	 19.0981184034
  0.1037000000	  0.1467805126	 18.0949979707
  0.1004000000	  0.1239474855	 18.2207910377
  0.1055000000	  0.1509802227	 18.3332112318
  0.0968000000	  0.1207667182	 16.5735182346
  0.1038000000	  0.1476453249	 17.7944399670
  0.1015000000	  0.1660958842	 18.7268505164
  0.0946000000	  0.1205514985	 18.2957475394
  0.0978000000	  0.1230578243	 18.1627596039
  0.1045000000	  0.1419291481	 18.4703267533
  0.0907000000	  0.1326947905	 17.6678583175
  0.1015000000	  0.1499169170	 18.8377636937
  0.0928000000	  0.1342942057	 17.3623494157
  0.0924000000	  0.1394569397	 18.0531521201
  0.1007000000	  0.1335610494	 17.5491455201
  0.1012000000	  0.1494546089	 17.8903930945
  0.0920000000	  0.1345827072	 17.3977606074
  0.1016000000	  0.1261900389	 17.9019017733
  0.0964000000	  0.1282935252	 18.8976010613
  0.0942000000	  0.1465060820	 18.3983348919
  0.0908000000	  0.1357377377	 16.8237713666
  0.1068000000	  0.1588872541	 17.0738646083
  0.0941000000	  0.1288297141	 17.8166130047
  0.0921000000	  0.1254664948	 18.3095640037
  0.1061000000	  0.1470235998	 18.9362846479
  0.1019000000	  0.1384310292	 18.8493037409
  0.0998000000	  0.1362439855	 18.5766519357
  0.0985000000	  0.1400746989	 18.1679461379
  0.0931000000	  0.1376136531	 17.8040420992
  0.0978000000	  0.1260143859	 18.4729599737
  0.1099000000	  0.1409209765	 18.8719359810
  0.0996000000	  0.1396717842	 17.4999645565
  0.1030000000	  0.1488929121	 18.4729491077
  0.0984000000	  0.1444159406	 18.6382316490
  0.1032000000	  0.1392911293	 18.1871415147
  0.0919000000	  0.1260421045	 18.3634801870
  0.0944000000	  0.1232163814	 18.9336946389
  0.1069000000	  0.1497493947	 18.3498723907
  0.1079000000	  0.1525269472	 18.4703904068
  0.1059000000	  0.1361163479	 19.0665424284
  0.0975000000	  0.1314011962	 18.6364285896
  0.0987000000	  0.1590020701	 17.7558832350
  0.0978000000	  0.1396918096	 18.6603158476
  0.0972000000	  0.1439445722	 17.9966776664
  0.0886000000	  0.1265412611	 17.4449168125
  0.0977000000	  0.1370828619	 17.5460669939
  0.0951000000	  0.1386205266	 17.6027835305
  0.0942000000	  0.1362825367	 17.9723895745
  0.0938000000	  0.1284867049	 17.9751604101
  0.0985000000	  0.1174708106	 18.3762023607
  0.0985000000	  0.1346360421	 17.7882768878
  0.1015000000	  0.1511543695	 18.4061610390
  0.0981000000	  0.1433136785	 17.9108762491
  0.1045000000	  0.1398186154	 17.9708662248
  0.0900000000	  0.1169781192	 17.7306619846
  0.0978000000	  0.1325317024	 18.2120004621
  0.0964000000	  0.1325846652	 18.0216354816
  0.1033000000	  0.1326654301	 18.0221640115
  0.0950000000	  0.1273906827	 17.6862121917
  0.1017000000	  0.1405623197	 18.9175608454
  0.1016000000	  0.1305699921	 18.4553896367
  0.1045000000	  0.1454544809	 17.7744331346
  0.0983000000	  0.1305182160	 16.9569566777
  0.1030000000	  0.1450194750	 17.9278889688
  0.0989000000	  0.1497882361	 17.2848226076
  0.0998000000	  0.1354948433	 18.2323659026
  0.1005000000	  0.1447087456	 18.1169588134
  0.1107000000	  0.1523767610	 18.4117680597
  0.0949000000	  0.1476338541	 18.1277005248
  0.0943000000	  0.1378228985	 18.3643654174
  0.0989000000	  0.1587027886	 18.7451668762
  0.0995000000	  0.1289019169	 17.7467715778
  0.1013000000	  0.1306232822	 18.4290953804
  0.0983000000	  0.1342542942	 18.0408918907
  0.0983000000	  0.1313165481	 18.2710361877
  0.1090000000	  0.1659454898	 18.7054363140
  0.1033000000	  0.1489316046	 18.1192218241
  0.0958000000	  0.1276900794	 18.3931899036
  0.1002000000	  0.1416679816	 18.3059327193
  0.1041000000	  0.1433351491	 18.4160570875
  0.1006000000	  0.1472082242	 18.4496566313
  0.1185000000	  0.1566209987	 18.7654002313
  0.1063000000	  0.1396087379	 19.6457900596
  0.1091000000	  0.1455282351	 17.8729642590
  0.1069000000	  0.1503396563	 18.2075689760
  0.0940000000	  0.1364000893	 18.5674885791
  0.1040000000	  0.1276707324	 18.4429308118
  0.1046000000	  0.1392502687	 17.8299173513
  0.1093000000	  0.1458328335	 18.2538246990
  0.1038000000	  0.1455654775	 17.8391245687
  0.0991000000	  0.1473302193	 18.4519194442
  0.0982000000	  0.1399367948	 18.2965786911
  0.1003000000	  0.1444312724	 17.5682702317
  0.0970000000	  0.1390770473	 18.8208595083
  0.0974000000	  0.1280726275	 17.7004888191
  0.1012000000	  0.1444889196	 18.2325111840
  0.0999000000	  0.1318366660	 18.4200379430
  0.0978000000	  0.1309782251	 18.0090613125
  0.1030000000	  0.1444669883	 18.2635971152
  0.0987000000	  0.1290457674	 18.1516247505
  0.0950000000	  0.1201991949	 17.0092464994
  0.1038000000	  0.1539182149	 18.4930245722
  0.1037000000	  0.1499982213	 18.2704309877
  0.0866000000	  0.1256454884	 17.4994294400
  0.0926000000	  0.1192686899	 18.2781107904
  0.0999000000	  0.1592616594	 17.6439615008
  0.1098000000	  0.1623762690	 18.3415479378
  0.1081000000	  0.1571999903	 18.5341767241
  0.1017000000	  0.1298529500	 18.6193890195
  0.1026000000	  0.1365881164	 18.2926873041
  0.1030000000	  0.1219460497	 18.3759760364
  0.1070000000	  0.1547906581	 18.0085924556
  0.0887000000	  0.1114559713	 17.4037326993
  0.0978000000	  0.1304652393	 17.6394956164
  0.1002000000	  0.1467069187	 17.9347740745
  0.0897000000	  0.1219376272	 17.5987638767
  0.1021000000	  0.1434895031	 18.6017934265
  0.1041000000	  0.1688880210	 19.6244115845
  0.0930000000	  0.1350603873	 17.8567320906
  0.1019000000	  0.1410545548	 18.5313750329
  0.1017000000	  0.1302950346	 18.2742391815
  0.0976000000	  0.1465983198	 18.8516711732
  0.1001000000	  0.1405093822	 17.2463947161
  0.0984000000	  0.1362278211	 17.8215879375
  0.1006000000	  0.1259368938	 18.1657106315
  0.1161000000	  0.1614460470	 18.3452892659
  0.1022000000	  0.1540772994	 18.4952944196
  0.0946000000	  0.1403193960	 17.8094911757
  0.0923000000	  0.1251568337	 18.6402903554
  0.1025000000	  0.1430755397	 17.3694821794
  0.0998000000	  0.1430791366	 18.0380535157
  0.1005000000	  0.1286287452	 19.4941282160
  0.1029000000	  0.1400595257	 18.6762296720
  0.1008000000	  0.1326146492	 17.9033333131
  0.1091000000	  0.1583748919	 18.3591564609
  0.1007000000	  0.1541316172	 18.4000785647
  0.0902000000	  0.1336560366	 18.4379757301
  0.0944000000	  0.1250428342	 17.8949465333
  0.1016000000	  0.1395749311	 18.5313197618
  0.1000000000	  0.1371575201	 19.2713585662
  0.1028000000	  0.1446929343	 18.4736268915
  0.1094000000	  0.1578380605	 18.8011884782
  0.1007000000	  0.1573271515	 18.4463931818
  0.1001000000	  0.1499847484	 18.4158079977
  0.1011000000	  0.1474698226	 18.3406262502
  0.0959000000	  0.1316214423	 18.1109540924
  0.1007000000	  0.1337469779	 19.1192226074
  0.1052000000	  0.1382538404	 19.0604692355
  0.0972000000	  0.1228952436	 17.4467832755
  0.0916000000	  0.1209801723	 18.1090843093
  0.0961000000	  0.1314913789	 17.0150207119
  0.1016000000	  0.1351349168	 18.8665884096
  0.1037000000	  0.1390786383	 18.6489039344
  0.1019000000	  0.1481698487	 17.8900175619
  0.1049000000	  0.1339564959	 18.3606432024
  0.0992000000	  0.1303048618	 18.1219069912
  0.1018000000	  0.1527821778	 17.4907723134
  0.0969000000	  0.1228845089	 17.9222829061
  0.0948000000	  0.1197480592	 17.9662076950
  0.1015000000	  0.1491971760	 18.6146877061
  0.1064000000	  0.1571691847	 16.9268421225
  0.1040000000	  0.1291987558	 17.6811912214
  0.0994000000	  0.1301096754	 18.5514026632
  0.0894000000	  0.1191342864	 17.8020653262
  0.1028000000	  0.1456695295	 18.5327266412
  0.0929000000	  0.1165447132	 18.4859290277
  0.0947000000	  0.1303223864	 17.3959966239
  0.1086000000	  0.1485972408	 18.1164626958
  0.0897000000	  0.1323994248	 17.4897921062
  0.1049000000	  0.1419920865	 18.4245863100
  0.0992000000	  0.1389045521	 18.0338124420
  0.0920000000	  0.1307433422	 17.8980874847
  0.0983000000	  0.1362187617	 17.9269513907
  0.0960000000	  0.1332977765	 18.3978808010
  0.1114000000	  0.1529951385	 18.4409356732
  0.1122000000	  0.1447097939	 18.5176785217
  0.1085000000	  0.1606338366	 18.6762053807
  0.1024000000	  0.1619665588	 18.3242235390
  0.0986000000	  0.1349747641	 17.8216331715
  0.1015000000	  0.1366910750	 18.1544952671
  0.0947000000	  0.1248868891	 16.9111534973
  0.1079000000	  0.1398441586	 19.2487777157
  0.1010000000	  0.1411008182	 18.0487465037
  0.1111000000	  0.1541469760	 19.0821698037
  0.1070000000	  0.1509413116	 19.6989225955
  0.1048000000	  0.1507243051	 17.9719757040
  0.1173000000	  0.1767309330	 18.6096366961
  0.1058000000	  0.1590286683	 17.7235575630
  0.0993000000	  0.1205381632	 17.9631366557
  0.1043000000	  0.1323627664	 17.7417467490
  0.1053000000	  0.1452829342	 19.1371632016
  0.0922000000	  0.1271939787	 16.7673783027
  0.1153000000	  0.1663132167	 18.4565173647
  0.0967000000	  0.1311313245	 18.3981991048
  0.0960000000	  0.1239505910	 18.0886145692
  0.1037000000	  0.1535400083	 18.8099946233
  0.1080000000	  0.1726487695	 18.3918473007
  0.0952000000	  0.1250550399	 19.0181874965
  0.1007000000	  0.1369379258	 18.6128811526
  0.1058000000	  0.1598258394	 17.9228337662
  0.0995000000	  0.1399034357	 18.8573445230
  0.0903000000	  0.1253365007	 19.1458245291
  0.1045000000	  0.1263851040	 17.4941821689
  0.1029000000	  0.1532511829	 18.1544789669
  0.1028000000	  0.1341159255	 18.1961581753
  0.1052000000	  0.1445903589	 18.5348007639
  0.0959000000	  0.1301490916	 18.0241088131
  0.0928000000	  0.1296818825	 18.8714000462
  0.0977000000	  0.1313517292	 18.3028331905
  0.0992000000	  0.1366391699	 18.5802843893
  0.0913000000	  0.1212415759	 17.4745928117
  0.1043000000	  0.1449962691	 18.0051897285
  0.1002000000	  0.1383197383	 17.6249254243
  0.0936000000	  0.1349124938	 17.8945291667
  0.0988000000	  0.1353284457	 18.7203744383
  0.1059000000	  0.1449377616	 19.1741839668
  0.1135000000	  0.1588794359	 18.4361561198
  0.0803000000	  0.1047620131	 18.7748178307
  0.0961000000	  0.1631966805	 18.6737523308
  0.1062000000	  0.1397104341	 18.2434256019
  0.1054000000	  0.1473442798	 18.7444568889
  0.1008000000	  0.1452942411	 18.9539975428
  0.1013000000	  0.1306104176	 18.3834928662
  0.0920000000	  0.1357257242	 17.2133541074
  0.1001000000	  0.1371945090	 18.4434723160
  0.1028000000	  0.1433394109	 18.2595631285
  0.1117000000	  0.1575550719	 17.8862130789
  0.0940000000	  0.1278380375	 17.3199208726
  0.0990000000	  0.1384455845	 17.4724000602
  0.1009000000	  0.1499971345	 18.4533263953
  0.1095000000	  0.1579291649	 17.7080475540
  0.1056000000	  0.1353209818	 17.8493273687
  0.0991000000	  0.1253082118	 17.8669504998
  0.1117000000	  0.1430962325	 18.8782448466
  0.1015000000	  0.1398440004	 17.5353853396
  0.1154000000	  0.1524711708	 19.1139927304
  0.1086000000	  0.1481061715	 19.7055833825
  0.1014000000	  0.1486499822	 18.0606127110
  0.1108000000	  0.1575395915	 18.5209080985
  0.0995000000	  0.1316293062	 19.3846306732
  0.1031000000	  0.1451041985	 18.0615574608
  0.0882000000	  0.1328975436	 17.9503451639
  0.1079000000	  0.1432243970	 17.8507697135
  0.0964000000	  0.1508187418	 18.0195326078
  0.1008000000	  0.1504394388	 19.1569402130
  0.0911000000	  0.1452542100	 18.2000519138
  0.1087000000	  0.1591496234	 18.8261931601
  0.0946000000	  0.1437308170	 17.5941396796
  0.1004000000	  0.1323991606	 19.3227413018
  0.0931000000	  0.1330069060	 17.6191887188
  0.0948000000	  0.1363551073	 19.3112508242
  0.0891000000	  0.1334979005	 18.0443935741
  0.0913000000	  0.1225177008	 17.6591262994
  0.0996000000	  0.1369234598	 18.4864065987
  0.0978000000	  0.1499391421	 17.8947033804
  0.0977000000	  0.1263132255	 17.7922274537
  0.0995000000	  0.1362263892	 18.2688254949
  0.1084000000	  0.1557265778	 19.0824999076
  0.0998000000	  0.1338829684	 18.1613332902
  0.1025000000	  0.1505708846	 18.5987623993
  0.0980000000	  0.1277113258	 17.8633201376
  0.1001000000	  0.1438185829	 19.0070853669
  0.0985000000	  0.1419176294	 18.6073642799
  0.0922000000	  0.1355736326	 18.8555856968
  0.1028000000	  0.1578235731	 18.0181954559
  0.0936000000	  0.1234375184	 18.7533221045
  0.0891000000	  0.1221493569	 17.1187135915
  0.0996000000	  0.1393579920	 17.4627499412
  0.0998000000	  0.1393982422	 18.4011620195
  0.0921000000	  0.1361318268	 18.6561999916
  0.0974000000	  0.1408700666	 18.8317362160
  0.0963000000	  0.1245695947	 18.1984906215
  0.1167000000	  0.1548550345	 19.1350984369
  0.0975000000	  0.1375149733	 18.1984882879
  0.0907000000	  0.1219881994	 17.6464383174
  0.1118000000	  0.1539783741	 19.2040153102
  0.1018000000	  0.1522696383	 19.6446931963
  0.0933000000	  0.1303255173	 17.4249433301
  0.0963000000	  0.1391381377	 18.0565113051
  0.0965000000	  0.1273853430	 18.8038303111
  0.0972000000	  0.1420540835	 18.5831976631
  0.0977000000	  0.1278167726	 17.8126136933
  0.1068000000	  0.1521742337	 18.1035765909
  0.0928000000	  0.1093431781	 17.4875549845
  0.1062000000	  0.1411227777	 18.4215447429
  0.1051000000	  0.1570778704	 18.5707189464
  0.0998000000	  0.1302138489	 18.4196535778
  0.0963000000	  0.1414304971	 18.5782942593
  0.1022000000	  0.1445558490	 18.0992875770
  0.1025000000	  0.1384393715	 18.4564094934
  0.0930000000	  0.1259770706	 18.2549207972
  0.1014000000	  0.1322407741	 17.6125218350
  0.1048000000	  0.1446348325	 18.1096486218
  0.0937000000	  0.1487956592	 17.4425111444
  0.0921000000	  0.1237976701	 18.2128982030
  0.1054000000	  0.1447137684	 17.3933514413
  0.1061000000	  0.1490963164	 18.0978050214
  0.0932000000	  0.1339044044	 17.6589227331
  0.1096000000	  0.1515522478	 19.6000456358
  0.1068000000	  0.1505709848	 18.1300601015
  0.1037000000	  0.1396601457	 18.4598720961
  0.1027000000	  0.1457429068	 17.4984936037
  0.0924000000	  0.1450026150	 17.5347716234
  0.1091000000	  0.1487321355	 18.4215800866
  0.0997000000	  0.1438158758	 18.5977669211
  0.0961000000	  0.1275893981	 17.5516125620
  0.0948000000	  0.1300585404	 16.7405470708
  0.0945000000	  0.1269910149	 18.0313523101
  0.1039000000	  0.1455527140	 18.5909819254
  0.0992000000	  0.1463409807	 18.8335955206
  0.1029000000	  0.1395683550	 18.0153185312
  0.1048000000	  0.1462130318	 18.2968433578
  0.1155000000	  0.1777538622	 18.9422098869
  0.0962000000	  0.1143872567	 17.5255672102
  0.1094000000	  0.1506251181	 18.7237809413
  0.0960000000	  0.1329771956	 17.8574164748
  0.1024000000	  0.1426576404	 18.1819236307
  0.0929000000	  0.1396815043	 18.8226294221
  0.1029000000	  0.1471655126	 17.7808382999
  0.1004000000	  0.1250738871	 17.8746420114
  0.1122000000	  0.1793001943	 18.1867338384
  0.0953000000	  0.1353481722	 18.0145859550
  0.0976000000	  0.1340333205	 18.5422768894
  0.1046000000	  0.1207681388	 17.5994119124
  0.0924000000	  0.1255105250	 17.8842573961
  0.0960000000	  0.1304229747	 18.1018463476
  0.0963000000	  0.1399579748	 18.0315179361
  0.1124000000	  0.1606195542	 18.0050488219
  0.0996000000	  0.1402730352	 18.5011624893
  0.1015000000	  0.1444169176	 18.2240278276
  0.0944000000	  0.1176652665	 17.2831834233
  0.0947000000	  0.1299167951	 18.4898984559
  0.0958000000	  0.1305500132	 17.0760829807
  0.0995000000	  0.1378336733	 18.4671340275
  0.1012000000	  0.1527439620	 18.3252056038
  0.0918000000	  0.1171997401	 16.9811163621
  0.0959000000	  0.1427273095	 18.4823281076
  0.1016000000	  0.1419315601	 17.9565831419
  0.1107000000	  0.1645574591	 18.0697792362
  0.1038000000	  0.1300799420	 18.7958046312
  0.0950000000	  0.1299836658	 17.6341723230
  0.1005000000	  0.1450933365	 18.3796635625
  0.0934000000	  0.1233633148	 18.0291015478
  0.0961000000	  0.1231225286	 17.2968793114
  0.0977000000	  0.1303738050	 18.4642668784
  0.1020000000	  0.1451211765	 18.9089439276
  0.0942000000	  0.1378076049	 17.9060502095
  0.1027000000	  0.1369375680	 18.1677581352
  0.1045000000	  0.1470640467	 18.6793193788
  0.0881000000	  0.1239822180	 18.4191189821
  0.1081000000	  0.1500416885	 17.7942970286
  0.1000000000	  0.1363013235	 17.7962661787
  0.0988000000	  0.1244299522	 17.6425262318
  0.0929000000	  0.1273068666	 17.3961966223
  0.1040000000	  0.1441038955	 18.7595850985
  0.0964000000	  0.1268517755	 17.8446002088
  0.1002000000	  0.1237464250	 17.7990175637
  0.1077000000	  0.1382846498	 18.4252271428
  0.1031000000	  0.1450158591	 18.2901060253
  0.1041000000	  0.1577456031	 18.0522468020
  0.0984000000	  0.1451205454	 17.3824938898
  0.1025000000	  0.1409383444	 18.8528886023
  0.1023000000	  0.1538608036	 18.2886012359
  0.0986000000	  0.1346118863	 17.9965297702
  0.0990000000	  0.1474344739	 18.3691100734
  0.1034000000	  0.1418023421	 18.2496329881
  0.0995000000	  0.1422428419	 18.3448276625
  0.1030000000	  0.1447132214	 18.1293632965
  0.1033000000	  0.1613981710	 18.4241424705
  0.1011000000	  0.1467886997	 17.3363964148
  0.0960000000	  0.1480179149	 18.5556447145
  0.1026000000	  0.1391914175	 18.1936978796
  0.1054000000	  0.1313790372	 18.7758732198
  0.1060000000	  0.1352362759	 18.4042938406
  0.1012000000	  0.1521076140	 18.2628124968
  0.1005000000	  0.1275945256	 18.3705938137
  0.0988000000	  0.1335182252	 17.7202179889
  0.1057000000	  0.1423645182	 18.2112466168
  0.1072000000	  0.1557531356	 18.7525943637
  0.1055000000	  0.1472380474	 17.4973206178
  0.0943000000	  0.1309024378	 17.8169074067
  0.1030000000	  0.1388554220	 18.8219591410
  0.0939000000	  0.1275857727	 17.5701271027
  0.1006000000	  0.1508818850	 18.5263616120
  0.1053000000	  0.1519368047	 19.1457426348
  0.1024000000	  0.1454252785	 18.0922048571
  0.0992000000	  0.1361384276	 17.0655620551
  0.0959000000	  0.1335429108	 18.1073144126
  0.1036000000	  0.1305606616	 18.6042391864
  0.1001000000	  0.1293529573	 17.8391667435
  0.1059000000	  0.1508989716	 18.3495640358
  0.1039000000	  0.1624305068	 18.1116567022
  0.1028000000	  0.1322965081	 19.0108338396
  0.1073000000	  0.1573108958	 18.6104296147
  0.1006000000	  0.1435911923	 18.6585338698
  0.1031000000	  0.1562526521	 17.7138813631
  0.0970000000	  0.1550418091	 17.5857331141
  0.1037000000	  0.1448630165	 19.1092528175
  0.1030000000	  0.1508957043	 17.8498426181
  0.0958000000	  0.1165067885	 17.0501426808
  0.1036000000	  0.1504574787	 18.1415148765
  0.1061000000	  0.1372972817	 19.4085027146
  0.0919000000	  0.1318633597	 18.1505957686
  0.1022000000	  0.1260567017	 17.1945995162
  0.1017000000	  0.1333821061	 19.0532847124
  0.0913000000	  0.1306064179	 18.6699596604
  0.1021000000	  0.1346841226	 18.4091874238
  0.1061000000	  0.1549594742	 19.0552499057
  0.0985000000	  0.1429208818	 17.2402148553
  0.1039000000	  0.1445165738	 18.7250301108
  0.0925000000	  0.1303809780	 17.9156709340
  0.0996000000	  0.1471916033	 18.3697182739
  0.1034000000	  0.1543936280	 18.6460360380
  0.0984000000	  0.1227470085	 18.4083316726
  0.1045000000	  0.1396333610	 19.1565609931
  0.1036000000	  0.1402124274	 18.8301731316
  0.0991000000	  0.1373215614	 18.3963856173
  0.0965000000	  0.1514612682	 17.3142189609
  0.1019000000	  0.1502781960	 18.6363710633
  0.0969000000	  0.1180288234	 17.5142117388
  0.1012000000	  0.1390858190	 18.0381691451
  0.1104000000	  0.1386515289	 18.3796060751
  0.1097000000	  0.1527389205	 18.6349236276
  0.0990000000	  0.1277275535	 18.5362761283
  0.1116000000	  0.1514744497	 17.8907427069
  0.0960000000	  0.1429993147	 18.9703847427
  0.0918000000	  0.1294726434	 19.5472012304
  0.1022000000	  0.1454848375	 18.1205059160
  0.0989000000	  0.1426499329	 17.5379615599
  0.1037000000	  0.1527839338	 18.3600627330
  0.0951000000	  0.1269281133	 17.7839909934
  0.1059000000	  0.1467436698	 18.1080717132
  0.1038000000	  0.1422544504	 18.5680741017
  0.0972000000	  0.1209785892	 18.7701805249
  0.0858000000	  0.1230084701	 17.4892048456
  0.1109000000	  0.1469897845	 19.3560851481
  0.0888000000	  0.1256556818	 17.4741863612
  0.0990000000	  0.1511901696	 18.4689412650
  0.0923000000	  0.1462774610	 18.1481547756
  0.0946000000	  0.1230833183	 17.7438162403
  0.0850000000	  0.1143418827	 17.5326736547
  0.0954000000	  0.1394176349	 17.8248515753
  0.1059000000	  0.1582267500	 18.5063478519
  0.0898000000	  0.1383282360	 17.6764054360
  0.1030000000	  0.1548382916	 17.8436487578
  0.0990000000	  0.1352435005	 17.9493564912
  0.1040000000	  0.1392227036	 18.4837986937
  0.1065000000	  0.1374320353	 18.1722590675
  0.1008000000	  0.1343998883	 17.7796517964
  0.0893000000	  0.1191761462	 17.1089074986
  0.0981000000	  0.1380814487	 19.0427800988
  0.1042000000	  0.1417298866	 18.5428990156
  0.0923000000	  0.1286978586	 18.3533528193
  0.0969000000	  0.1227090664	 17.8311112309
  0.0974000000	  0.1288515780	 18.5003750417
  0.1086000000	  0.1632744058	 17.4816643213
  0.1018000000	  0.1223127909	 18.5639075901
  0.0992000000	  0.1361588858	 18.3810473199
  0.1042000000	  0.1497360360	 18.0174445909
  0.0944000000	  0.1324289811	 19.0677241565
  0.1036000000	  0.1309134924	 18.9906854787
  0.0944000000	  0.1214998452	 18.8479755856
  0.0974000000	  0.1299234592	 17.6129170826
  0.0910000000	  0.1239226422	 18.0148695600
  0.0995000000	  0.1292985056	 17.8454504028
  0.1017000000	  0.1489388289	 18.3957463920
  0.1028000000	  0.1463923218	 19.1526565037
  0.0966000000	  0.1311595521	 17.7215629211
  0.1077000000	  0.1430715713	 18.4690147806
  0.1039000000	  0.1492581561	 17.4788479797
  0.1072000000	  0.1458933414	 18.8048996480
  0.1021000000	  0.1330774104	 18.3660889655
  0.0979000000	  0.1362258979	 18.5808239677
  0.0924000000	  0.1378589084	 17.9444171922
  0.1004000000	  0.1425983416	 17.9620737545
  0.0945000000	  0.1337680558	 18.2440885155
  0.1114000000	  0.1516983955	 19.3349696980
  0.1067000000	  0.1599914457	 18.6159093981
  0.0954000000	  0.1293165348	 18.3626114100
  0.0917000000	  0.1398990221	 17.6626285499
  0.0891000000	  0.1254498322	 17.8657529750
  0.1057000000	  0.1491322988	 18.3706538248
  0.1008000000	  0.1453355339	 19.2697149850
  0.1052000000	  0.1402797391	 18.6109603116
  0.1015000000	  0.1388582845	 17.7063382443
  0.0951000000	  0.1328767021	 17.9640696816
  0.1034000000	  0.1511225481	 18.5694145289
  0.1043000000	  0.1675067162	 18.2540051987
  0.1031000000	  0.1372888414	 18.6406257126
  0.1055000000	  0.1540219519	 18.5790673923
  0.1091000000	  0.1507664401	 18.7146145950
  0.0961000000	  0.1276380460	 17.6406552226
  0.0928000000	  0.1229001608	 18.3284541547
  0.1066000000	  0.1537720995	 19.4068912255
  0.0949000000	  0.1261786595	 18.3516534681
  0.0958000000	  0.1295053375	 17.9786572886
  0.0993000000	  0.1441609216	 17.4754827512
  0.1100000000	  0.1606884217	 19.2516129754
  0.1126000000	  0.1606044467	 17.6311359103
  0.0906000000	  0.1280094540	 17.8755915312
  0.0982000000	  0.1356861217	 17.8070513535
  0.1015000000	  0.1444549371	 17.8842899292
  0.0980000000	  0.1334229218	 17.1713476725
  0.1009000000	  0.1432180440	 17.2971364087
  0.0970000000	  0.1320915428	 17.6978611014
  0.0980000000	  0.1380426251	 18.3667533947
  0.1073000000	  0.1345965297	 18.2669637292
  0.1036000000	  0.1355543593	 18.4279991590
  0.0933000000	  0.1310840850	 17.8606370540
  0.0935000000	  0.1329866323	 17.2172065179
  0.0911000000	  0.1364570293	 17.1282276901
  0.1092000000	  0.1463374841	 18.2851630881
  0.1013000000	  0.1433987863	 18.1234479060
  0.1060000000	  0.1462501349	 17.9165591664
  0.1026000000	  0.1416802203	 17.8578238484
  0.1057000000	  0.1475358422	 18.3095327194
  0.1023000000	  0.1367384687	 18.6638322066
