  0.0997000000	  0.1409811977	 18.0211040002
  0.0985000000	  0.1329716602	 18.2753625361
  0.1032000000	  0.1367924424	 18.2039871518
  0.0968000000	  0.1357413088	 17.8783942010
  0.1040000000	  0.1436136692	 18.0968051579
  0.1020000000	  0.1346098324	 18.1734694529
  0.0998000000	  0.1360056805	 18.3854475359
  0.1007000000	  0.1371578729	 18.0933801648
  0.1003000000	  0.1369050835	 18.2652530322
  0.1001000000	  0.1355933627	 18.2641913583
  0.1022000000	  0.1443873430	 18.1374293240
  0.1004000000	  0.1365409354	 18.0468074097
  0.0993000000	  0.1416239500	 18.3143750211
  0.0993000000	  0.1397896270	 17.9886456461
  0.0983000000	  0.1449268380	 18.1628240480
  0.0975000000	  0.1432562467	 18.0284293744
  0.0984000000	  0.1428654795	 18.3662579894
  0.0993000000	  0.1421548478	 18.2355713519
  0.1022000000	  0.1438664609	 18.2095987071
  0.0973000000	  0.1311974307	 18.0694067049
  0.0998000000	  0.1389871743	 18.1991233413
  0.1008000000	  0.1485992398	 17.7628622324
  0.1009000000	  0.1362790573	 18.4843609417
  0.0997000000	  0.1358061733	 17.9689959004
  0.0992000000	  0.1323261145	 18.3439988625
  0.1000000000	  0.1422221203	 18.0961200700
  0.1000000000	  0.1379965684	 18.2864626013
  0.1054000000	  0.1453240362	 18.1846937207
  0.1023000000	  0.1405868163	 18.0357617623
  0.1029000000	  0.1410234929	 18.4979909603
  0.0988000000	  0.1358271082	 18.2433459031
  0.1056000000	  0.1472132836	 18.2767948306
  0.0968000000	  0.1433446276	 18.1223995366
  0.0983000000	  0.1395570520	 17.9529062306
  0.0997000000	  0.1392479591	 18.2753199634
  0.1038000000	  0.1432717585	 18.0699575597
  0.1011000000	  0.1386581161	 18.1870057178
  0.1020000000	  0.1392257139	 18.1985474729
  0.1034000000	  0.1389123995	 17.9768352231
  0.0990000000	  0.1319902273	 18.2171720830
  0.1030000000	  0.1400028298	 18.2381223018
  0.1006000000	  0.1314902479	 17.9997603502
  0.1003000000	  0.1393186919	 18.3053314775
  0.0982000000	  0.1376605995	 18.2197242824
  0.0990000000	  0.1415821517	 18.0966643039
  0.1001000000	  0.1350227362	 18.2085304666
  0.0994000000	  0.1373745259	 18.4130080389
  0.0985000000	  0.1329285377	 18.1657978445
  0.0954000000	  0.1312963344	 18.1886969291
  0.0997000000	  0.1324101293	 18.1820108535
  0.0987000000	  0.1395396752	 18.3131059295
  0.0982000000	  0.1362808005	 18.3929731632
  0.0984000000	  0.1384926938	 18.0303125325
  0.1035000000	  0.1361967686	 18.2130833120
  0.0956000000	  0.1337177695	 18.0722413785
  0.1013000000	  0.1415606993	 18.3163590052
  0.0983000000	  0.1328256016	 18.2426329803
  0.0999000000	  0.1374992604	 18.4409919655
  0.0999000000	  0.1357047533	 18.0445976422
  0.0989000000	  0.1303830424	 18.1140733301
  0.0984000000	  0.1443297516	 18.0348683845
  0.0970000000	  0.1361567414	 17.8422210632
  0.0965000000	  0.1329561352	 18.0195063356
  0.0987000000	  0.1333861137	 18.1958511438
  0.0976000000	  0.1345332363	 18.3823259178
  0.0980000000	  0.1325974202	 18.4191605548
  0.1016000000	  0.1408250762	 18.4285999449
  0.0988000000	  0.1335476916	 18.5510208835
  0.1006000000	  0.1366175600	 18.3917391669
  0.0987000000	  0.1432847414	 18.1063460321
  0.1026000000	  0.1433709302	 18.2448631351
  0.1001000000	  0.1283682056	 18.2004030792
  0.1078000000	  0.1459564132	 18.0351233778
  0.0979000000	  0.1312385049	 18.1498389624
  0.1008000000	  0.1408532513	 18.2335368216
  0.0984000000	  0.1360663016	 18.0579035924
  0.0999000000	  0.1407681258	 18.2246466815
  0.0986000000	  0.1358384362	 18.1484252798
  0.0980000000	  0.1342803501	 18.1527746212
  0.1023000000	  0.1412869003	 18.0096340769
  0.0989000000	  0.1357084357	 18.1271023716
  0.0965000000	  0.1378391729	 18.2377697241
  0.1001000000	  0.1472747770	 18.2770310818
  0.1016000000	  0.1336759489	 18.4274542447
  0.1031000000	  0.1377581488	 17.9709101243
  0.1006000000	  0.1420621655	 18.1334569900
  0.1000000000	  0.1392928422	 18.1776703740
  0.1005000000	  0.1442137083	 18.1896220750
  0.0996000000	  0.1359827358	 18.0140638444
  0.1043000000	  0.1417668434	 18.1485728049
  0.1007000000	  0.1416233048	 18.2526854552
  0.0989000000	  0.1372932014	 18.4559593012
  0.0998000000	  0.1300578131	 18.3570866320
  0.1019000000	  0.1408811645	 18.2908660122
  0.0970000000	  0.1382510805	 18.2586327464
  0.1040000000	  0.1424449069	 18.2526000112
  0.0981000000	  0.1363230388	 18.0647061084
  0.1034000000	  0.1433207618	 18.3414943511
  0.0999000000	  0.1467474122	 18.2863901249
  0.1008000000	  0.1411792653	 18.2143819176
  0.0961000000	  0.1298056842	 18.0398747513
  0.1002000000	  0.1302051172	 18.1685981675
  0.1004000000	  0.1368709912	 18.1744571659
  0.1004000000	  0.1364290195	 18.0723978808
  0.1029000000	  0.1391440973	 18.1492526681
  0.1027000000	  0.1440543657	 18.1691695240
  0.0991000000	  0.1367588175	 18.4012385599
  0.0994000000	  0.1379271822	 18.5143809217
  0.1024000000	  0.1393939921	 18.0690257516
  0.0965000000	  0.1405580450	 18.2290576741
  0.1010000000	  0.1444238168	 18.1236513140
  0.0985000000	  0.1402396175	 18.1694418534
  0.1033000000	  0.1458166860	 18.3496120937
  0.0987000000	  0.1420488887	 18.1169064275
  0.1001000000	  0.1367870178	 18.1099095644
  0.0988000000	  0.1303477232	 18.1429913025
  0.1024000000	  0.1407265213	 18.0793504083
  0.0970000000	  0.1391448274	 18.3261986704
  0.0975000000	  0.1391591138	 18.1071222783
  0.1018000000	  0.1395350212	 18.0760097668
  0.0981000000	  0.1459570541	 18.0154821789
  0.1008000000	  0.1372955402	 18.1738995518
  0.1045000000	  0.1429656797	 18.2185836141
  0.0981000000	  0.1342285580	 17.9707881713
  0.0988000000	  0.1409462156	 18.3410799141
  0.0989000000	  0.1350255518	 18.2509068019
  0.1015000000	  0.1387986513	 18.3106013894
  0.0992000000	  0.1338768550	 18.2899074763
  0.1002000000	  0.1393272363	 18.2247506968
  0.1022000000	  0.1429599833	 18.0438506424
  0.0994000000	  0.1392478949	 18.1513879430
  0.0995000000	  0.1444008507	 18.2430100249
  0.0968000000	  0.1363841931	 18.1832017245
  0.1020000000	  0.1410836475	 18.4730774547
  0.0990000000	  0.1335354414	 18.1785882571
  0.1028000000	  0.1406355036	 18.2723073851
  0.1025000000	  0.1418319281	 18.1562456990
  0.1026000000	  0.1438569801	 18.3310634889
  0.0996000000	  0.1414819584	 18.2605441492
  0.0971000000	  0.1375695410	 18.1525382676
  0.0976000000	  0.1379913975	 18.3530732221
  0.1002000000	  0.1321750057	 18.2410559139
  0.0953000000	  0.1354803621	 18.1431076321
  0.0986000000	  0.1396906772	 18.3863675806
  0.1024000000	  0.1486925342	 18.3521798363
  0.0966000000	  0.1397031867	 18.1900721509
  0.1027000000	  0.1358642932	 17.9973366587
  0.0964000000	  0.1338703341	 18.0129309582
  0.1019000000	  0.1469848923	 18.4611664041
  0.1001000000	  0.1380774645	 18.3486270672
  0.1024000000	  0.1403631262	 18.4596524641
  0.1034000000	  0.1440491604	 18.3235154979
  0.1012000000	  0.1410556927	 18.0080053722
  0.0994000000	  0.1321848413	 18.1541342895
  0.1020000000	  0.1389012673	 18.2771008492
  0.0968000000	  0.1360897259	 18.0794051073
  0.1016000000	  0.1466502284	 18.2962247480
  0.1015000000	  0.1380992970	 18.3692266044
  0.1014000000	  0.1446441318	 17.9882087947
  0.1021000000	  0.1404193000	 18.0136626533
  0.0989000000	  0.1403110609	 18.1526329458
  0.0950000000	  0.1277656459	 18.2184685265
  0.1014000000	  0.1374458206	 18.3281806580
  0.0980000000	  0.1352035310	 18.4714883271
  0.0975000000	  0.1343789562	 18.2451828855
  0.1018000000	  0.1345194663	 18.2555346518
  0.0977000000	  0.1383824948	 18.0851030375
  0.1004000000	  0.1430522322	 18.2144921084
  0.0996000000	  0.1383962688	 18.0293821801
  0.1000000000	  0.1386894858	 18.2549476975
  0.1017000000	  0.1392117343	 18.2273650721
  0.0999000000	  0.1410124203	 18.2090510161
  0.0930000000	  0.1225039944	 18.2005266514
  0.1048000000	  0.1474757051	 18.4336519942
  0.1014000000	  0.1396471953	 18.3809178858
  0.1006000000	  0.1422259356	 18.1286711324
  0.0977000000	  0.1362910797	 18.2579638200
  0.0984000000	  0.1431223650	 18.1537034371
  0.0998000000	  0.1377329404	 17.8126840592
  0.1012000000	  0.1388378902	 18.3223353509
  0.1044000000	  0.1426961171	 18.2785357690
  0.0982000000	  0.1413581624	 18.0735924115
  0.1001000000	  0.1402828878	 18.2843066095
  0.1006000000	  0.1375294439	 17.9959931363
  0.1040000000	  0.1438265918	 18.4216318867
  0.1005000000	  0.1318042850	 17.9916051950
  0.0986000000	  0.1317492286	 18.2236934962
  0.1031000000	  0.1454825248	 18.4001550787
  0.1001000000	  0.1399009072	 18.1429863450
  0.0955000000	  0.1348390965	 17.9747310982
  0.1027000000	  0.1402819888	 17.8768991604
  0.0958000000	  0.1314385234	 18.0920529158
  0.0985000000	  0.1384027779	 18.1199877542
  0.0998000000	  0.1347796049	 18.2915383134
  0.0995000000	  0.1357370922	 18.1292557307
  0.1025000000	  0.1420924735	 18.2630494831
  0.1027000000	  0.1495868319	 18.3493844528
  0.1001000000	  0.1381470385	 18.1147276059
  0.0988000000	  0.1409540068	 18.4299277196
  0.1028000000	  0.1484819221	 18.0207774074
  0.0978000000	  0.1360423256	 18.3807006368
  0.1014000000	  0.1387449495	 18.1128843592
  0.1020000000	  0.1358267246	 18.1654202917
  0.0959000000	  0.1356366029	 18.0778721969
  0.1024000000	  0.1355988376	 18.0864823775
  0.0987000000	  0.1424280009	 18.3466098076
  0.1019000000	  0.1416050328	 18.1096800263
  0.0995000000	  0.1431233503	 18.1974702584
  0.0991000000	  0.1304210608	 18.2183032824
  0.0981000000	  0.1422989960	 18.0138052960
  0.0965000000	  0.1348637472	 18.3379973709
  0.0965000000	  0.1384960135	 17.9762560136
  0.1001000000	  0.1399493164	 18.1800903898
  0.1037000000	  0.1391509577	 18.0880874468
  0.1011000000	  0.1374712564	 18.1236123501
  0.1016000000	  0.1449724565	 18.1310759521
  0.0996000000	  0.1405270436	 17.8991008420
  0.1006000000	  0.1401866386	 17.9341037024
  0.1007000000	  0.1427734628	 18.2552475236
  0.0999000000	  0.1334974719	 18.3919560970
  0.0997000000	  0.1386138864	 18.0422443293
  0.1071000000	  0.1457491819	 18.1043925431
  0.0992000000	  0.1364282516	 18.1925289635
  0.0980000000	  0.1381303484	 17.9251864760
  0.1033000000	  0.1412780988	 18.1868668144
  0.0997000000	  0.1384722205	 18.1454257958
  0.0997000000	  0.1318154453	 18.3285295738
  0.0977000000	  0.1309902534	 18.0471583519
  0.1020000000	  0.1444249654	 18.2322127433
  0.0974000000	  0.1370920315	 18.2716011663
  0.1012000000	  0.1442988423	 17.9781438966
  0.0988000000	  0.1422595746	 18.3767483119
  0.0990000000	  0.1347744680	 18.3145163234
  0.1010000000	  0.1347912408	 18.4373030160
  0.0992000000	  0.1430859982	 18.1818444474
  0.0967000000	  0.1303155600	 18.4341252006
  0.1005000000	  0.1460769712	 18.0850809880
  0.1010000000	  0.1374179136	 17.9474527105
  0.1014000000	  0.1422529589	 18.0689833319
  0.0992000000	  0.1407962341	 18.2270327745
  0.1015000000	  0.1461374408	 17.9728909860
  0.0999000000	  0.1285647774	 18.2203420981
  0.1018000000	  0.1446110956	 18.3651065624
  0.0983000000	  0.1355596776	 18.2358106487
  0.0994000000	  0.1405400403	 18.2410455028
  0.1024000000	  0.1360161044	 18.2527235662
  0.1015000000	  0.1432391131	 17.9949801605
  0.0994000000	  0.1349407303	 18.1459996419
  0.0956000000	  0.1305611973	 18.0705631037
  0.0992000000	  0.1419625347	 18.0158840568
  0.1015000000	  0.1431079500	 17.9631578536
  0.1010000000	  0.1517248935	 18.0062903676
  0.0959000000	  0.1290516031	 18.1781982831
  0.1020000000	  0.1453228584	 18.2254191623
  0.1003000000	  0.1387040627	 18.0556702912
  0.1015000000	  0.1417379808	 18.1555167785
  0.0970000000	  0.1288534848	 18.5044791359
  0.0988000000	  0.1391348633	 18.4305019496
  0.1012000000	  0.1379867475	 18.0277906217
  0.1039000000	  0.1435495741	 18.3054683258
  0.1001000000	  0.1371167742	 18.2316767983
  0.0999000000	  0.1359333813	 18.2839483648
  0.0978000000	  0.1383905085	 18.4398571844
  0.0983000000	  0.1404190570	 18.1935421145
  0.1008000000	  0.1404451456	 18.0582442757
  0.0990000000	  0.1390299622	 18.3303494561
  0.0968000000	  0.1431806257	 18.0390346222
  0.0996000000	  0.1432104459	 18.1403712752
  0.0984000000	  0.1396166871	 18.1924816183
  0.0964000000	  0.1364643270	 18.0965996110
  0.0992000000	  0.1381187543	 18.2576939965
  0.0979000000	  0.1407604919	 18.2446112983
  0.1012000000	  0.1410200051	 18.2735621185
  0.0996000000	  0.1390448883	 18.2863509776
  0.1041000000	  0.1459978209	 18.0753539737
  0.0985000000	  0.1441116410	 18.3609196414
  0.0993000000	  0.1353869623	 17.8837520995
  0.1003000000	  0.1331834552	 18.0211325445
  0.1019000000	  0.1424079474	 18.2431349721
  0.1008000000	  0.1374791660	 18.0835030931
  0.0992000000	  0.1345982792	 18.1121475403
  0.0991000000	  0.1436774409	 18.2059489626
  0.0976000000	  0.1318113081	 18.6000546587
  0.0988000000	  0.1340452802	 18.0527132750
  0.1025000000	  0.1391185402	 18.0208671233
  0.0989000000	  0.1366143438	 18.2574996430
  0.1014000000	  0.1328239001	 18.5141177688
  0.1013000000	  0.1389338773	 18.2511988388
  0.0983000000	  0.1521864585	 17.9769955083
  0.0975000000	  0.1364993436	 17.7770201158
  0.1001000000	  0.1335636970	 18.2066452664
  0.1024000000	  0.1415456887	 18.1654722477
  0.0963000000	  0.1263733504	 18.0580021157
  0.1072000000	  0.1486973769	 18.2619080241
  0.1018000000	  0.1408438114	 18.0349569525
  0.0990000000	  0.1365128230	 18.3523714885
  0.1000000000	  0.1376190389	 18.2497861447
  0.0978000000	  0.1386405526	 18.3378528152
  0.0983000000	  0.1361380358	 18.0150529245
  0.0997000000	  0.1403950936	 18.1480397447
  0.0982000000	  0.1356052070	 18.0878197406
  0.1058000000	  0.1439666979	 18.4250750036
  0.1019000000	  0.1382180933	 17.9820337644
  0.1000000000	  0.1352564768	 18.0773300887
  0.1023000000	  0.1413204244	 18.2274192829
  0.1001000000	  0.1420625981	 18.4062850577
  0.0996000000	  0.1434478628	 18.0980273440
  0.1013000000	  0.1372661916	 18.0918907630
  0.1027000000	  0.1406230824	 18.1982194690
  0.1036000000	  0.1467551397	 17.8258599949
  0.0977000000	  0.1400568476	 18.0245200452
  0.1015000000	  0.1380166731	 18.0935206042
  0.0987000000	  0.1360741812	 18.2673628395
  0.0991000000	  0.1390441559	 18.1576378621
  0.0988000000	  0.1310053307	 18.4210121988
  0.0984000000	  0.1393543968	 17.9272542567
  0.1006000000	  0.1392127652	 18.4358403933
  0.1008000000	  0.1394268567	 18.3241211594
  0.0983000000	  0.1392682196	 18.1797533608
  0.1016000000	  0.1413697846	 18.0504877529
  0.1013000000	  0.1412959859	 18.2061970007
  0.1000000000	  0.1410106334	 18.1532663626
  0.1018000000	  0.1359644285	 18.3226610141
  0.1009000000	  0.1426478844	 18.2723500539
  0.1013000000	  0.1373776125	 17.9934759331
  0.0994000000	  0.1468718866	 18.2212416601
  0.0983000000	  0.1375838546	 18.1062861476
  0.0982000000	  0.1455214459	 18.0216043293
  0.1000000000	  0.1407432732	 18.1019515974
  0.1027000000	  0.1403590508	 18.4458501571
  0.1016000000	  0.1387995132	 18.2394723139
  0.0974000000	  0.1327428158	 18.0756948381
  0.0994000000	  0.1406198901	 18.0877282914
  0.1003000000	  0.1392407266	 18.0714717858
  0.1019000000	  0.1407466975	 18.4777505749
  0.1030000000	  0.1399866411	 18.6853614933
  0.1021000000	  0.1470209790	 18.2665752029
  0.0994000000	  0.1345431495	 18.0293433492
  0.0986000000	  0.1389633094	 18.1653868846
  0.1006000000	  0.1370236618	 18.4772835749
  0.1004000000	  0.1343408987	 18.5330873173
  0.1005000000	  0.1364092162	 18.0541965783
  0.0983000000	  0.1330786919	 18.4481736836
  0.1018000000	  0.1478818821	 18.2899512242
  0.0975000000	  0.1413702757	 18.2869445357
  0.1005000000	  0.1430180450	 18.1083140865
  0.1010000000	  0.1384385015	 18.1599308415
  0.0976000000	  0.1404265893	 18.1327780347
  0.1016000000	  0.1293377279	 18.1505105652
  0.0972000000	  0.1421925606	 17.9022684813
  0.0980000000	  0.1392056931	 18.3689141007
  0.0954000000	  0.1364146850	 18.0534421518
  0.1004000000	  0.1413322919	 17.9159610928
  0.0981000000	  0.1345044194	 18.2533079842
  0.1001000000	  0.1359677001	 18.1687676286
  0.0963000000	  0.1325194555	 17.9848632252
  0.0976000000	  0.1388291212	 17.9958800506
  0.0991000000	  0.1448931744	 18.1246329920
  0.1033000000	  0.1488654524	 18.0686986799
  0.1008000000	  0.1427431512	 18.0660026099
  0.1021000000	  0.1461407451	 18.0374870017
  0.0975000000	  0.1337786291	 18.1665291436
  0.1036000000	  0.1408194490	 18.2382334791
  0.1036000000	  0.1429913303	 18.2184201247
  0.0975000000	  0.1399459726	 18.3403211707
  0.0948000000	  0.1369841555	 18.1605500492
  0.0978000000	  0.1327583254	 18.4291475796
  0.0959000000	  0.1332988816	 18.3625280593
  0.0998000000	  0.1426809061	 18.2783574476
  0.0952000000	  0.1363595443	 18.2928664778
  0.0989000000	  0.1373055702	 18.3303771619
  0.0993000000	  0.1390947634	 18.3077172781
  0.0999000000	  0.1329288124	 18.4197764026
  0.0987000000	  0.1432887599	 18.0006251502
  0.1045000000	  0.1419161279	 18.4396444437
  0.1002000000	  0.1375914129	 18.3597368771
  0.0987000000	  0.1354317233	 18.3410290347
  0.0999000000	  0.1388537730	 18.2822089184
  0.1012000000	  0.1422422237	 18.3922894937
  0.0978000000	  0.1399145743	 18.2775432225
  0.1001000000	  0.1389651666	 17.8485378731
  0.0996000000	  0.1403056353	 18.1747848872
  0.0994000000	  0.1420818759	 18.0374120668
  0.1010000000	  0.1419456905	 18.1181318727
  0.0995000000	  0.1378116016	 18.0989450128
  0.1005000000	  0.1345530769	 18.2856789898
  0.1008000000	  0.1378780720	 18.1723716856
  0.0982000000	  0.1401804121	 17.9404516602
  0.1016000000	  0.1411046622	 18.1368294918
  0.0976000000	  0.1345172043	 18.0092189418
  0.0977000000	  0.1332449968	 18.1823782637
  0.0997000000	  0.1415929979	 18.2096403947
  0.1020000000	  0.1423814166	 18.5071811836
  0.1018000000	  0.1477243231	 18.2203679222
  0.1018000000	  0.1403066846	 18.3598042906
  0.1004000000	  0.1372232599	 18.2264969605
  0.1001000000	  0.1454590270	 18.1550152905
  0.0998000000	  0.1425749311	 18.2926864944
  0.0988000000	  0.1414438533	 18.0724828424
  0.1000000000	  0.1398096958	 18.0075900368
  0.1005000000	  0.1408709123	 18.2000915781
  0.1018000000	  0.1435186596	 18.1280848207
  0.1000000000	  0.1454795730	 18.1874145561
  0.0964000000	  0.1365647948	 17.9950932694
  0.0990000000	  0.1329634319	 18.2391249647
  0.1007000000	  0.1412063377	 18.0701156046
  0.0937000000	  0.1318664657	 17.9554739837
  0.1016000000	  0.1459599209	 18.3949741435
  0.1010000000	  0.1382637703	 18.2801092870
  0.1032000000	  0.1379738262	 18.1685413362
  0.0981000000	  0.1382269856	 18.2843122082
  0.0995000000	  0.1344515089	 18.2224505087
  0.1004000000	  0.1404134647	 18.4108512846
  0.1007000000	  0.1453698734	 17.9876228991
  0.0985000000	  0.1310522295	 18.0510121113
  0.1019000000	  0.1398288179	 18.2318183068
  0.1000000000	  0.1473418497	 18.2137636568
  0.0998000000	  0.1374185107	 18.2996546582
  0.0999000000	  0.1433356428	 18.2971154037
  0.0990000000	  0.1359735515	 18.1655669478
  0.1009000000	  0.1422072211	 18.3403276036
  0.1013000000	  0.1430300738	 18.2145046760
  0.1011000000	  0.1421957333	 18.3427684637
  0.0964000000	  0.1381756350	 18.2282207997
  0.0947000000	  0.1330624718	 18.1417302129
  0.0987000000	  0.1336465795	 18.2909905384
  0.1004000000	  0.1344641008	 18.1235834036
  0.0986000000	  0.1415497498	 17.8890701551
  0.1019000000	  0.1388868069	 18.2036829058
  0.0999000000	  0.1314373367	 18.2731615190
  0.0994000000	  0.1398939019	 17.9762848427
  0.0991000000	  0.1400163862	 18.1729414311
  0.1028000000	  0.1417842556	 17.8505716535
  0.1027000000	  0.1444415023	 18.1415429204
  0.1037000000	  0.1412866257	 18.1287881712
  0.0994000000	  0.1415465400	 18.4632362249
  0.0965000000	  0.1372675422	 18.2003011886
  0.0985000000	  0.1384351969	 18.1323472371
  0.1025000000	  0.1349752820	 18.3969653143
  0.1019000000	  0.1378860612	 18.1635022629
  0.0951000000	  0.1294820928	 18.0817023027
  0.0952000000	  0.1303669201	 18.3052012756
  0.1030000000	  0.1415927135	 18.3501822813
  0.1004000000	  0.1369573146	 18.1697600226
  0.1012000000	  0.1412808897	 18.4426165344
  0.1008000000	  0.1357056199	 18.2266316520
  0.1001000000	  0.1452237206	 18.2429895144
  0.0984000000	  0.1419977586	 18.1945324121
  0.1017000000	  0.1423916202	 18.3397654304
  0.1042000000	  0.1431482494	 18.2584158959
  0.1021000000	  0.1374710129	 18.3054540373
  0.1001000000	  0.1395471799	 18.2318486319
  0.0983000000	  0.1392554883	 18.0999666048
  0.1041000000	  0.1425837566	 18.2468917884
  0.0985000000	  0.1418238564	 18.3395190076
  0.1033000000	  0.1454605561	 18.0306097445
  0.0976000000	  0.1378935050	 18.1040140435
  0.0970000000	  0.1365683512	 18.1963167395
  0.0979000000	  0.1337735378	 18.2201423883
  0.0979000000	  0.1410926451	 18.1264577352
  0.0984000000	  0.1433822760	 18.0561221325
  0.0999000000	  0.1415421598	 18.1455805830
  0.0977000000	  0.1347062248	 18.3039707008
  0.0994000000	  0.1379587349	 18.2226923760
  0.0955000000	  0.1376562013	 18.2542810275
  0.0978000000	  0.1385280959	 18.2402454204
  0.1036000000	  0.1481365434	 18.2349024925
  0.1011000000	  0.1422771619	 18.2990322955
  0.1016000000	  0.1485640074	 18.2074795159
  0.0997000000	  0.1307682777	 18.1437712586
  0.1037000000	  0.1462287740	 18.1550232664
  0.1034000000	  0.1443811937	 18.1950790542
  0.0980000000	  0.1380582564	 17.9816144972
  0.1015000000	  0.1406068898	 18.0782581002
  0.0989000000	  0.1361170083	 18.3867005243
  0.1038000000	  0.1436649409	 18.2271782222
  0.0982000000	  0.1355804579	 17.8014350721
  0.0993000000	  0.1388056052	 18.1883400031
  0.1013000000	  0.1404170573	 18.2624838382
  0.1025000000	  0.1366381131	 18.2276100291
  0.1048000000	  0.1369340809	 18.3361316269
  0.1011000000	  0.1389911065	 18.2280921571
  0.0941000000	  0.1430934406	 18.2581023239
  0.0966000000	  0.1349977910	 17.9807443291
  0.1034000000	  0.1433185009	 18.1262141860
  0.1027000000	  0.1430564699	 18.2175488814
  0.0984000000	  0.1362877471	 18.3594892035
  0.0965000000	  0.1327654108	 17.9527356244
  0.0984000000	  0.1395629387	 18.1975464956
  0.0955000000	  0.1315783494	 18.0862373827
  0.0939000000	  0.1323690239	 18.3978144766
  0.1013000000	  0.1396941811	 18.0191907471
  0.0989000000	  0.1422878408	 17.7807905139
  0.0984000000	  0.1381563670	 18.0925745454
  0.1006000000	  0.1438860716	 18.5087976195
  0.1046000000	  0.1396369242	 18.1011797439
  0.0981000000	  0.1368403411	 18.0545944729
  0.1028000000	  0.1391504098	 18.1476852064
  0.1014000000	  0.1415553249	 18.3354716941
  0.1030000000	  0.1387537823	 18.2622568088
  0.0978000000	  0.1425467098	 18.0953049203
  0.0979000000	  0.1401518931	 18.2080148099
  0.1030000000	  0.1432674356	 17.9614374517
  0.0953000000	  0.1378601260	 18.1557700890
  0.1015000000	  0.1396540269	 18.0875533243
  0.1001000000	  0.1376148638	 18.1178496027
  0.1029000000	  0.1417622845	 18.0356452081
  0.0983000000	  0.1336274343	 18.2319475537
  0.0980000000	  0.1337682513	 18.3396160338
  0.0997000000	  0.1428974300	 17.9526756584
  0.1000000000	  0.1411673023	 18.1604523405
  0.0983000000	  0.1341184624	 18.0386985873
  0.0971000000	  0.1330759228	 18.2082112467
  0.1017000000	  0.1392654161	 18.1823894916
  0.0996000000	  0.1397618566	 18.3789121225
  0.0992000000	  0.1392237697	 18.3178434990
  0.0989000000	  0.1422206036	 18.1433009558
  0.1021000000	  0.1359971382	 18.0691307523
  0.1001000000	  0.1426422598	 17.9026455626
  0.0992000000	  0.1447338643	 18.1745299075
  0.1004000000	  0.1383556214	 18.2548104506
  0.1012000000	  0.1454639197	 18.2142222821
  0.1001000000	  0.1316061074	 18.3436258054
  0.0997000000	  0.1397616278	 18.1701288553
  0.0985000000	  0.1296221831	 18.2036148553
  0.0970000000	  0.1352059848	 18.2198646112
  0.0969000000	  0.1352650835	 18.4395037112
  0.0987000000	  0.1347541010	 18.1670399428
  0.1030000000	  0.1432897518	 18.3301378276
  0.1001000000	  0.1406475267	 18.0901795412
  0.0992000000	  0.1370951391	 17.8999876748
  0.0999000000	  0.1363144397	 17.9681442877
  0.1014000000	  0.1385468046	 18.0603329430
  0.0964000000	  0.1382352998	 18.2876252597
  0.0990000000	  0.1324625825	 18.1868277807
  0.1031000000	  0.1432261315	 18.1506315609
  0.0986000000	  0.1411207834	 17.9754822365
  0.1004000000	  0.1367904231	 18.1724674933
  0.0952000000	  0.1382940987	 17.9791149574
  0.0986000000	  0.1356184651	 18.1162725348
  0.1041000000	  0.1418977410	 18.1757082580
  0.0994000000	  0.1360163966	 18.2086030950
  0.0987000000	  0.1373962764	 18.1208573696
  0.0978000000	  0.1395870819	 18.1637528898
  0.0998000000	  0.1378218290	 18.1421255966
  0.0997000000	  0.1313708144	 18.4178030212
  0.0979000000	  0.1312960015	 18.2696535889
  0.1009000000	  0.1458047185	 18.1674341673
  0.0948000000	  0.1400074621	 18.3313602801
  0.0995000000	  0.1354977959	 18.0672783151
  0.1022000000	  0.1444830024	 18.2781756207
  0.1057000000	  0.1460220788	 18.0635058154
  0.1013000000	  0.1397411611	 18.3359317375
  0.1006000000	  0.1349105867	 18.2152591680
  0.0999000000	  0.1335940313	 18.2015558438
  0.0994000000	  0.1333011094	 18.1249094836
  0.1009000000	  0.1358590611	 18.3979458420
  0.1005000000	  0.1389173207	 18.1891164644
  0.0972000000	  0.1361595229	 18.0066858434
  0.0975000000	  0.1413672530	 18.0079460112
  0.1022000000	  0.1446523908	 18.0116883097
  0.0988000000	  0.1317441708	 18.2949436198
  0.0954000000	  0.1370204632	 17.9514739478
  0.0985000000	  0.1330549177	 18.2314163470
  0.0986000000	  0.1431678552	 18.0160386924
  0.1029000000	  0.1376716519	 18.1851768612
  0.1047000000	  0.1464353040	 18.2440053931
  0.0985000000	  0.1372710598	 17.9653579732
  0.1005000000	  0.1377239721	 18.1317058910
  0.0992000000	  0.1399069298	 18.3296193382
  0.0981000000	  0.1400824313	 18.2767026781
  0.0959000000	  0.1347784436	 18.0494915364
  0.0985000000	  0.1330963052	 17.9386748449
  0.1015000000	  0.1358519318	 18.3313750015
  0.1005000000	  0.1383724581	 18.3978414508
  0.0979000000	  0.1387728456	 17.9899927094
  0.1030000000	  0.1447463495	 18.4310718704
  0.0982000000	  0.1314762354	 18.0347139608
  0.1065000000	  0.1424237692	 18.2763503435
  0.0989000000	  0.1429268640	 17.9252516488
  0.0977000000	  0.1358831001	 18.1421899218
  0.0970000000	  0.1414087095	 18.1874695646
  0.0998000000	  0.1315318925	 18.2683506949
  0.0987000000	  0.1412625301	 18.3501078538
  0.1022000000	  0.1432779614	 18.0360197931
  0.1016000000	  0.1381907632	 18.1052369943
  0.0998000000	  0.1438958602	 18.0603940894
  0.1004000000	  0.1378617731	 18.2182249930
  0.1002000000	  0.1425814419	 17.9601822745
  0.1013000000	  0.1414594044	 18.3399346724
  0.0978000000	  0.1390905401	 18.1189469351
  0.0990000000	  0.1365788034	 18.2330080382
  0.1000000000	  0.1370685055	 18.1589111259
  0.0984000000	  0.1420125560	 17.9193836027
  0.0970000000	  0.1325067409	 18.1885528707
  0.1028000000	  0.1500196071	 18.1142720511
  0.0981000000	  0.1367429164	 18.1144949149
  0.0999000000	  0.1425594556	 18.1417716483
  0.1015000000	  0.1373308730	 18.2055728570
  0.1005000000	  0.1380055287	 18.2978838425
  0.1025000000	  0.1417260275	 18.4928115472
  0.1069000000	  0.1381376046	 18.3942664073
  0.1003000000	  0.1385685903	 18.2714111040
  0.1008000000	  0.1460114258	 18.3054268436
  0.0992000000	  0.1395614942	 17.8939125480
  0.0992000000	  0.1355227598	 18.4213933123
  0.0994000000	  0.1359764159	 18.2656816470
  0.0997000000	  0.1402387525	 18.3051806896
  0.1004000000	  0.1425170550	 18.1144524413
  0.1044000000	  0.1507215515	 18.2658144925
  0.0987000000	  0.1321579522	 18.2279885473
  0.0992000000	  0.1398710531	 18.1816172649
  0.0994000000	  0.1383119801	 18.3753413409
  0.1029000000	  0.1460946990	 18.2865928343
  0.1016000000	  0.1424046545	 18.2225543840
  0.0991000000	  0.1430197346	 18.2048749242
  0.0953000000	  0.1388308418	 18.0851557570
  0.0990000000	  0.1357230820	 18.0416317059
  0.0985000000	  0.1376962544	 17.9537138535
  0.0996000000	  0.1385000338	 18.2177345291
  0.1003000000	  0.1411252572	 17.9833157753
  0.0978000000	  0.1287095876	 18.1324730614
  0.0971000000	  0.1352006166	 18.3788032339
  0.1037000000	  0.1412253772	 18.1048503240
  0.1033000000	  0.1346080241	 18.2100915979
  0.1008000000	  0.1410857083	 18.3520487620
  0.0996000000	  0.1417396306	 18.2646314833
  0.0996000000	  0.1374602687	 18.1556131737
  0.1033000000	  0.1431727866	 17.9445345463
  0.1013000000	  0.1408216067	 18.0209742189
  0.0992000000	  0.1395028305	 18.0407008509
  0.1015000000	  0.1427967237	 18.0673345870
  0.1006000000	  0.1378588658	 17.9670045432
  0.0950000000	  0.1276610575	 18.3485571099
  0.1012000000	  0.1360915628	 18.0620252364
  0.1031000000	  0.1440614749	 18.1895143491
  0.1013000000	  0.1427190574	 18.2561370535
  0.0977000000	  0.1355080278	 18.0657920838
  0.1002000000	  0.1379066950	 18.3665959708
  0.1022000000	  0.1404604817	 18.1731159250
  0.0986000000	  0.1362563318	 18.1934820611
  0.0977000000	  0.1317300609	 18.2657720912
  0.1027000000	  0.1417231189	 18.0776328139
  0.1000000000	  0.1403177864	 18.4057706558
  0.1005000000	  0.1400674755	 18.3252081482
  0.0998000000	  0.1394610504	 18.0479465585
  0.1007000000	  0.1395814009	 18.0993120162
  0.0970000000	  0.1336556385	 18.5256076805
  0.0996000000	  0.1417730369	 18.1223613894
  0.1015000000	  0.1315541483	 18.0911418010
  0.0993000000	  0.1335220360	 18.4567331151
  0.1013000000	  0.1449033136	 18.1043509225
  0.0941000000	  0.1329586586	 18.2649584654
  0.1004000000	  0.1422487035	 18.2735642943
  0.1003000000	  0.1381278833	 18.2268377255
  0.0999000000	  0.1444529838	 18.4128842686
  0.0981000000	  0.1401507938	 18.0145426763
  0.0999000000	  0.1363185645	 18.0643743424
  0.1005000000	  0.1393512837	 18.0125951475
  0.1014000000	  0.1430871656	 18.1769843419
  0.1008000000	  0.1378341446	 18.3887520118
  0.0998000000	  0.1343543113	 18.1864282187
  0.1013000000	  0.1400810907	 18.3363547164
  0.0994000000	  0.1385384731	 18.1014220046
  0.1017000000	  0.1430142624	 18.3745812026
  0.0986000000	  0.1349015584	 17.9809299190
  0.0997000000	  0.1438750109	 18.2902863555
  0.0984000000	  0.1327415362	 18.0520397071
  0.0974000000	  0.1302220875	 18.0377289858
  0.0980000000	  0.1365927717	 18.2334007131
  0.0971000000	  0.1414284180	 18.1190608593
  0.0993000000	  0.1414155120	 18.3935344297
  0.0970000000	  0.1413162414	 18.1113847763
  0.0971000000	  0.1395942194	 18.2010438067
  0.1025000000	  0.1393795085	 18.3611253297
  0.1007000000	  0.1379238701	 18.1960975971
  0.1031000000	  0.1451056565	 18.3414222555
  0.1017000000	  0.1422618329	 18.2085364569
  0.1010000000	  0.1410569103	 18.4080192182
  0.0953000000	  0.1355202689	 18.0155402122
  0.1003000000	  0.1423074130	 18.2022989947
  0.1003000000	  0.1422645609	 18.0392282896
  0.0977000000	  0.1366834828	 18.0291655858
  0.1024000000	  0.1398337431	 18.1484102966
  0.1021000000	  0.1398388899	 18.1884935204
  0.0974000000	  0.1389082059	 18.1496833600
  0.0986000000	  0.1356262891	 18.2090967015
  0.0984000000	  0.1410969055	 18.1805121309
  0.0990000000	  0.1381595198	 18.2874798064
  0.1013000000	  0.1389009656	 18.1470745143
  0.0985000000	  0.1340989935	 18.1766036674
  0.1033000000	  0.1388791448	 18.1869112345
  0.0987000000	  0.1389122895	 18.0407641670
  0.0992000000	  0.1432583618	 18.1321825526
  0.1001000000	  0.1441261357	 18.2072982511
  0.0993000000	  0.1349543780	 18.1736268516
  0.1008000000	  0.1368267723	 18.2082614975
  0.0991000000	  0.1339146730	 18.4300490911
  0.1017000000	  0.1446122035	 18.0557153706
  0.1006000000	  0.1373427975	 18.2780324852
  0.0988000000	  0.1395505849	 18.1823909690
  0.1012000000	  0.1378022775	 18.1240893825
  0.0991000000	  0.1372470197	 18.1587874209
  0.0977000000	  0.1421244399	 18.3374494432
  0.1034000000	  0.1430596316	 18.2301479829
  0.1008000000	  0.1412471627	 17.9805963318
  0.1011000000	  0.1438212785	 18.3910012621
  0.1021000000	  0.1419276871	 18.0378892752
  0.0978000000	  0.1421046315	 18.0251290650
  0.1012000000	  0.1371793108	 18.2360186394
  0.0986000000	  0.1398576927	 17.9204831515
  0.0985000000	  0.1361931056	 18.3090181977
  0.0967000000	  0.1355502043	 18.3101014311
  0.1014000000	  0.1438677830	 18.4347266000
  0.0988000000	  0.1388839701	 18.4500655666
  0.0988000000	  0.1377449085	 18.2822666791
  0.0982000000	  0.1347098207	 18.0873248553
  0.0991000000	  0.1389454729	 18.3092071280
  0.0945000000	  0.1329049845	 18.1048619112
  0.1003000000	  0.1367677797	 18.1458022784
  0.0948000000	  0.1333979408	 18.1781258991
  0.1013000000	  0.1419728177	 18.1101941652
  0.0991000000	  0.1357113694	 18.1107718088
  0.0997000000	  0.1379961937	 18.0403222348
  0.0934000000	  0.1341162079	 18.3253690594
  0.1005000000	  0.1419322699	 18.4622695710
  0.0962000000	  0.1353287730	 18.2859747204
  0.1003000000	  0.1409980664	 18.2851196275
  0.0985000000	  0.1412175307	 18.2674925037
  0.1029000000	  0.1447784614	 18.0460301777
  0.0986000000	  0.1419797435	 18.1251623420
  0.0980000000	  0.1367093517	 18.0077099216
  0.1004000000	  0.1390969443	 18.1224430056
  0.1014000000	  0.1397765864	 18.1184921998
  0.1024000000	  0.1400819409	 18.0528428449
  0.0987000000	  0.1388608021	 18.1030368166
  0.1006000000	  0.1409359901	 18.0767647495
  0.0979000000	  0.1334760827	 17.9233896401
  0.0996000000	  0.1347337331	 18.3266651933
  0.0986000000	  0.1341483901	 18.2996430629
  0.1020000000	  0.1402534481	 17.9787557049
  0.1030000000	  0.1359654916	 18.5321496609
  0.1000000000	  0.1374225227	 18.2542919312
  0.1012000000	  0.1440312488	 18.2250547022
  0.0998000000	  0.1338562200	 18.0677149995
  0.1024000000	  0.1431178167	 18.2329374149
  0.1034000000	  0.1451336132	 18.2474298113
  0.0956000000	  0.1346275103	 18.2741614668
  0.0974000000	  0.1379695202	 17.9476340280
  0.0948000000	  0.1333899160	 18.1847774366
  0.1031000000	  0.1366809186	 18.3565812316
  0.0996000000	  0.1438989270	 18.1299333759
  0.1006000000	  0.1437335494	 18.2384990164
  0.0996000000	  0.1434672185	 18.2055512101
  0.0991000000	  0.1416956018	 18.2502336379
  0.1018000000	  0.1411455171	 18.0757428673
  0.0983000000	  0.1335539337	 18.1237438163
  0.1005000000	  0.1373913636	 18.0689798809
  0.0982000000	  0.1369658393	 18.3271187006
  0.1015000000	  0.1412503477	 18.4266604052
  0.0984000000	  0.1417498404	 18.1402686544
  0.0982000000	  0.1426423806	 17.9682373407
  0.0979000000	  0.1347057993	 17.9817157724
  0.0986000000	  0.1320500231	 18.1321803905
  0.1007000000	  0.1438859231	 18.3337290252
  0.1000000000	  0.1395391714	 17.9597268822
  0.1014000000	  0.1418284888	 18.0745273312
  0.0981000000	  0.1417006851	 18.5440414184
  0.1033000000	  0.1422505392	 18.0523644609
  0.0985000000	  0.1447054738	 18.0756731019
  0.0954000000	  0.1324914669	 18.2654267641
  0.0980000000	  0.1323563556	 18.2092008605
  0.1029000000	  0.1373062638	 18.4584427304
  0.0983000000	  0.1328596516	 18.3942068974
  0.1007000000	  0.1335168459	 18.2180953609
  0.0982000000	  0.1340137191	 18.4477242635
  0.1006000000	  0.1350380946	 18.2735951186
  0.0974000000	  0.1428119051	 18.1233431116
  0.1006000000	  0.1389985556	 18.3138206837
  0.1021000000	  0.1429284255	 18.1315730792
  0.1000000000	  0.1421739229	 18.1527706725
  0.1006000000	  0.1343078524	 18.1940406041
  0.1034000000	  0.1405640323	 18.1402961206
  0.1061000000	  0.1395808825	 18.3845712311
  0.0977000000	  0.1358019541	 18.0084998422
  0.0994000000	  0.1398491546	 18.0576732062
  0.1007000000	  0.1410983622	 18.0598929318
  0.1013000000	  0.1399179361	 18.0114220838
  0.0963000000	  0.1294124629	 18.2311178727
  0.1012000000	  0.1399401468	 18.0627114582
  0.0967000000	  0.1330820446	 18.0354595725
  0.1026000000	  0.1401454822	 18.2885295870
  0.0975000000	  0.1328453584	 18.2077425769
  0.0975000000	  0.1326510157	 18.2384616507
  0.1011000000	  0.1383698748	 17.9592821978
  0.0991000000	  0.1291367456	 18.2325005258
  0.0955000000	  0.1382935169	 18.0036379108
  0.0989000000	  0.1409731611	 18.3359802979
  0.1029000000	  0.1357899751	 18.3294193381
  0.0936000000	  0.1270089475	 17.9793165776
  0.0998000000	  0.1368381561	 18.0805192713
  0.1003000000	  0.1344685995	 18.2407733194
  0.0962000000	  0.1336620821	 18.1859942873
  0.1027000000	  0.1432267198	 18.5845457700
  0.0980000000	  0.1371847394	 18.2224028291
  0.1004000000	  0.1409441006	 18.2191047112
  0.0963000000	  0.1317191387	 18.3048725370
  0.0999000000	  0.1385742141	 18.0796890874
  0.0998000000	  0.1439304847	 18.2068043938
  0.0994000000	  0.1341694810	 18.1818553081
  0.0997000000	  0.1406025135	 18.1424535472
  0.1000000000	  0.1402196310	 18.2462829735
  0.1022000000	  0.1409698132	 18.2842236701
  0.0984000000	  0.1404501606	 18.3287470557
  0.0991000000	  0.1492586562	 18.1780539208
  0.0987000000	  0.1374696917	 18.4481197382
  0.0993000000	  0.1346335940	 18.2110833303
  0.1010000000	  0.1400984752	 17.9948043787
  0.0990000000	  0.1317780874	 18.4509650013
  0.1026000000	  0.1404066590	 18.0350104546
  0.1016000000	  0.1412151264	 18.1902830140
  0.0964000000	  0.1334256106	 18.1767368967
  0.0951000000	  0.1339179590	 18.3261876833
  0.1002000000	  0.1411771223	 18.3157276063
  0.0969000000	  0.1338366578	 18.3011388350
  0.0995000000	  0.1401055622	 18.2961564048
  0.0999000000	  0.1374856750	 17.9952574820
  0.1026000000	  0.1365729448	 18.3353931441
  0.1025000000	  0.1447877492	 18.4562128994
  0.1017000000	  0.1484949994	 18.1691026710
  0.0951000000	  0.1403974396	 18.2578585405
  0.1017000000	  0.1409378238	 18.2335467945
  0.1017000000	  0.1376924358	 18.0954170466
  0.1028000000	  0.1417837310	 18.1612476062
  0.1031000000	  0.1432340311	 18.2381990595
  0.1033000000	  0.1445545741	 18.2942860273
  0.0994000000	  0.1362098162	 17.9818018637
  0.0997000000	  0.1384438637	 18.2929386978
  0.0981000000	  0.1359474999	 18.2970370057
  0.0974000000	  0.1450997487	 18.0452444088
  0.0982000000	  0.1395000487	 18.2988201871
  0.1025000000	  0.1387192745	 18.0496918206
  0.1027000000	  0.1488542432	 18.0779982190
  0.0994000000	  0.1331872207	 17.9886425716
  0.0997000000	  0.1425438530	 18.0474460479
  0.0957000000	  0.1316422008	 18.1719885969
  0.1006000000	  0.1347592595	 18.0475665849
  0.1006000000	  0.1444152193	 18.3668652556
  0.0998000000	  0.1413806622	 18.0676547202
  0.1011000000	  0.1470851404	 18.1659169608
  0.0992000000	  0.1389030308	 18.0352964451
  0.1038000000	  0.1345319807	 18.3485564109
  0.1001000000	  0.1378372205	 18.2469400310
  0.1016000000	  0.1402452826	 18.1909150323
  0.0969000000	  0.1330473455	 18.1094574831
  0.0984000000	  0.1405637924	 18.1597749919
  0.1004000000	  0.1348102008	 17.9009935312
  0.0952000000	  0.1342659045	 18.1784352638
  0.0994000000	  0.1344233363	 17.8963939456
  0.0965000000	  0.1359487329	 18.3164106050
  0.0983000000	  0.1424737440	 18.0091674077
  0.1014000000	  0.1346901512	 18.1911470279
  0.0980000000	  0.1416987018	 18.2070142496
  0.1036000000	  0.1434753752	 18.3769955908
  0.0974000000	  0.1356794829	 18.3148318253
  0.0993000000	  0.1393410225	 17.9704585051
  0.0985000000	  0.1341108014	 18.1182062589
  0.1030000000	  0.1448535751	 18.1511380808
  0.0970000000	  0.1299141731	 18.1929618885
  0.0982000000	  0.1410874459	 18.4152534649
  0.0998000000	  0.1380131891	 18.1646928393
  0.1061000000	  0.1424183705	 18.2544435843
  0.1011000000	  0.1454919369	 18.2663794526
  0.1031000000	  0.1440921294	 18.3721716020
  0.0981000000	  0.1350626202	 18.1406783289
  0.0988000000	  0.1385916558	 18.1578885448
  0.0993000000	  0.1378002190	 18.1186977668
  0.0991000000	  0.1406485141	 18.2122981595
  0.0991000000	  0.1314298965	 18.1237735050
  0.0987000000	  0.1401780908	 18.3271683385
  0.1002000000	  0.1401500783	 17.9848814365
  0.0989000000	  0.1360329447	 18.3498259011
  0.0969000000	  0.1379091217	 17.9181863252
  0.1015000000	  0.1389523453	 18.3947750985
  0.1037000000	  0.1398096245	 18.3998687507
  0.0979000000	  0.1345200809	 18.2116966613
  0.1015000000	  0.1382310764	 18.3577112868
  0.1024000000	  0.1358753545	 18.1614579676
  0.1000000000	  0.1435828051	 18.1499949977
  0.1046000000	  0.1397800703	 18.2275671760
  0.1002000000	  0.1399454709	 18.0737435367
  0.0992000000	  0.1380702441	 18.3017233704
  0.1054000000	  0.1481081965	 18.3527504107
  0.1007000000	  0.1436981252	 18.2130790027
  0.0955000000	  0.1320652762	 18.4629362544
  0.0984000000	  0.1419056566	 18.0794279012
  0.1039000000	  0.1390366083	 18.4223440470
  0.0957000000	  0.1340508514	 18.2731361523
  0.0999000000	  0.1369016048	 18.3997176602
  0.1012000000	  0.1425279541	 18.1180638425
  0.1013000000	  0.1392028446	 18.2571473935
  0.1023000000	  0.1382823063	 18.2706829051
  0.1006000000	  0.1363166692	 18.0208655030
  0.0984000000	  0.1403862205	 18.1727202396
  0.0961000000	  0.1381901311	 18.1084890423
  0.0977000000	  0.1367556071	 18.0426612436
  0.0982000000	  0.1416109356	 18.1949881161
  0.1028000000	  0.1397377155	 18.2526345847
  0.1001000000	  0.1379054569	 18.4674605412
  0.0985000000	  0.1366653689	 18.1492240713
  0.0994000000	  0.1387670882	 18.2078360034
  0.1012000000	  0.1394121375	 18.1778470251
  0.0993000000	  0.1349914684	 18.0841022459
  0.1021000000	  0.1339027274	 18.3505190423
  0.1022000000	  0.1436373336	 18.2570489327
  0.1002000000	  0.1400359300	 18.0000089505
  0.1003000000	  0.1382142088	 18.2178281649
  0.0997000000	  0.1413532191	 18.3926818913
  0.1002000000	  0.1335417005	 18.1715052253
  0.1015000000	  0.1327016616	 18.0491862407
  0.0983000000	  0.1429238005	 18.0741971019
  0.0973000000	  0.1282933908	 18.2175842058
  0.0982000000	  0.1351093422	 18.1896407885
  0.0956000000	  0.1360999220	 18.2684933487
  0.1017000000	  0.1457145842	 17.9700320344
  0.0967000000	  0.1325601262	 18.0918413214
  0.0998000000	  0.1347299950	 18.2277114905
  0.0972000000	  0.1374421913	 18.1445546005
  0.1006000000	  0.1429348794	 18.2961271311
  0.1010000000	  0.1363272448	 18.0300586307
  0.0975000000	  0.1417282948	 18.2710920630
  0.1004000000	  0.1425616017	 18.1785315058
  0.1052000000	  0.1429355420	 18.2146861933
  0.1034000000	  0.1400177663	 18.2331497513
  0.1014000000	  0.1370971267	 17.8848667756
  0.0968000000	  0.1364417187	 17.8990013801
  0.1004000000	  0.1414929592	 18.0057969610
  0.0972000000	  0.1484199200	 18.0688952579
  0.0958000000	  0.1268896796	 18.0322043891
  0.0997000000	  0.1400985019	 18.2208653058
  0.0987000000	  0.1338130872	 18.2844830853
  0.0996000000	  0.1401922441	 18.3057061319
  0.0995000000	  0.1355336222	 18.0574809985
  0.0995000000	  0.1407522798	 18.0441608534
  0.1020000000	  0.1378199695	 18.0375613341
  0.1003000000	  0.1379416254	 18.0571314604
  0.0999000000	  0.1384862050	 18.2147503118
  0.0987000000	  0.1363692054	 18.1337185362
  0.1016000000	  0.1373677956	 18.3185257982
  0.1015000000	  0.1461325917	 17.9685066136
  0.1038000000	  0.1365459499	 18.2698394661
  0.1020000000	  0.1457092901	 18.3111291974
  0.1026000000	  0.1385280043	 18.2546618575
  0.0996000000	  0.1370637091	 18.1838367451
  0.1003000000	  0.1354811040	 18.3537919582
  0.1009000000	  0.1397926827	 18.2466205181
  0.0988000000	  0.1332947785	 18.2392048488
  0.0983000000	  0.1354386582	 17.7250388391
  0.1011000000	  0.1365642308	 18.2884501101
  0.1000000000	  0.1389953024	 17.9890773580
  0.1003000000	  0.1389107379	 18.1140561364
  0.1015000000	  0.1319039629	 18.1058165212
  0.0994000000	  0.1360129038	 18.1031931226
  0.1061000000	  0.1492801149	 18.2673360351
  0.1043000000	  0.1403390232	 18.2012001707
  0.0964000000	  0.1341649391	 18.2531087431
  0.1014000000	  0.1320761988	 18.2335720138
  0.1011000000	  0.1417833789	 17.9517742493
  0.1018000000	  0.1443791607	 17.7843774591
  0.0985000000	  0.1351646615	 18.2187910178
  0.1001000000	  0.1409611645	 18.2410892349
  0.1001000000	  0.1431837520	 18.2539980504
  0.1031000000	  0.1381108855	 18.1931819993
  0.0973000000	  0.1406560999	 18.1117494567
  0.1001000000	  0.1402194968	 18.0795900933
  0.0986000000	  0.1324781752	 18.3446567220
  0.0970000000	  0.1427409461	 18.0504413584
  0.1004000000	  0.1359892650	 18.5680095444
  0.1016000000	  0.1384571204	 18.2187870913
  0.1024000000	  0.1443296749	 18.1112923012
  0.1028000000	  0.1355020110	 18.1731901831
  0.0999000000	  0.1398011290	 18.1395105862
  0.1027000000	  0.1442601677	 18.0431853385
  0.0987000000	  0.1400611478	 18.1562862445
  0.0972000000	  0.1407580054	 18.1378458103
  0.0967000000	  0.1369001988	 18.2162142273
  0.0999000000	  0.1315267662	 18.5316351757
  0.0995000000	  0.1374237584	 17.9366888286
  0.1012000000	  0.1413921484	 18.0752397002
  0.1009000000	  0.1430757157	 18.2730288746
  0.1022000000	  0.1378822634	 18.0266342065
  0.1007000000	  0.1397198574	 18.2345466344
  0.1017000000	  0.1442910339	 18.1532712530
  0.0999000000	  0.1436530279	 18.1733133081
  0.1017000000	  0.1437396538	 17.9840674586
  0.0992000000	  0.1418972019	 18.2181251726
  0.1009000000	  0.1358381016	 18.1891181536
  0.1019000000	  0.1396516381	 18.2142338585
  0.0989000000	  0.1375261895	 18.1540346879
  0.0963000000	  0.1347369439	 18.2478266179
