  0.0982000000	  0.1336730074	 18.5355545054
  0.0979000000	  0.1248917181	 18.8059371229
  0.1050000000	  0.1396494151	 18.4554600147
  0.0970000000	  0.1314719103	 18.6041637078
  0.1005000000	  0.1361772961	 17.6373876043
  0.1030000000	  0.1440327626	 18.6293930110
  0.0992000000	  0.1293072336	 18.0376949234
  0.0985000000	  0.1419878922	 17.9655127670
  0.0984000000	  0.1416787976	 18.3035448287
  0.0964000000	  0.1177660161	 18.0849998902
  0.0979000000	  0.1233577420	 18.1017476484
  0.0983000000	  0.1344660771	 18.1422775515
  0.1048000000	  0.1401440524	 18.6594514913
  0.1024000000	  0.1439544061	 18.0330985394
  0.0926000000	  0.1322821804	 17.9361501867
  0.0967000000	  0.1312444939	 17.9301504811
  0.1020000000	  0.1434254927	 18.1120407889
  0.1008000000	  0.1331808124	 17.7847690652
  0.1005000000	  0.1430048188	 18.2766982462
  0.0956000000	  0.1408816336	 18.1742179323
  0.0991000000	  0.1391046400	 18.1216362608
  0.1001000000	  0.1293957642	 17.9530957739
  0.1029000000	  0.1473692440	 18.5188015938
  0.1047000000	  0.1397275189	 18.4908529044
  0.0942000000	  0.1386511531	 18.5148943548
  0.0980000000	  0.1420981789	 18.4114956641
  0.0963000000	  0.1343819178	 17.4966178994
  0.0972000000	  0.1316913387	 18.2806844498
  0.1029000000	  0.1502728535	 18.2302763988
  0.1008000000	  0.1414391050	 18.6171870663
  0.0982000000	  0.1310526423	 18.2701372493
  0.1024000000	  0.1441019501	 18.6176272133
  0.0968000000	  0.1367655683	 18.1444728218
  0.1000000000	  0.1444810945	 18.1500889781
  0.0986000000	  0.1502793945	 18.3341577999
  0.1033000000	  0.1410846875	 18.3536417352
  0.1000000000	  0.1330477979	 18.2432571207
  0.0996000000	  0.1354691185	 18.6294610095
  0.1034000000	  0.1416665097	 18.3804025844
  0.1019000000	  0.1459295660	 18.1356463120
  0.1031000000	  0.1390195274	 18.2220440307
  0.1043000000	  0.1391506384	 18.2582976249
  0.1006000000	  0.1434791538	 18.4792013888
  0.0974000000	  0.1356133345	 17.8744080309
  0.1018000000	  0.1469540463	 18.2010180981
  0.1037000000	  0.1389230955	 18.5177563375
  0.1003000000	  0.1338043157	 18.7979801391
  0.1030000000	  0.1400083350	 18.1584351880
  0.1014000000	  0.1360653315	 18.2518058709
  0.0997000000	  0.1347147558	 18.4376334729
  0.1005000000	  0.1427434771	 18.2062708882
  0.1004000000	  0.1476838971	 18.4779996735
  0.1020000000	  0.1392183745	 18.3830954931
  0.0984000000	  0.1305958306	 17.8500277644
  0.0979000000	  0.1325182812	 18.1495142492
  0.1001000000	  0.1377645003	 18.0560574184
  0.1064000000	  0.1449073523	 18.7560379185
  0.0977000000	  0.1302070638	 18.3772782427
  0.1011000000	  0.1421250313	 18.1890383568
  0.1016000000	  0.1357851639	 18.3204587427
  0.0976000000	  0.1298082071	 17.8717972542
  0.1001000000	  0.1301136056	 18.3222254198
  0.0986000000	  0.1377798924	 17.7423551603
  0.0946000000	  0.1401449097	 17.9016449157
  0.0979000000	  0.1349321585	 17.9967085346
  0.1018000000	  0.1430739952	 18.3657050423
  0.0983000000	  0.1318484061	 18.1721766373
  0.0984000000	  0.1418961092	 18.4012109339
  0.0951000000	  0.1296209628	 18.1369234728
  0.1045000000	  0.1500252797	 18.2215994590
  0.1046000000	  0.1432617259	 18.0986183853
  0.1004000000	  0.1385545345	 18.1727546756
  0.0997000000	  0.1393653333	 17.9143272623
  0.0964000000	  0.1347226109	 18.1693324684
  0.0977000000	  0.1301122688	 18.4617964611
  0.1035000000	  0.1503985953	 18.7781664022
  0.1010000000	  0.1355031241	 18.5279949753
  0.1021000000	  0.1455171963	 18.1614820017
  0.1003000000	  0.1300031585	 18.0248719069
  0.1005000000	  0.1382120807	 18.1345933454
  0.0970000000	  0.1304050462	 18.2728618913
  0.0951000000	  0.1422004915	 18.1545315988
  0.1002000000	  0.1407804158	 18.1838954138
  0.1018000000	  0.1407299904	 18.2125721899
  0.0980000000	  0.1435936419	 18.0161313386
  0.0927000000	  0.1237390320	 17.9164497882
  0.0926000000	  0.1242419802	 18.2168103717
  0.1029000000	  0.1414580715	 17.8444876302
  0.0963000000	  0.1233126727	 18.0124958123
  0.0998000000	  0.1350928596	 18.4482544219
  0.0974000000	  0.1403142015	 18.4410227036
  0.1000000000	  0.1392385658	 18.7531932247
  0.1004000000	  0.1386676296	 18.5065681426
  0.0981000000	  0.1404690324	 17.9170144110
  0.0997000000	  0.1345656026	 17.9760094206
  0.0965000000	  0.1378197777	 18.4172432658
  0.0951000000	  0.1311839542	 17.8129408131
  0.1071000000	  0.1457586595	 18.4421679780
  0.1028000000	  0.1399777944	 18.3158097830
  0.0991000000	  0.1394780315	 17.9253274464
  0.1008000000	  0.1442351475	 18.3890335001
  0.1051000000	  0.1475674235	 18.8875076185
  0.0989000000	  0.1374996918	 18.3690151019
  0.1003000000	  0.1395636400	 18.2949575578
  0.1015000000	  0.1426618882	 17.5935272215
  0.0968000000	  0.1398000201	 17.8715902145
  0.1056000000	  0.1472515882	 18.8216826738
  0.1011000000	  0.1410374294	 18.1068667624
  0.0997000000	  0.1383287236	 18.3088569495
  0.0955000000	  0.1380438847	 17.8696947887
  0.0961000000	  0.1345043762	 18.5142884436
  0.0949000000	  0.1297380225	 17.6785371469
  0.1006000000	  0.1386709339	 18.5046465795
  0.1003000000	  0.1345275655	 18.4016661657
  0.0970000000	  0.1344505314	 18.1551537725
  0.0949000000	  0.1285155365	 17.8539619386
  0.1021000000	  0.1516886987	 18.6798298615
  0.0994000000	  0.1399500354	 18.6729584523
  0.1023000000	  0.1468187432	 18.4300237128
  0.1004000000	  0.1426257090	 18.0442923764
  0.1009000000	  0.1337653442	 18.0534377715
  0.1044000000	  0.1481979105	 17.8533398309
  0.1026000000	  0.1428691591	 18.0528052259
  0.1022000000	  0.1418794246	 18.1359900001
  0.0991000000	  0.1393941911	 17.9533180568
  0.1024000000	  0.1456879868	 18.0148605283
  0.1011000000	  0.1417000915	 18.1308473517
  0.0999000000	  0.1412090321	 18.3058722401
  0.0972000000	  0.1385877984	 18.2523884595
  0.1031000000	  0.1437984196	 18.4384158329
  0.0938000000	  0.1329627814	 18.1284887762
  0.0975000000	  0.1313431622	 18.2585233348
  0.1051000000	  0.1461379120	 18.3861246543
  0.0961000000	  0.1319837645	 17.8927871229
  0.0994000000	  0.1454762200	 18.5658932706
  0.1005000000	  0.1306253158	 18.4153412523
  0.1017000000	  0.1362144383	 18.2617723855
  0.1014000000	  0.1408994139	 18.8931624459
  0.1039000000	  0.1389471758	 18.4532391587
  0.1005000000	  0.1433286435	 17.8809953425
  0.0989000000	  0.1461206589	 18.0979803705
  0.1021000000	  0.1485280922	 18.7234158615
  0.1043000000	  0.1375694614	 18.3762824980
  0.0986000000	  0.1419434900	 18.3990849283
  0.1026000000	  0.1228475186	 18.2849510487
  0.1023000000	  0.1362625851	 18.2156633222
  0.0983000000	  0.1485836101	 18.5714129143
  0.1017000000	  0.1440329256	 18.0887574480
  0.0958000000	  0.1370073418	 17.9911360778
  0.0957000000	  0.1314553842	 18.2708818533
  0.0942000000	  0.1311941454	 17.9023090056
  0.1041000000	  0.1473186041	 18.1905271057
  0.0980000000	  0.1324173432	 18.0577300262
  0.1015000000	  0.1415097098	 18.2563806876
  0.1000000000	  0.1432561276	 18.4172551786
  0.1043000000	  0.1531189594	 18.1140899713
  0.1004000000	  0.1325622648	 18.0058102553
  0.1025000000	  0.1400697428	 18.1782518314
  0.0992000000	  0.1402283586	 18.0646190429
  0.0986000000	  0.1290257788	 17.9269824442
  0.0976000000	  0.1409438260	 18.1440645078
  0.0950000000	  0.1354218004	 18.2892355323
  0.0961000000	  0.1388605995	 17.9857904499
  0.0982000000	  0.1442480537	 18.1007559526
  0.0983000000	  0.1336304221	 17.7827059496
  0.1037000000	  0.1390862764	 18.2521048873
  0.0971000000	  0.1399592540	 18.4777079614
  0.0925000000	  0.1329231184	 17.7175910482
  0.0987000000	  0.1470215770	 18.5802573237
  0.1012000000	  0.1315289293	 18.0672468804
  0.1010000000	  0.1380094224	 18.2962358114
  0.0989000000	  0.1396506806	 18.1019250336
  0.0956000000	  0.1358388257	 17.9318748831
  0.1015000000	  0.1391679906	 18.0005253030
  0.0961000000	  0.1323677590	 17.6080497171
  0.1007000000	  0.1309822959	 18.0572581002
  0.0981000000	  0.1470745381	 18.0957443624
  0.0986000000	  0.1307697599	 18.3232939555
  0.0997000000	  0.1368314241	 18.6198913500
  0.0971000000	  0.1309620276	 17.9557543321
  0.0956000000	  0.1376011415	 18.3214411745
  0.0994000000	  0.1417241155	 18.0183118282
  0.0975000000	  0.1342767040	 18.3252513317
  0.1029000000	  0.1518257206	 18.2114270500
  0.0975000000	  0.1442921205	 18.6579276898
  0.1024000000	  0.1383324881	 18.1775317041
  0.0967000000	  0.1381578197	 17.9935121116
  0.1044000000	  0.1470184381	 18.5805471884
  0.1018000000	  0.1399250378	 18.3614953267
  0.1048000000	  0.1473610030	 18.3848971538
  0.0948000000	  0.1269297901	 17.9961132580
  0.1003000000	  0.1324857662	 18.4105024858
  0.1052000000	  0.1483057546	 18.4905316657
  0.1028000000	  0.1355959758	 18.2144864288
  0.0992000000	  0.1431619591	 18.2929034124
  0.1025000000	  0.1479015933	 18.2734147123
  0.1034000000	  0.1460705810	 17.5210250245
  0.1005000000	  0.1387536800	 18.2571489251
  0.1001000000	  0.1379918787	 18.1595238665
  0.0990000000	  0.1338181855	 17.8478488668
  0.1023000000	  0.1511651370	 17.6675298629
  0.1007000000	  0.1438978410	 18.4364073011
  0.1048000000	  0.1493579168	 18.3627713447
  0.0981000000	  0.1349617661	 18.1699108905
  0.1076000000	  0.1453863135	 18.4676414447
  0.0940000000	  0.1315565231	 17.8148331035
  0.0973000000	  0.1285796777	 18.2423198031
  0.0975000000	  0.1485134963	 18.2068209365
  0.1042000000	  0.1473065266	 17.8370202366
  0.1021000000	  0.1425477191	 18.5635639887
  0.1041000000	  0.1411500598	 18.4643669164
  0.0962000000	  0.1301570784	 17.3943479739
  0.0974000000	  0.1353826983	 18.3755282622
  0.0987000000	  0.1400309871	 18.6378188691
  0.0959000000	  0.1336061901	 17.6631572103
  0.1020000000	  0.1385163041	 18.3339313056
  0.0923000000	  0.1289524172	 18.2324195347
  0.0999000000	  0.1283541268	 18.3094835134
  0.1046000000	  0.1451672368	 17.9181241560
  0.1045000000	  0.1525230210	 18.2681135103
  0.0968000000	  0.1363586436	 17.8817183847
  0.1035000000	  0.1314197336	 18.5450013000
  0.1005000000	  0.1423949980	 18.6762373123
  0.1038000000	  0.1371001322	 18.4829368300
  0.0996000000	  0.1338198795	 18.1762716771
  0.1009000000	  0.1312920182	 17.7391932378
  0.0981000000	  0.1349528468	 18.6708252543
  0.1036000000	  0.1396965509	 17.9155106688
  0.1008000000	  0.1411519143	 17.9736615268
  0.1002000000	  0.1387977929	 18.4275636801
  0.1004000000	  0.1451580923	 18.5735560447
  0.0974000000	  0.1379984393	 18.0303459214
  0.0987000000	  0.1397330945	 17.9193141328
  0.0997000000	  0.1376194526	 18.2215929044
  0.0992000000	  0.1381920701	 18.4815792639
  0.0983000000	  0.1327562199	 18.1494078444
  0.1049000000	  0.1430078916	 18.3043447814
  0.1023000000	  0.1309013680	 18.0162317892
  0.0992000000	  0.1240331478	 18.0500338223
  0.0967000000	  0.1363979281	 18.4068312162
  0.0993000000	  0.1392656644	 17.9815947908
  0.1000000000	  0.1433747799	 18.0568973216
  0.1021000000	  0.1443289467	 18.2293315821
  0.1002000000	  0.1384341181	 18.4175159100
  0.0956000000	  0.1359508111	 18.4103819721
  0.0988000000	  0.1428110293	 18.2008084680
  0.0993000000	  0.1328430176	 18.0945062106
  0.0969000000	  0.1406412003	 18.3258565202
  0.1037000000	  0.1455901595	 18.7686990531
  0.1053000000	  0.1401502080	 18.4211525567
  0.1004000000	  0.1443204132	 18.2661119954
  0.1014000000	  0.1422658529	 19.1105165030
  0.1014000000	  0.1511286224	 17.9445350913
  0.1030000000	  0.1436291267	 18.5391319647
  0.0989000000	  0.1352207572	 17.8653024250
  0.0950000000	  0.1314753389	 17.8744111991
  0.0990000000	  0.1488462461	 18.1405643202
  0.0995000000	  0.1301827764	 18.3573746566
  0.0989000000	  0.1312121563	 17.6547954264
  0.0987000000	  0.1415472727	 17.7929821424
  0.0966000000	  0.1333596962	 18.1825004986
  0.0970000000	  0.1326402154	 18.7826142158
  0.1013000000	  0.1460812477	 18.6254393992
  0.0932000000	  0.1305484175	 17.4958585399
  0.0983000000	  0.1291939715	 18.0060750470
  0.0985000000	  0.1331700976	 17.6850364647
  0.0976000000	  0.1403784887	 18.2725361158
  0.1000000000	  0.1425044071	 18.0502524903
  0.0985000000	  0.1270633962	 18.0530207458
  0.1035000000	  0.1412011032	 18.3340222672
  0.0989000000	  0.1362603664	 17.7682246968
  0.0969000000	  0.1310240504	 17.9398506551
  0.0986000000	  0.1389543634	 18.1230854102
  0.0976000000	  0.1382686355	 17.9887972154
  0.1017000000	  0.1367909995	 18.0465751786
  0.1037000000	  0.1478498906	 18.1927905251
  0.1007000000	  0.1361560012	 18.3664903631
  0.0911000000	  0.1202634190	 17.8756060500
  0.0991000000	  0.1308652355	 17.3423884938
  0.0974000000	  0.1367207403	 18.3901939466
  0.0957000000	  0.1310112490	 17.6506204201
  0.1011000000	  0.1400915747	 17.9394060404
  0.0963000000	  0.1341409025	 18.2221951143
  0.1014000000	  0.1330053881	 18.9591049375
  0.0988000000	  0.1420363733	 18.1812235181
  0.0994000000	  0.1369116911	 18.0526402204
  0.0979000000	  0.1399219516	 18.0388400713
  0.1001000000	  0.1363792259	 18.3705606033
  0.0940000000	  0.1312884354	 18.1825182331
  0.1013000000	  0.1472815034	 18.1589975033
  0.0978000000	  0.1263402267	 18.4531772960
  0.1031000000	  0.1468782955	 18.6605103345
  0.1020000000	  0.1383026515	 17.9182677291
  0.1021000000	  0.1404715479	 18.2007559878
  0.0995000000	  0.1313054244	 18.1184683066
  0.0981000000	  0.1334425441	 18.1952944992
  0.1052000000	  0.1457294052	 18.1057169058
  0.0995000000	  0.1313256879	 18.2483832452
  0.0994000000	  0.1362179279	 18.4025099167
  0.0964000000	  0.1337757164	 18.2212701821
  0.0949000000	  0.1351998730	 18.1040944083
  0.1009000000	  0.1435042708	 18.2791684883
  0.0992000000	  0.1379935057	 18.3742057276
  0.0926000000	  0.1298654509	 18.4724348701
  0.1045000000	  0.1413892792	 18.7129555532
  0.1013000000	  0.1370078910	 18.5256155788
  0.1019000000	  0.1293744185	 18.2824988435
  0.0966000000	  0.1340900589	 17.8492545632
  0.1002000000	  0.1459198067	 18.2654581631
  0.0999000000	  0.1365485825	 18.4021079974
  0.0953000000	  0.1294118288	 18.1151040981
  0.0996000000	  0.1397231929	 18.2293835207
  0.0986000000	  0.1423349698	 17.9710221843
  0.1030000000	  0.1358349164	 18.2592394181
  0.1042000000	  0.1487047442	 18.2106905318
  0.1007000000	  0.1379712188	 18.3669356347
  0.1017000000	  0.1430545638	 18.6877032702
  0.1076000000	  0.1480815882	 18.3786578431
  0.1004000000	  0.1380373535	 18.5164829614
  0.1063000000	  0.1530519700	 17.9573577737
  0.1005000000	  0.1408501932	 18.1423356257
  0.1008000000	  0.1419895922	 18.2247331643
  0.0989000000	  0.1410405396	 18.1571427099
  0.0950000000	  0.1277380075	 18.0968558952
  0.1018000000	  0.1373025497	 17.8988114526
  0.0961000000	  0.1294169775	 18.2744201615
  0.0970000000	  0.1322032171	 17.7471349497
  0.0996000000	  0.1386728861	 18.2170854233
  0.1007000000	  0.1395851713	 17.9277358134
  0.0995000000	  0.1391240610	 18.4097472952
  0.1053000000	  0.1464269984	 17.9643329647
  0.1017000000	  0.1369038915	 18.3264725210
  0.1004000000	  0.1325614841	 17.8681463040
  0.0959000000	  0.1383214407	 18.2847805190
  0.0982000000	  0.1383862577	 18.3873171624
  0.1026000000	  0.1464398824	 17.6652347177
  0.1041000000	  0.1452834818	 18.1503603418
  0.1016000000	  0.1438019265	 18.2915341982
  0.0997000000	  0.1303873318	 17.8956174061
  0.1028000000	  0.1461488097	 18.4889290347
  0.0974000000	  0.1297236910	 18.1986315505
  0.0978000000	  0.1400061904	 18.3771614415
  0.1020000000	  0.1339324785	 18.2929432704
  0.1063000000	  0.1437460668	 18.2681046687
  0.1033000000	  0.1468684135	 17.8871994949
  0.1024000000	  0.1343912367	 18.3755785777
  0.1062000000	  0.1480489201	 18.8651700332
  0.1018000000	  0.1456069714	 18.0770171621
  0.1043000000	  0.1511689522	 18.0778231079
  0.0971000000	  0.1413326718	 17.7835590639
  0.0995000000	  0.1336590293	 17.9266969394
  0.0984000000	  0.1314679441	 17.5607856263
  0.0979000000	  0.1370663176	 18.9253547306
  0.0997000000	  0.1307248494	 17.9830033184
  0.1001000000	  0.1356540853	 17.8959736341
  0.1009000000	  0.1407505348	 18.5949189074
  0.1018000000	  0.1386486409	 18.0923378798
  0.0977000000	  0.1430114965	 18.2885108585
  0.0942000000	  0.1291206898	 18.1732825205
  0.1045000000	  0.1437322053	 18.3518592331
  0.0970000000	  0.1306817780	 18.4882655613
  0.0979000000	  0.1422485216	 17.9983536228
  0.0976000000	  0.1409015763	 18.5183714619
  0.1013000000	  0.1391164996	 18.0153167853
  0.0987000000	  0.1435086287	 18.3748903739
  0.1018000000	  0.1304780507	 18.0129257847
  0.0989000000	  0.1285625867	 18.4894090716
  0.0994000000	  0.1417282330	 17.9259959710
  0.1032000000	  0.1455655670	 18.6554264921
  0.0962000000	  0.1324919269	 17.7670049058
  0.1043000000	  0.1404193564	 18.1885278812
  0.0992000000	  0.1389593179	 18.4187913396
  0.1062000000	  0.1457654074	 19.4651007816
  0.1072000000	  0.1500932070	 17.6943606021
  0.0956000000	  0.1292632551	 17.6966535791
  0.0960000000	  0.1425702023	 17.5319887680
  0.1017000000	  0.1444245983	 17.5816217884
  0.1001000000	  0.1410132874	 18.5957690779
  0.0990000000	  0.1315856029	 17.9262378524
  0.1043000000	  0.1415876245	 18.6079499001
  0.0998000000	  0.1307018485	 18.4736426737
  0.1058000000	  0.1419012063	 18.1053979202
  0.1031000000	  0.1503929992	 18.4819056513
  0.1067000000	  0.1409361865	 18.7336497553
  0.1024000000	  0.1366491998	 17.9997817727
  0.0995000000	  0.1387779119	 17.7569026590
  0.1027000000	  0.1577934763	 18.1716484351
  0.0980000000	  0.1321687852	 18.2662133511
  0.0988000000	  0.1324379473	 17.8908094479
  0.1050000000	  0.1387773056	 18.2731176233
  0.1006000000	  0.1321681244	 17.7731169256
  0.0997000000	  0.1353941809	 18.3253332140
  0.1006000000	  0.1479423685	 18.5596275343
  0.0967000000	  0.1301115782	 17.5778776968
  0.0956000000	  0.1339716827	 18.4684812172
  0.0960000000	  0.1295894089	 17.5762726912
  0.0989000000	  0.1334444627	 18.4429508456
  0.0982000000	  0.1371501041	 18.4381134410
  0.0986000000	  0.1354717412	 18.5584955810
  0.0916000000	  0.1303338942	 17.5858532730
  0.0938000000	  0.1273135874	 18.1096787257
  0.1017000000	  0.1447688450	 18.3329396768
  0.1042000000	  0.1353297069	 18.5113101397
  0.0994000000	  0.1409105719	 18.2797644622
  0.0962000000	  0.1441659023	 17.9435073323
  0.0925000000	  0.1350562037	 17.6764461630
  0.0988000000	  0.1411576890	 18.4518731260
  0.0957000000	  0.1296745716	 18.3485619950
  0.1020000000	  0.1373875482	 18.6055222239
  0.0981000000	  0.1340051846	 17.8912354262
  0.0999000000	  0.1386314542	 18.3344973182
  0.1021000000	  0.1489360854	 18.6014323146
  0.1016000000	  0.1349810546	 18.4689451635
  0.0996000000	  0.1441447804	 18.6508705597
  0.0991000000	  0.1405905290	 18.0248739809
  0.0960000000	  0.1372419570	 18.5440649938
  0.1031000000	  0.1462636430	 18.5589103882
  0.1018000000	  0.1405386286	 17.8527441670
  0.1059000000	  0.1416701896	 18.1999123839
  0.1028000000	  0.1490360880	 18.3173434062
  0.0924000000	  0.1348142941	 17.7780394915
  0.0927000000	  0.1302906077	 17.8806475858
  0.0983000000	  0.1343327748	 18.1041211325
  0.1014000000	  0.1472026922	 18.2601719156
  0.1001000000	  0.1398000644	 18.2426128771
  0.1054000000	  0.1407988927	 18.3324304517
  0.1048000000	  0.1503547563	 18.5097787310
  0.1032000000	  0.1427014914	 17.8000784038
  0.0957000000	  0.1341636023	 17.6560849406
  0.1051000000	  0.1467356950	 18.5527434689
  0.1057000000	  0.1425458179	 18.3552567443
  0.1010000000	  0.1483192101	 18.2607659653
  0.0974000000	  0.1405045381	 18.0010088502
  0.1016000000	  0.1455750547	 18.4825975066
  0.0955000000	  0.1340760611	 17.5960453988
  0.1064000000	  0.1459305927	 18.0988083324
  0.1003000000	  0.1430649142	 18.3517962270
  0.1003000000	  0.1444668995	 18.1298753637
  0.1030000000	  0.1418426067	 17.7564137786
  0.0970000000	  0.1314673665	 18.1752136209
  0.0982000000	  0.1320104141	 18.7048525618
  0.0925000000	  0.1255380380	 18.2602103087
  0.0991000000	  0.1406308482	 18.5207640054
  0.0997000000	  0.1400108097	 18.2461336893
  0.1048000000	  0.1409582314	 17.6400004340
  0.1047000000	  0.1459865055	 18.6066452255
  0.1018000000	  0.1396121219	 18.1146585201
  0.0977000000	  0.1441174458	 17.8176827953
  0.0992000000	  0.1351581083	 18.3932127760
  0.0997000000	  0.1471780618	 18.1113553252
  0.1012000000	  0.1355805860	 18.2209377496
  0.0955000000	  0.1287547448	 18.1021548732
  0.1017000000	  0.1341554844	 17.9713985482
  0.1080000000	  0.1510920660	 18.6578523954
  0.1071000000	  0.1517404945	 18.6763891203
  0.0980000000	  0.1377006773	 17.4503427680
  0.1022000000	  0.1487125773	 18.3774607204
  0.1026000000	  0.1444552601	 18.2617277814
  0.0984000000	  0.1378808182	 18.1388360554
  0.0985000000	  0.1448784371	 18.2605778406
  0.0922000000	  0.1407619844	 18.2654448252
  0.1019000000	  0.1463493241	 17.1608478721
  0.1007000000	  0.1404764121	 18.4654840096
  0.0994000000	  0.1469987271	 18.1714068951
  0.0969000000	  0.1359465546	 18.1489498144
  0.1047000000	  0.1598626048	 18.7197418632
  0.0994000000	  0.1309332257	 18.3209783591
  0.0989000000	  0.1367778920	 18.4187714207
  0.0977000000	  0.1374068580	 17.9364056661
  0.1015000000	  0.1413923919	 18.4592690436
  0.0969000000	  0.1362534296	 17.6726581497
  0.0981000000	  0.1349840233	 18.3979187836
  0.1016000000	  0.1440040851	 18.7161039319
  0.1018000000	  0.1340935848	 17.9183960291
  0.0992000000	  0.1350072470	 18.0938910691
  0.1015000000	  0.1346999903	 17.7945073423
  0.0976000000	  0.1318213924	 17.6868222543
  0.0984000000	  0.1464921541	 18.2680152874
  0.1014000000	  0.1411779584	 17.7145823699
  0.0959000000	  0.1340609850	 18.0402928092
  0.0998000000	  0.1406737742	 18.5136709098
  0.0979000000	  0.1356492830	 18.2175743483
  0.1002000000	  0.1413448077	 18.4123351485
  0.1037000000	  0.1336365001	 18.2269086571
  0.1008000000	  0.1459893743	 18.1871444867
  0.0970000000	  0.1314171450	 18.2689947996
  0.0938000000	  0.1356651966	 17.7097894390
  0.0968000000	  0.1309395883	 18.5701288783
  0.1062000000	  0.1487489429	 18.3157445987
  0.0980000000	  0.1383352089	 18.4610388929
  0.1002000000	  0.1419002013	 18.0238106812
  0.1052000000	  0.1529203470	 18.2154633579
  0.0993000000	  0.1380997881	 17.7948059433
  0.0961000000	  0.1363393322	 18.2268375672
  0.1017000000	  0.1397470155	 18.1724971415
  0.1024000000	  0.1442588612	 18.0688598713
  0.0995000000	  0.1408002922	 18.3378297856
  0.1042000000	  0.1480165950	 18.7737482094
  0.1013000000	  0.1398297929	 17.8109678054
  0.0974000000	  0.1446949085	 19.0961695539
  0.1003000000	  0.1456193704	 18.1696675236
  0.0986000000	  0.1331309403	 17.6709983035
  0.0998000000	  0.1431252972	 18.5971992129
  0.1027000000	  0.1375036094	 18.4347121833
  0.1026000000	  0.1331206053	 18.3111724119
  0.0966000000	  0.1405982923	 18.6320646102
  0.0977000000	  0.1433349545	 18.0207494089
  0.1000000000	  0.1460923021	 18.2842113114
  0.1017000000	  0.1386656781	 18.2799756963
  0.0969000000	  0.1413846382	 18.1997718790
  0.0970000000	  0.1371792617	 17.8871104592
  0.0956000000	  0.1349023362	 18.5009328772
  0.0984000000	  0.1385231479	 18.5986710803
  0.1013000000	  0.1393153305	 17.9003552211
  0.0985000000	  0.1345372866	 17.7841261927
  0.1010000000	  0.1360919717	 17.9349558344
  0.0956000000	  0.1368580237	 18.2992531906
  0.0996000000	  0.1428750463	 18.0965302108
  0.0994000000	  0.1369653552	 18.0602699811
  0.1045000000	  0.1450619356	 18.0061510730
  0.0975000000	  0.1374157357	 17.8513918946
  0.1055000000	  0.1392907814	 18.1493703849
  0.0983000000	  0.1365873864	 18.6185891132
  0.0960000000	  0.1396928152	 17.8228434535
  0.1018000000	  0.1365964694	 18.2989391379
  0.1037000000	  0.1438056917	 18.7168449107
  0.1015000000	  0.1389084256	 18.6754006002
  0.1004000000	  0.1303903203	 18.0798671725
  0.0953000000	  0.1340474354	 18.0458610373
  0.0993000000	  0.1315706619	 17.9973423512
  0.0997000000	  0.1388505794	 18.0933764486
  0.0917000000	  0.1304766304	 18.3191314044
  0.0989000000	  0.1469643144	 18.3194768682
  0.1050000000	  0.1395031599	 17.6879585730
  0.1036000000	  0.1405493960	 18.2835450595
  0.0975000000	  0.1338581168	 18.2574817650
  0.0984000000	  0.1350617789	 18.0482399617
  0.1010000000	  0.1439842413	 18.3973437502
  0.1018000000	  0.1487611484	 17.8125594825
  0.1046000000	  0.1448123527	 18.6119694121
  0.1023000000	  0.1357990306	 18.4506611398
  0.1089000000	  0.1479854455	 18.1525625521
  0.1016000000	  0.1407570101	 18.3855786305
  0.1019000000	  0.1343470254	 17.9606800758
  0.0990000000	  0.1301889159	 17.7748601779
  0.1039000000	  0.1476935477	 18.4958958420
  0.0986000000	  0.1442924491	 17.9565658665
  0.0999000000	  0.1427046912	 17.9784672703
  0.0981000000	  0.1459479196	 18.1284453331
  0.1007000000	  0.1341850571	 18.4624376588
  0.0978000000	  0.1341338654	 18.6653950606
  0.1026000000	  0.1434838555	 17.9350655957
  0.0978000000	  0.1381889620	 18.1071576712
  0.0998000000	  0.1405008149	 18.1544707876
  0.1004000000	  0.1322857115	 19.0589884391
  0.0972000000	  0.1289668628	 17.8878348504
  0.1040000000	  0.1528983641	 18.6339863342
  0.0942000000	  0.1243165629	 18.0807631068
  0.1005000000	  0.1463631117	 18.0956124980
  0.1000000000	  0.1498278070	 18.4512781645
  0.1032000000	  0.1462313666	 18.2640680852
  0.0978000000	  0.1324452130	 18.2887647364
  0.1022000000	  0.1427654668	 17.9384196765
  0.1017000000	  0.1418312363	 18.3793410822
  0.1046000000	  0.1475711230	 18.4690582875
  0.0966000000	  0.1359413195	 18.1453282536
  0.0965000000	  0.1289448537	 18.3031943608
  0.1009000000	  0.1370488511	 17.8914441753
  0.1025000000	  0.1464161752	 17.9251713539
  0.1005000000	  0.1522292199	 18.4103229753
  0.0937000000	  0.1352705382	 17.9661972544
  0.1029000000	  0.1395195541	 18.4580438807
  0.1004000000	  0.1404473658	 18.0792541864
  0.0992000000	  0.1467672091	 19.0932644526
  0.0981000000	  0.1317622918	 17.6452029938
  0.0946000000	  0.1367693234	 18.0784104079
  0.0999000000	  0.1381508586	 18.6075115340
  0.0964000000	  0.1353166855	 18.2009606407
  0.0953000000	  0.1303102713	 17.9325733396
  0.1046000000	  0.1492667693	 18.1666818543
  0.0976000000	  0.1365258264	 17.7181652641
  0.0997000000	  0.1341415823	 18.2481249918
  0.1048000000	  0.1420947409	 18.4307770769
  0.1055000000	  0.1376772328	 18.8607441078
  0.1031000000	  0.1308990307	 18.4975769809
  0.0989000000	  0.1327085700	 18.2708184380
  0.1021000000	  0.1406250413	 18.1499137056
  0.0991000000	  0.1361619636	 18.3656965191
  0.1006000000	  0.1325974317	 17.9886272725
  0.1004000000	  0.1406256983	 18.2717371414
  0.0983000000	  0.1307781056	 18.4826484809
  0.0975000000	  0.1312286663	 18.3503646769
  0.0991000000	  0.1564292100	 18.4285755230
  0.1064000000	  0.1518987585	 18.1345705821
  0.1003000000	  0.1386021407	 18.3100647619
  0.1008000000	  0.1402636868	 18.3218387938
  0.0994000000	  0.1498005879	 18.4013449855
  0.1009000000	  0.1442293152	 18.3459949149
  0.1012000000	  0.1318789562	 18.4352230797
  0.0938000000	  0.1355803671	 18.6209729231
  0.0969000000	  0.1287118963	 18.2778872965
  0.1032000000	  0.1506920319	 18.4073887756
  0.1032000000	  0.1459394300	 17.9634385310
  0.0957000000	  0.1325425859	 18.5025354987
  0.0977000000	  0.1346315321	 18.2226695101
  0.0952000000	  0.1314115067	 17.7734175736
  0.0999000000	  0.1403701056	 19.1133427995
  0.0979000000	  0.1356356570	 18.1538493718
  0.1004000000	  0.1443412299	 17.6523728328
  0.0964000000	  0.1340603315	 18.3624240492
  0.1005000000	  0.1395296821	 18.2856191992
  0.0978000000	  0.1328968222	 18.0321953581
  0.0975000000	  0.1412101614	 18.1697388812
  0.1021000000	  0.1322366855	 18.5528867712
  0.0994000000	  0.1338736164	 18.2877196648
  0.0962000000	  0.1309848716	 17.7419555465
  0.1001000000	  0.1409767023	 17.7259600764
  0.1010000000	  0.1380793399	 18.3430637205
  0.1014000000	  0.1362813085	 18.3282772289
  0.1035000000	  0.1350057674	 18.9563395390
  0.0974000000	  0.1348021300	 18.9323200273
  0.1042000000	  0.1481400315	 17.8549555993
  0.1022000000	  0.1367162525	 18.4218022296
  0.0989000000	  0.1327887662	 18.0771140793
  0.1008000000	  0.1490943263	 18.6765162333
  0.0968000000	  0.1289984876	 18.4299554163
  0.1040000000	  0.1465532729	 18.0667688700
  0.1003000000	  0.1450448093	 17.9614631068
  0.0971000000	  0.1454056706	 18.4109623315
  0.0981000000	  0.1446563285	 18.4417959942
  0.1038000000	  0.1509109336	 18.2324575569
  0.0997000000	  0.1383970747	 18.0639835071
  0.0996000000	  0.1365886060	 18.0069437645
  0.1001000000	  0.1411484930	 18.1262209303
  0.1012000000	  0.1394102598	 18.0235464968
  0.1023000000	  0.1452486475	 17.7378502504
  0.1009000000	  0.1373111493	 17.8604283048
  0.0994000000	  0.1437734494	 17.8964535891
  0.0991000000	  0.1336590320	 18.5329481405
  0.1009000000	  0.1405137184	 18.5328228632
  0.1003000000	  0.1419524517	 17.9425942606
  0.1016000000	  0.1413711361	 18.1815449469
  0.1028000000	  0.1448683088	 18.0963905595
  0.0916000000	  0.1275667654	 18.1271122963
  0.1017000000	  0.1355654191	 18.1932433355
  0.1010000000	  0.1437185148	 17.8669931833
  0.1016000000	  0.1468351772	 18.1698394687
  0.1003000000	  0.1441609981	 18.3201376579
  0.1013000000	  0.1402959408	 18.2821353378
  0.1009000000	  0.1461699565	 18.1814214644
  0.0981000000	  0.1317610388	 18.0393498189
  0.1036000000	  0.1407916425	 18.1560013721
  0.1046000000	  0.1479362995	 18.2802485420
  0.1011000000	  0.1365983354	 18.4439183705
  0.1011000000	  0.1378919383	 18.4164112998
  0.1032000000	  0.1505835734	 18.0971671475
  0.1002000000	  0.1276347664	 17.5717034238
  0.1024000000	  0.1428342119	 17.8232003478
  0.0976000000	  0.1294421399	 17.9824919485
  0.0997000000	  0.1348039457	 17.8723338278
  0.1015000000	  0.1444798647	 18.0165837499
  0.0985000000	  0.1443131529	 18.4104926527
  0.1021000000	  0.1404410744	 18.3485191951
  0.1050000000	  0.1519504221	 18.9683533474
  0.0956000000	  0.1307193571	 18.6847848613
  0.0993000000	  0.1372770910	 17.9647532256
  0.0982000000	  0.1413299066	 18.2182638398
  0.1018000000	  0.1416714575	 18.4467431191
  0.0936000000	  0.1354200490	 17.9491005694
  0.1062000000	  0.1501813371	 18.3108760954
  0.1031000000	  0.1418173723	 18.3904717702
  0.1043000000	  0.1435927853	 18.4702851096
  0.0950000000	  0.1247902924	 17.8657773180
  0.1021000000	  0.1429917892	 18.3723241403
  0.0998000000	  0.1406627942	 18.0027299427
  0.1003000000	  0.1419768932	 18.4396519348
  0.0963000000	  0.1337588356	 18.5860887741
  0.0989000000	  0.1382326094	 18.2960181774
  0.0984000000	  0.1373258467	 18.0783985223
  0.0975000000	  0.1378975516	 17.5341039747
  0.1004000000	  0.1325447590	 18.2733719418
  0.1015000000	  0.1358168539	 17.7731821912
  0.0973000000	  0.1415624334	 17.7570458580
  0.0967000000	  0.1322501859	 18.7492054889
  0.1068000000	  0.1512007314	 18.1413765662
  0.1029000000	  0.1506411941	 18.4235336641
  0.1012000000	  0.1442733791	 18.1873708964
  0.0997000000	  0.1346403752	 18.2628014307
  0.0982000000	  0.1247107027	 18.3027019728
  0.0968000000	  0.1355149855	 18.3204569680
  0.1041000000	  0.1454352528	 18.0462877117
  0.0938000000	  0.1353111096	 18.4538082670
  0.0986000000	  0.1339848211	 18.0048297643
  0.0982000000	  0.1386262823	 18.3242566430
  0.0925000000	  0.1332482182	 17.8849177277
  0.0986000000	  0.1384282004	 18.6856782723
  0.0990000000	  0.1413726820	 18.0650592803
  0.1050000000	  0.1406924008	 17.2967716462
  0.0944000000	  0.1367238747	 17.8219777991
  0.1015000000	  0.1364811007	 17.9138336996
  0.0935000000	  0.1218419657	 17.7260980393
  0.0978000000	  0.1373877060	 18.3401992133
  0.0995000000	  0.1380533878	 18.0737738028
  0.1001000000	  0.1407761845	 18.7396520963
  0.1017000000	  0.1473366095	 18.6679232536
  0.1013000000	  0.1390224305	 18.3431174740
  0.1050000000	  0.1394163695	 18.8619590559
  0.1016000000	  0.1507736066	 17.9157088313
  0.1008000000	  0.1447673490	 18.4251519806
  0.0929000000	  0.1317282173	 18.3135001580
  0.1007000000	  0.1426432213	 18.6722499450
  0.1058000000	  0.1396319567	 18.1433836649
  0.1014000000	  0.1345171907	 18.1106793600
  0.1062000000	  0.1427881345	 17.9476382319
  0.1041000000	  0.1527947057	 18.7812058402
  0.0907000000	  0.1144374145	 17.8859861184
  0.1036000000	  0.1477697274	 18.0329462673
  0.1009000000	  0.1343544709	 18.2756258451
  0.0963000000	  0.1265835836	 18.1330342781
  0.1032000000	  0.1566755228	 18.6844500189
  0.0962000000	  0.1224692645	 17.8375888185
  0.1005000000	  0.1371813357	 18.3024966459
  0.1012000000	  0.1425277237	 18.3645111302
  0.1017000000	  0.1397850080	 17.9521863945
  0.1011000000	  0.1347179869	 18.1280865664
  0.0980000000	  0.1233124502	 18.2880094802
  0.0942000000	  0.1377285851	 17.8703229245
  0.0961000000	  0.1274278305	 17.9877286212
  0.0928000000	  0.1379405213	 18.1055747780
  0.0999000000	  0.1315828467	 18.2868745225
  0.1009000000	  0.1365313796	 18.4427838747
  0.0962000000	  0.1345698768	 18.1331852639
  0.1021000000	  0.1374170196	 17.8552724697
  0.1002000000	  0.1403616045	 18.5050448892
  0.0934000000	  0.1384823411	 18.4782464066
  0.1016000000	  0.1434954286	 18.2504850194
  0.0964000000	  0.1275625095	 17.3959062465
  0.0975000000	  0.1285266047	 17.9264533660
  0.1035000000	  0.1427751950	 17.7733416343
  0.0988000000	  0.1399160119	 17.7361479024
  0.1005000000	  0.1462524895	 18.3884944981
  0.0977000000	  0.1358393218	 18.1387523741
  0.0926000000	  0.1250422322	 18.1230525970
  0.0985000000	  0.1361439311	 18.2111974244
  0.0939000000	  0.1268255300	 18.0172618310
  0.1010000000	  0.1334088757	 17.6727346976
  0.0923000000	  0.1246323846	 18.2021394918
  0.0991000000	  0.1360540301	 18.0703173306
  0.1036000000	  0.1545646010	 18.5132796284
  0.1063000000	  0.1500747305	 17.7616776697
  0.0969000000	  0.1262548317	 18.2729169021
  0.1015000000	  0.1301144631	 18.5216043827
  0.0981000000	  0.1317354289	 18.2756197626
  0.1013000000	  0.1461478564	 17.8596052825
  0.1030000000	  0.1425838065	 18.7198512563
  0.1036000000	  0.1361367435	 18.0748781556
  0.1020000000	  0.1348256338	 17.4814414211
  0.1041000000	  0.1517746948	 18.2277576100
  0.1032000000	  0.1432371732	 18.3149444696
  0.1008000000	  0.1428631646	 18.2189733828
  0.0977000000	  0.1368906216	 18.0325622674
  0.0989000000	  0.1323407471	 18.2297769093
  0.0963000000	  0.1343221724	 18.3057752111
  0.0977000000	  0.1291131260	 18.5261701729
  0.1023000000	  0.1360710786	 18.2438124067
  0.1058000000	  0.1484778228	 18.8342008186
  0.0997000000	  0.1369856033	 18.0593801150
  0.1022000000	  0.1379385790	 18.2789861514
  0.1058000000	  0.1437674831	 17.9257038119
  0.1015000000	  0.1435471521	 18.2806024556
  0.1016000000	  0.1299210137	 18.5108751774
  0.0922000000	  0.1234445889	 18.7275633794
  0.0975000000	  0.1330718379	 18.0135455253
  0.1013000000	  0.1319707027	 18.2738962567
  0.0954000000	  0.1314872780	 17.5807918544
  0.0990000000	  0.1413758340	 18.1230391079
  0.1047000000	  0.1456096874	 18.3302248142
  0.0952000000	  0.1301744650	 18.1751017173
  0.0966000000	  0.1391615426	 18.8637716208
  0.1034000000	  0.1412404269	 18.4193360168
  0.0957000000	  0.1269855628	 17.7096719487
  0.1006000000	  0.1459957078	 18.0955178131
  0.1037000000	  0.1453282916	 18.6595905334
  0.0963000000	  0.1283898030	 18.2172327663
  0.0969000000	  0.1323827054	 18.1420078358
  0.0987000000	  0.1394227999	 17.9548951136
  0.1034000000	  0.1496177345	 17.9691164146
  0.1003000000	  0.1384125547	 18.1016277370
  0.0963000000	  0.1303035891	 18.1935389163
  0.1009000000	  0.1328609951	 18.6478226273
  0.1008000000	  0.1312569872	 18.2801684100
  0.0993000000	  0.1300608708	 18.2511243686
  0.0965000000	  0.1395598820	 18.9145171806
  0.1042000000	  0.1501681692	 17.9934207616
  0.0968000000	  0.1435978531	 17.7086052091
  0.0955000000	  0.1317533914	 18.2412219644
  0.0992000000	  0.1331933293	 17.5953704076
  0.1013000000	  0.1323348402	 18.4430300928
  0.1008000000	  0.1377042477	 18.0954233171
  0.1036000000	  0.1486464121	 18.0088650742
  0.0962000000	  0.1269035335	 18.2456217961
  0.1003000000	  0.1381284930	 18.0699713483
  0.1058000000	  0.1462273218	 18.2235508028
  0.0929000000	  0.1347504654	 18.0117688022
  0.0980000000	  0.1372438698	 17.9147773250
  0.1054000000	  0.1374933957	 17.8142137546
  0.1030000000	  0.1469302552	 18.8741973055
  0.1002000000	  0.1431668283	 17.9663227140
  0.1004000000	  0.1482949582	 18.5988863279
  0.1004000000	  0.1380941016	 18.2650953225
  0.0989000000	  0.1379320063	 17.8355257063
  0.0929000000	  0.1276827504	 18.3248150438
  0.0966000000	  0.1386780544	 18.0663172851
  0.1030000000	  0.1390609723	 18.4441797966
  0.1062000000	  0.1452414036	 17.8265915313
  0.1028000000	  0.1377653792	 18.1611075598
  0.1015000000	  0.1381132495	 17.6827093936
  0.1004000000	  0.1386688503	 18.2053425654
  0.0997000000	  0.1407263169	 17.7520698992
  0.1017000000	  0.1360284595	 18.0622070715
  0.1043000000	  0.1535791930	 19.2121697744
  0.0932000000	  0.1378715954	 17.7468494176
  0.1012000000	  0.1402149033	 18.5369345354
  0.0981000000	  0.1431087191	 18.7126812717
  0.0992000000	  0.1388912443	 18.2272913306
  0.1018000000	  0.1530489807	 18.2206902020
  0.1034000000	  0.1504388010	 17.9384429203
  0.0948000000	  0.1400128914	 17.9697724958
  0.0979000000	  0.1297953247	 17.6906526797
  0.1045000000	  0.1542189768	 18.4444735993
  0.1018000000	  0.1367742880	 17.6294430022
  0.1019000000	  0.1401493900	 18.3609083359
  0.0989000000	  0.1383102489	 17.6269945501
  0.1046000000	  0.1605191924	 18.6864474915
  0.1006000000	  0.1334862091	 17.9044340018
  0.1015000000	  0.1379774391	 18.2960586419
  0.0935000000	  0.1355871125	 18.4850063226
  0.1030000000	  0.1428702152	 18.2274131009
  0.1008000000	  0.1403871000	 18.2488394107
  0.0990000000	  0.1387890595	 18.2442982442
  0.0971000000	  0.1317727775	 18.2225916130
  0.1010000000	  0.1389202572	 17.8909618591
  0.0953000000	  0.1292182386	 18.0169244835
  0.1017000000	  0.1356229454	 18.0042820953
  0.0940000000	  0.1310427720	 18.2143220521
  0.1025000000	  0.1462868391	 18.6466234191
  0.0983000000	  0.1449015408	 18.0722879910
  0.0974000000	  0.1387683135	 17.5236537078
  0.1062000000	  0.1544188586	 18.6907214133
  0.0997000000	  0.1353641173	 18.1921918168
  0.0952000000	  0.1296590684	 18.0410818826
  0.0938000000	  0.1230127355	 17.3763470910
  0.0964000000	  0.1350625838	 18.4139389470
  0.0964000000	  0.1418834183	 18.3650698317
  0.1014000000	  0.1379934452	 18.4935040982
  0.0993000000	  0.1352205047	 18.1736030453
  0.0992000000	  0.1368737611	 18.1581639768
  0.0951000000	  0.1303400430	 18.3744379728
  0.1015000000	  0.1383108851	 18.3796213647
  0.0932000000	  0.1306764254	 17.5357587104
  0.1038000000	  0.1474159720	 18.2772484189
  0.0966000000	  0.1332988541	 18.0273950728
  0.1036000000	  0.1382837555	 18.2712356287
  0.0942000000	  0.1415150279	 18.0832742508
  0.1000000000	  0.1363857754	 17.7481112396
  0.1002000000	  0.1495323132	 18.2274125498
  0.0957000000	  0.1332300761	 18.0685280065
  0.0981000000	  0.1347219604	 18.0912787098
  0.1010000000	  0.1331038430	 18.0477317044
  0.0993000000	  0.1434050540	 18.0124491604
  0.1016000000	  0.1436067039	 18.1578345527
  0.1020000000	  0.1342621755	 18.1734780701
  0.0948000000	  0.1506703937	 17.9972587213
  0.1071000000	  0.1476197618	 18.3216550683
  0.0984000000	  0.1455404568	 18.0760562910
  0.0958000000	  0.1339646221	 18.3116344559
  0.1032000000	  0.1453518347	 18.2190826613
  0.1005000000	  0.1396866751	 18.2293429984
  0.1079000000	  0.1577314394	 18.3040984271
  0.1040000000	  0.1392989523	 18.1464738098
  0.0975000000	  0.1292829562	 18.3750390793
  0.0997000000	  0.1485656513	 18.6810837566
  0.1014000000	  0.1468402408	 18.5484161361
  0.1032000000	  0.1482063202	 18.6729836120
  0.0993000000	  0.1405569252	 18.2453496825
  0.1006000000	  0.1410046649	 18.0947061911
  0.1026000000	  0.1475643294	 18.2068262895
  0.0997000000	  0.1383230373	 17.9613066166
  0.0985000000	  0.1406876638	 18.2290112311
  0.0974000000	  0.1352018490	 18.1378089664
  0.0998000000	  0.1358811453	 18.5552231164
  0.1067000000	  0.1482948974	 18.3270939097
  0.1018000000	  0.1375734862	 18.1217643521
  0.0976000000	  0.1320947575	 18.1730331871
  0.0953000000	  0.1250671459	 17.7253654790
  0.0948000000	  0.1305672571	 17.6796868764
  0.0979000000	  0.1367731262	 18.5397952016
  0.1050000000	  0.1310031438	 18.4884589249
  0.1000000000	  0.1442427095	 18.0285762191
  0.1006000000	  0.1390014018	 18.2892671047
  0.0996000000	  0.1425818887	 18.1866994011
  0.1008000000	  0.1351219557	 18.7448758066
  0.0942000000	  0.1303222166	 18.3634619327
  0.1024000000	  0.1401523220	 18.4949632059
  0.0999000000	  0.1385630026	 18.3844606090
  0.0965000000	  0.1314197133	 18.0982547917
  0.1062000000	  0.1552652352	 18.3105525818
  0.1005000000	  0.1481692946	 17.8581585174
  0.1020000000	  0.1404394353	 18.2735687352
  0.1017000000	  0.1419780615	 18.5029266253
  0.1035000000	  0.1439928698	 18.3593443419
  0.0973000000	  0.1339503011	 17.7716097795
  0.0974000000	  0.1380017552	 18.1516761258
  0.1023000000	  0.1429405492	 18.0116515576
  0.1027000000	  0.1397379931	 18.6801973819
  0.0978000000	  0.1372280669	 18.2196525481
  0.1011000000	  0.1441848081	 18.0320925261
  0.0969000000	  0.1412057470	 18.1151565956
  0.1040000000	  0.1447294654	 18.4747596624
  0.1036000000	  0.1402925695	 18.4382250827
  0.1008000000	  0.1409071323	 18.6769386645
  0.0978000000	  0.1368111869	 18.2260457802
  0.0978000000	  0.1439139602	 18.5170776305
  0.0986000000	  0.1561330683	 17.9751628189
  0.0992000000	  0.1444519822	 18.0055179360
  0.1067000000	  0.1404525972	 18.2083487278
  0.1012000000	  0.1420620324	 18.8336756623
  0.0947000000	  0.1212913495	 17.8614196427
  0.0989000000	  0.1334031552	 18.5861703547
  0.0995000000	  0.1336575124	 18.5791313048
  0.1054000000	  0.1328103800	 18.3434598270
  0.1002000000	  0.1490558449	 17.9371250224
  0.1012000000	  0.1404440570	 17.8440755571
  0.0956000000	  0.1340459166	 18.5745470517
  0.1002000000	  0.1427773802	 18.2882939066
  0.1018000000	  0.1366644680	 18.5621085939
  0.0978000000	  0.1374654099	 18.4552901580
  0.1007000000	  0.1430829904	 18.2255097929
  0.1027000000	  0.1433894464	 18.1154424533
  0.0980000000	  0.1392187603	 17.8461001252
  0.0977000000	  0.1372522491	 18.1002353173
  0.0966000000	  0.1379310206	 18.0203588387
  0.0947000000	  0.1300973355	 18.2839522875
  0.1051000000	  0.1525245656	 17.9441535637
  0.0966000000	  0.1280402425	 18.1741916811
  0.0914000000	  0.1290455539	 18.0840666863
  0.1023000000	  0.1430886863	 18.3281648889
  0.1007000000	  0.1312450060	 18.2138808272
  0.1030000000	  0.1502302568	 18.3487279797
  0.0971000000	  0.1397115075	 18.1900277213
  0.0924000000	  0.1366347522	 18.3911678533
  0.0988000000	  0.1358884589	 18.7563900828
  0.0954000000	  0.1340549956	 18.3956122078
  0.0995000000	  0.1313836834	 18.5289711676
  0.0899000000	  0.1286418986	 18.0634525574
  0.0964000000	  0.1348559483	 18.4524649221
  0.0955000000	  0.1383864342	 18.2246265825
  0.0991000000	  0.1359383319	 18.1706148058
  0.0972000000	  0.1321143563	 18.1238685414
  0.0988000000	  0.1352410983	 18.5227759543
  0.0988000000	  0.1386161836	 17.9258550385
  0.0986000000	  0.1444009613	 18.2872963140
  0.0971000000	  0.1321664214	 18.6823449984
  0.0984000000	  0.1316106965	 18.4465282612
  0.1030000000	  0.1444188908	 18.1618153582
  0.1031000000	  0.1439886560	 18.4845686377
  0.0959000000	  0.1340109822	 17.7156017939
  0.1001000000	  0.1418283729	 18.2456895368
  0.0956000000	  0.1345128035	 17.8597146212
  0.1040000000	  0.1368994770	 18.1709190591
  0.0996000000	  0.1468777395	 18.3466989117
  0.1022000000	  0.1375508885	 18.2451827432
  0.0981000000	  0.1375428446	 17.9472297986
  0.1018000000	  0.1355396689	 18.9635321120
  0.0928000000	  0.1349956267	 17.6973767809
  0.0976000000	  0.1354668954	 18.0629582060
  0.1002000000	  0.1395366385	 17.8218268257
  0.0988000000	  0.1394464520	 18.0925156633
  0.0989000000	  0.1353426770	 17.5199800242
  0.0976000000	  0.1316451950	 17.8948190202
  0.0989000000	  0.1397393849	 18.2646954637
  0.0961000000	  0.1237058869	 18.0414918606
  0.1019000000	  0.1405700751	 18.5346942402
  0.0944000000	  0.1255145780	 18.1088933011
  0.0980000000	  0.1335394855	 18.1885577034
  0.0982000000	  0.1421679954	 18.4604241270
  0.0996000000	  0.1415483423	 18.1306310353
  0.1096000000	  0.1539211007	 18.9459424798
  0.1049000000	  0.1381159320	 18.4606395215
  0.0998000000	  0.1411319038	 18.2702748574
  0.0978000000	  0.1375333269	 18.0629357196
  0.0984000000	  0.1340459441	 18.6230602716
  0.1002000000	  0.1354194483	 18.0982596528
  0.1007000000	  0.1373397909	 17.6191468083
  0.0971000000	  0.1338831536	 18.8461173437
  0.0943000000	  0.1315673580	 17.8352800997
  0.0967000000	  0.1418100098	 18.7131975785
  0.0965000000	  0.1399311180	 17.9098533062
  0.1015000000	  0.1436162626	 18.3348822936
  0.1018000000	  0.1492952196	 17.9465261389
