  0.1002000000	  0.1408961951	 18.1426249712
  0.0967000000	  0.1377880928	 18.1967428218
  0.1009000000	  0.1382841867	 17.9946688187
  0.0987000000	  0.1424317144	 18.1733401168
  0.1002000000	  0.1444982042	 18.1667312173
  0.0998000000	  0.1392111215	 18.3349032326
  0.0990000000	  0.1408115263	 18.3081023775
  0.1006000000	  0.1379370005	 18.1608219612
  0.0988000000	  0.1361929371	 18.2724803836
  0.1005000000	  0.1330112893	 18.1537904366
  0.0986000000	  0.1383931513	 18.3117869420
  0.1035000000	  0.1400821574	 18.2176875006
  0.1012000000	  0.1432899397	 18.0824471395
  0.0957000000	  0.1371578865	 18.1646158528
  0.1004000000	  0.1386053639	 17.9728365519
  0.0999000000	  0.1416574851	 18.2134712033
  0.1000000000	  0.1397539494	 17.9847185744
  0.0994000000	  0.1369907951	 18.3760430140
  0.0994000000	  0.1400483725	 18.1140003675
  0.1016000000	  0.1376159740	 18.2275464738
  0.1008000000	  0.1397581403	 18.2356006741
  0.0988000000	  0.1381040650	 18.1148721350
  0.0998000000	  0.1449774505	 18.3366897036
  0.0989000000	  0.1373940195	 18.1529223546
  0.0994000000	  0.1381717483	 18.3937008652
  0.1000000000	  0.1394374396	 18.1619567301
  0.0960000000	  0.1373572904	 18.2675794882
  0.1027000000	  0.1462357416	 18.1160519938
  0.1014000000	  0.1358262421	 18.2052224823
  0.1018000000	  0.1395728426	 18.4431760157
  0.0981000000	  0.1357875891	 18.1279229499
  0.1015000000	  0.1416276855	 18.3173524561
  0.1002000000	  0.1442460576	 18.1104489518
  0.0969000000	  0.1428085658	 18.3090582589
  0.1002000000	  0.1409073738	 18.1369622770
  0.0971000000	  0.1336136636	 18.1018129474
  0.1000000000	  0.1405982950	 18.3034760439
  0.1001000000	  0.1428531478	 18.0747952369
  0.1001000000	  0.1380555556	 18.1975859543
  0.1019000000	  0.1379628440	 18.3006712603
  0.1021000000	  0.1472600226	 18.1293943941
  0.1026000000	  0.1429182804	 18.0711788017
  0.0995000000	  0.1396893097	 17.9395281123
  0.0975000000	  0.1402038463	 18.0385953966
  0.1020000000	  0.1338422770	 18.1275074285
  0.0979000000	  0.1403790843	 18.0368734816
  0.0996000000	  0.1373368828	 18.1236112691
  0.0974000000	  0.1373825101	 18.2499147287
  0.0986000000	  0.1417384692	 18.2507606543
  0.0987000000	  0.1363161266	 18.0454845765
  0.1035000000	  0.1400772421	 18.2856734648
  0.1007000000	  0.1408113456	 18.0204077872
  0.1043000000	  0.1465174132	 18.0446089410
  0.0994000000	  0.1371972982	 18.1545558664
  0.0998000000	  0.1412766690	 18.2976572591
  0.0990000000	  0.1392081151	 18.3906724298
  0.0977000000	  0.1402974566	 18.0481907499
  0.0953000000	  0.1387136290	 18.1338229343
  0.1006000000	  0.1306999792	 18.2919368547
  0.0978000000	  0.1332146885	 18.1871102263
  0.1006000000	  0.1377672497	 18.1403526490
  0.0987000000	  0.1372767520	 18.1662462268
  0.0995000000	  0.1404509674	 17.9368443516
  0.0973000000	  0.1390791498	 18.1354723266
  0.0976000000	  0.1366269366	 18.4843810634
  0.0972000000	  0.1311450429	 18.3181733658
  0.0975000000	  0.1362033700	 17.9918054070
  0.1011000000	  0.1423877187	 18.1278366277
  0.1012000000	  0.1405262739	 18.2709147260
  0.1034000000	  0.1407429191	 18.2670858940
  0.1011000000	  0.1451247361	 18.1402419145
  0.1011000000	  0.1440678269	 18.0797312452
  0.0967000000	  0.1353204607	 18.0994757168
  0.0992000000	  0.1397406030	 18.1628141531
  0.1015000000	  0.1430103463	 18.1968978117
  0.1025000000	  0.1514370637	 17.9788905717
  0.0979000000	  0.1345804572	 18.1767075935
  0.1003000000	  0.1392353764	 18.1704755477
  0.1003000000	  0.1325294210	 18.3592544924
  0.0989000000	  0.1345533868	 18.0076228358
  0.1000000000	  0.1446464916	 18.1021036237
  0.0978000000	  0.1373041043	 18.1700523754
  0.1012000000	  0.1441537329	 18.0169889158
  0.0990000000	  0.1402553807	 17.9486987929
  0.1011000000	  0.1365011735	 18.3502951135
  0.0968000000	  0.1369166778	 18.1373132795
  0.1037000000	  0.1388983828	 18.1966272236
  0.0996000000	  0.1390885063	 18.2505359142
  0.0979000000	  0.1447627703	 18.4030984587
  0.1015000000	  0.1435714922	 18.0975135079
  0.1001000000	  0.1357872661	 18.0300272403
  0.1008000000	  0.1404459407	 18.3638553325
  0.1015000000	  0.1407754401	 18.2251144328
  0.0990000000	  0.1383522991	 18.1772217913
  0.1001000000	  0.1350421969	 18.1681846854
  0.1000000000	  0.1369278282	 18.1229052419
  0.1017000000	  0.1465129471	 18.0708074894
  0.0960000000	  0.1273422012	 18.3594493879
  0.0991000000	  0.1421719858	 18.3925846554
  0.1012000000	  0.1368625963	 18.2961512332
  0.0996000000	  0.1333246514	 18.1503395086
  0.1003000000	  0.1434287674	 18.1798540528
  0.0991000000	  0.1360342674	 18.1340864895
  0.1020000000	  0.1404757960	 18.2939886397
  0.0994000000	  0.1433253138	 18.0868921000
  0.0987000000	  0.1404943895	 18.3035181919
  0.0996000000	  0.1367949058	 18.3343072840
  0.0990000000	  0.1358830225	 18.2570237472
  0.1006000000	  0.1391259023	 18.0455555690
  0.1025000000	  0.1386102575	 18.0707451478
  0.1040000000	  0.1385653670	 18.1619169693
  0.0999000000	  0.1378119221	 18.3386218566
  0.1024000000	  0.1406198877	 18.1653956535
  0.0994000000	  0.1383552043	 18.1135776919
  0.1006000000	  0.1375220524	 18.4030723385
  0.1005000000	  0.1411286576	 18.0560590600
  0.0993000000	  0.1398256523	 17.9919995325
  0.0984000000	  0.1385292908	 18.1566689444
  0.0992000000	  0.1401949781	 18.1153331326
  0.0983000000	  0.1400120794	 18.3125937962
  0.1005000000	  0.1438775370	 18.1907549661
  0.0989000000	  0.1444392246	 18.0329649292
  0.1009000000	  0.1396998439	 18.2086148525
  0.0977000000	  0.1380814420	 18.2959030740
  0.1008000000	  0.1410032636	 18.1426789807
  0.0987000000	  0.1368994110	 18.3421586929
  0.1004000000	  0.1416982681	 18.1979853836
  0.0992000000	  0.1433639075	 18.1008054613
  0.1019000000	  0.1383771328	 18.0123891866
  0.1009000000	  0.1405290002	 18.1042781318
  0.1014000000	  0.1322105116	 18.1186797440
  0.1004000000	  0.1389077778	 18.5800993802
  0.1014000000	  0.1417391006	 18.2016497460
  0.0973000000	  0.1374749517	 18.1930990843
  0.0997000000	  0.1406890306	 18.1747868290
  0.1018000000	  0.1374873162	 18.1644069707
  0.1053000000	  0.1436932528	 18.2079082020
  0.0996000000	  0.1346174951	 18.1934947747
  0.0990000000	  0.1389777074	 18.2186374129
  0.0984000000	  0.1372121843	 18.0450475302
  0.1027000000	  0.1409538997	 18.2510887060
  0.0994000000	  0.1368068130	 18.0389253584
  0.0957000000	  0.1384848994	 18.3540115473
  0.1021000000	  0.1416831985	 17.9826042671
  0.1013000000	  0.1400318428	 18.2986550452
  0.0984000000	  0.1401066990	 18.2095509084
  0.1020000000	  0.1466600239	 18.2531741904
  0.1005000000	  0.1415856490	 18.1216146387
  0.1066000000	  0.1433373557	 18.1826242489
  0.0990000000	  0.1344672242	 18.2881849976
  0.0997000000	  0.1368980911	 18.1927713171
  0.1018000000	  0.1398112428	 18.0510841060
  0.1032000000	  0.1392316073	 18.3668466836
  0.0974000000	  0.1384825151	 18.1948861583
  0.1004000000	  0.1401214094	 18.1208862951
  0.0998000000	  0.1393173187	 18.1611361312
  0.0974000000	  0.1394744893	 18.1961474507
  0.0974000000	  0.1349054896	 18.2476963986
  0.0968000000	  0.1403400624	 18.2423799096
  0.0993000000	  0.1394696025	 18.3651476900
  0.1058000000	  0.1412317928	 18.1103222307
  0.0996000000	  0.1356848800	 18.1698300439
  0.0994000000	  0.1373176463	 18.1446030891
  0.1007000000	  0.1367637822	 18.0823615451
  0.0978000000	  0.1347837670	 18.1930353250
  0.1012000000	  0.1410213849	 18.3436419010
  0.0966000000	  0.1338264563	 18.2170116329
  0.0954000000	  0.1378714242	 18.1946510697
  0.0960000000	  0.1378046750	 18.3582650588
  0.0991000000	  0.1377178913	 18.1623107474
  0.1009000000	  0.1432983287	 18.2278117207
  0.0976000000	  0.1370136713	 18.0544487727
  0.1009000000	  0.1419372658	 18.1771859826
  0.0977000000	  0.1344658996	 18.1813738424
  0.0977000000	  0.1383122317	 18.0302263709
  0.1009000000	  0.1408750534	 18.2548287063
  0.0977000000	  0.1347105274	 18.5157358299
  0.0994000000	  0.1346425313	 18.2356016080
  0.1016000000	  0.1384886523	 18.3717354802
  0.1028000000	  0.1423235660	 18.0364567337
  0.0998000000	  0.1411953922	 18.3072428741
  0.0974000000	  0.1425142496	 18.1514862392
  0.0996000000	  0.1407867114	 18.2007494710
  0.0972000000	  0.1410578393	 18.0337310919
  0.0983000000	  0.1437700560	 18.2573388148
  0.1017000000	  0.1410674606	 18.1576915837
  0.0980000000	  0.1421836228	 18.1171303699
  0.0991000000	  0.1328292054	 18.2323807416
  0.0972000000	  0.1373305032	 18.2572253320
  0.1008000000	  0.1371583899	 18.0203149132
  0.1035000000	  0.1398948899	 18.1366748119
  0.1009000000	  0.1416674048	 18.0227333647
  0.1043000000	  0.1399680366	 18.1470709490
  0.1010000000	  0.1417244703	 18.2305385894
  0.0969000000	  0.1442894912	 18.1439129050
  0.1039000000	  0.1421333898	 18.3536692468
  0.0984000000	  0.1378931478	 18.1864872292
  0.1021000000	  0.1432691640	 18.0284940921
  0.1023000000	  0.1364596857	 17.9963729519
  0.0972000000	  0.1349670343	 17.9949700535
  0.1027000000	  0.1395189616	 18.1775864833
  0.1005000000	  0.1336495694	 18.0753619704
  0.1017000000	  0.1413570670	 18.1230304742
  0.1036000000	  0.1367862192	 18.0611712072
  0.0971000000	  0.1392467525	 18.1166975636
  0.1013000000	  0.1374235941	 18.2033819441
  0.1005000000	  0.1371005189	 18.1654637379
  0.1008000000	  0.1381948580	 18.1133439334
  0.0986000000	  0.1313171945	 18.0789070034
  0.0999000000	  0.1408379774	 18.2640902038
  0.1008000000	  0.1387268635	 18.1662412762
  0.1013000000	  0.1420580380	 18.1622270960
  0.1004000000	  0.1385328039	 18.1280037041
  0.1018000000	  0.1443198910	 18.1453103430
  0.1027000000	  0.1392678093	 18.1036086292
  0.1024000000	  0.1424622012	 18.0261779484
  0.0958000000	  0.1365286547	 18.1592532016
  0.1012000000	  0.1352868496	 18.3666843086
  0.1018000000	  0.1333439880	 18.4031644614
  0.0986000000	  0.1389019757	 18.2283050212
  0.0984000000	  0.1388222504	 18.0785144205
  0.1038000000	  0.1361092651	 18.1891650866
  0.1008000000	  0.1419828866	 18.1388100214
  0.0986000000	  0.1384397857	 18.2182102275
  0.0984000000	  0.1405471221	 18.1343469685
  0.0982000000	  0.1447606200	 18.0757483980
  0.1009000000	  0.1422314981	 18.0677134168
  0.0989000000	  0.1389404386	 18.1602454712
  0.1038000000	  0.1444154714	 18.2342799329
  0.1002000000	  0.1401990778	 18.0930886331
  0.0990000000	  0.1361043525	 18.2401064081
  0.1012000000	  0.1368217028	 18.1726613301
  0.1003000000	  0.1434545711	 18.1221441375
  0.0977000000	  0.1329414909	 17.9969365472
  0.1004000000	  0.1440932313	 18.1786820372
  0.1013000000	  0.1334284136	 18.2569787437
  0.0995000000	  0.1397262896	 18.0244795313
  0.1010000000	  0.1409982920	 18.3558553987
  0.1014000000	  0.1408990520	 18.2177068222
  0.0977000000	  0.1368514390	 18.2609388731
  0.1023000000	  0.1391295167	 18.1128591752
  0.0964000000	  0.1382376229	 18.2027389015
  0.1001000000	  0.1392403582	 18.3822581425
  0.1019000000	  0.1469648825	 17.9749191700
  0.0971000000	  0.1368591648	 18.1874147935
  0.0978000000	  0.1372174248	 18.2059375969
  0.0998000000	  0.1413164220	 18.2323323387
  0.0993000000	  0.1415169478	 18.2296239491
  0.0948000000	  0.1373590357	 18.2080309332
  0.1003000000	  0.1411466949	 18.1279563642
  0.1024000000	  0.1427335598	 18.0987208528
  0.0991000000	  0.1292131839	 18.2930202267
  0.0981000000	  0.1350631441	 18.2292444794
  0.0998000000	  0.1381156970	 18.1562935014
  0.0989000000	  0.1354166528	 18.1689431804
  0.0990000000	  0.1400221822	 18.0980476376
  0.0979000000	  0.1362882983	 18.1396718772
  0.0990000000	  0.1384255096	 18.3567034495
  0.0988000000	  0.1366443669	 17.9571973203
  0.1005000000	  0.1412173582	 18.1897869271
  0.1041000000	  0.1449048126	 18.1288353607
  0.0972000000	  0.1350474634	 18.1507524760
  0.1018000000	  0.1421053743	 18.2695204766
  0.0958000000	  0.1353114467	 18.0073589750
  0.0953000000	  0.1381734430	 18.2951350739
  0.0990000000	  0.1338819469	 18.4025860587
  0.1007000000	  0.1386143919	 18.1478765587
  0.1024000000	  0.1434507135	 18.1425667922
  0.1017000000	  0.1420178755	 18.0584936340
  0.0990000000	  0.1426956533	 18.2466308067
  0.0990000000	  0.1357164169	 18.1779205346
  0.1047000000	  0.1423504173	 18.1900828283
  0.0996000000	  0.1349899891	 18.1883153199
  0.1022000000	  0.1422155088	 18.1222895114
  0.1002000000	  0.1408475900	 18.0661490433
  0.1002000000	  0.1385994057	 18.1170526501
  0.1006000000	  0.1392421533	 18.0619348365
  0.1003000000	  0.1390744202	 17.9986367706
  0.0996000000	  0.1373433975	 18.2178487925
  0.1006000000	  0.1483216345	 18.1544584453
  0.1006000000	  0.1393308699	 18.1234790355
  0.1027000000	  0.1452062899	 18.3772766302
  0.0969000000	  0.1377194776	 18.1071409343
  0.0998000000	  0.1463893038	 18.1764812022
  0.1006000000	  0.1403009144	 18.1975530816
  0.0992000000	  0.1406904675	 18.1518477946
  0.1009000000	  0.1333544261	 18.2464318338
  0.0991000000	  0.1434066465	 18.2363738400
  0.0997000000	  0.1414345240	 18.1981052582
  0.1004000000	  0.1385080862	 18.0526223807
  0.1009000000	  0.1423041620	 18.0972149772
  0.0988000000	  0.1406735859	 18.0185494296
  0.0981000000	  0.1375163083	 18.1681554654
  0.1013000000	  0.1399958376	 18.2250465479
  0.0992000000	  0.1453214734	 18.2650373162
  0.1018000000	  0.1370325332	 18.2986960094
  0.0981000000	  0.1411663663	 18.2741424789
  0.1017000000	  0.1404513699	 17.9482086192
  0.1008000000	  0.1441820374	 17.9910917695
  0.0962000000	  0.1407100540	 17.9891585699
  0.1002000000	  0.1332744885	 18.3031032163
  0.1021000000	  0.1349345592	 18.4240017359
  0.0980000000	  0.1330965068	 18.1232489067
  0.0986000000	  0.1396962249	 18.1716430553
  0.1035000000	  0.1394981675	 18.1243477270
  0.1006000000	  0.1333404325	 18.0379749060
  0.1022000000	  0.1388195529	 18.0767612886
  0.1004000000	  0.1397708870	 18.0613789860
  0.1019000000	  0.1407173504	 18.3481526266
  0.0991000000	  0.1428475958	 18.2914196902
  0.0973000000	  0.1399570928	 17.9931326916
  0.0995000000	  0.1395448254	 18.2502960509
  0.1015000000	  0.1429162788	 18.1569960223
  0.1002000000	  0.1380155804	 18.1675831325
  0.0999000000	  0.1395280296	 18.1691421808
  0.0994000000	  0.1365265283	 18.1904931189
  0.1009000000	  0.1390555316	 18.0571347073
  0.0995000000	  0.1380061698	 18.2985231769
  0.0979000000	  0.1365733498	 18.1171528832
  0.1004000000	  0.1382859892	 18.0643129001
  0.1027000000	  0.1420051197	 18.1426096416
  0.0986000000	  0.1394129785	 18.1845884160
  0.1001000000	  0.1407737827	 18.3408661835
  0.1012000000	  0.1355508520	 18.1717912374
  0.0987000000	  0.1363048029	 18.2547850489
  0.1006000000	  0.1456083296	 18.1249331114
  0.1032000000	  0.1320642073	 18.0893078778
  0.1029000000	  0.1355159423	 18.0992685952
  0.0996000000	  0.1374194486	 18.2566607287
  0.1013000000	  0.1357686347	 18.1581133232
  0.0990000000	  0.1369371647	 18.1798933261
  0.0968000000	  0.1399925536	 18.0981223387
  0.0999000000	  0.1415272660	 18.1610026479
  0.1018000000	  0.1444952367	 18.2132876038
  0.0958000000	  0.1387094845	 18.1965215899
  0.0997000000	  0.1358900682	 18.1190526678
  0.1016000000	  0.1403957184	 18.1686684826
  0.1011000000	  0.1456815703	 18.1264712633
  0.0961000000	  0.1357759837	 18.3529599055
  0.1004000000	  0.1307027459	 18.3985645349
  0.0987000000	  0.1341905831	 18.0216416834
  0.1016000000	  0.1389443018	 18.3671896939
  0.1014000000	  0.1422775070	 18.1181145721
  0.0994000000	  0.1418192567	 18.1750935728
  0.0971000000	  0.1381337198	 18.0477048563
  0.0981000000	  0.1365245762	 18.0619369070
  0.1016000000	  0.1370859327	 18.2735536437
  0.0955000000	  0.1311105428	 18.1023361757
  0.0998000000	  0.1389215128	 18.1783334400
  0.1014000000	  0.1365380786	 18.1694639307
  0.0984000000	  0.1398496836	 18.0922029512
  0.0980000000	  0.1401057769	 18.2896711326
  0.0988000000	  0.1405786491	 18.3063348599
  0.0963000000	  0.1356849150	 18.1544192772
  0.0999000000	  0.1399098953	 18.2408629925
  0.0990000000	  0.1371809440	 18.2146008446
  0.1003000000	  0.1468729966	 18.1849049657
  0.0968000000	  0.1378333515	 18.1903281051
  0.1001000000	  0.1437143449	 18.1133545163
  0.1004000000	  0.1429182703	 18.1197356709
  0.1014000000	  0.1438860601	 18.1486661883
  0.1007000000	  0.1372064974	 18.1279387211
  0.0997000000	  0.1356592661	 18.3067224067
  0.1044000000	  0.1455621917	 18.1941687454
  0.0996000000	  0.1414148429	 18.3957984466
  0.0963000000	  0.1378370109	 18.2063631200
  0.0981000000	  0.1397506211	 18.1367251548
  0.1032000000	  0.1394778114	 17.9965973840
  0.1034000000	  0.1426606502	 18.0419502314
  0.0989000000	  0.1334969529	 18.3816349887
  0.0984000000	  0.1389376894	 18.3465505297
  0.0991000000	  0.1358006999	 18.2994804815
  0.1010000000	  0.1463759621	 18.3292357554
  0.0995000000	  0.1332365730	 18.2302646323
  0.1053000000	  0.1459984193	 18.0355341408
  0.1018000000	  0.1465906635	 18.1963593088
  0.0971000000	  0.1363449345	 18.0996104838
  0.1007000000	  0.1412570487	 18.1568303342
  0.0995000000	  0.1440008614	 18.1408380972
  0.0993000000	  0.1373739642	 18.0059173173
  0.1007000000	  0.1410476954	 18.2962753120
  0.1023000000	  0.1403804310	 18.2867471297
  0.0984000000	  0.1341599978	 18.1063882076
  0.0964000000	  0.1400848788	 18.2288380045
  0.1005000000	  0.1366751710	 18.1191140502
  0.0986000000	  0.1393124800	 18.2787201754
  0.0987000000	  0.1378544813	 18.3372662241
  0.1019000000	  0.1451235988	 18.0030399537
  0.0986000000	  0.1358866973	 17.8391238059
  0.1021000000	  0.1410900333	 18.2328770372
  0.1009000000	  0.1388080313	 18.2085832665
  0.1019000000	  0.1397082182	 18.2401526230
  0.1002000000	  0.1382790818	 18.2610489427
  0.1005000000	  0.1403621871	 18.1778610047
  0.0995000000	  0.1347501685	 18.1249740931
  0.1006000000	  0.1416038476	 18.0328449808
  0.1033000000	  0.1399930170	 18.2905779810
  0.0987000000	  0.1306112267	 18.2645158002
  0.0971000000	  0.1361867241	 18.0941941905
  0.1030000000	  0.1404017786	 18.4761299769
  0.1013000000	  0.1454634966	 18.1364826056
  0.0975000000	  0.1350113350	 18.2155877704
  0.0996000000	  0.1375318499	 18.2247336089
  0.0982000000	  0.1354222274	 18.2678487883
  0.1002000000	  0.1346898986	 18.2565869946
  0.1026000000	  0.1416132235	 18.0872516630
  0.0976000000	  0.1343639660	 18.1741252833
  0.1031000000	  0.1397269461	 18.3220977143
  0.1007000000	  0.1400122025	 18.2032393119
  0.1039000000	  0.1428425116	 18.1155931346
  0.1020000000	  0.1410753877	 18.0548545918
  0.1032000000	  0.1392131184	 18.2032024136
  0.0993000000	  0.1381184235	 18.1954943422
  0.1000000000	  0.1372642486	 18.3363436836
  0.0985000000	  0.1392170648	 18.1461198797
  0.0978000000	  0.1317696955	 18.2765288776
  0.1009000000	  0.1458183709	 18.1202895359
  0.1044000000	  0.1439368434	 18.2192330060
  0.1025000000	  0.1396113793	 18.3142655551
  0.0978000000	  0.1413444871	 18.2382428669
  0.0978000000	  0.1343428012	 18.0742231883
  0.0978000000	  0.1305287053	 18.0035471176
  0.1036000000	  0.1472718472	 18.3412739683
  0.0978000000	  0.1396906704	 17.9960416408
  0.0952000000	  0.1340843865	 18.1610885425
  0.0981000000	  0.1367431990	 18.1940673907
  0.0974000000	  0.1341575037	 18.1221057683
  0.0983000000	  0.1400384788	 18.3286169586
  0.0977000000	  0.1328944643	 18.1559147872
  0.1018000000	  0.1391922609	 18.4139259640
  0.0966000000	  0.1456238039	 18.0900794610
  0.0983000000	  0.1414744771	 18.1297939283
  0.0962000000	  0.1295306123	 18.4113504940
  0.0974000000	  0.1411480786	 18.0458236833
  0.1030000000	  0.1439092612	 18.1603880662
  0.1005000000	  0.1435018238	 18.1813192462
  0.1049000000	  0.1414284917	 18.2838669940
  0.1024000000	  0.1384014904	 18.0967944625
  0.0980000000	  0.1396167880	 18.1067486914
  0.0994000000	  0.1404759031	 18.1731856173
  0.0963000000	  0.1342114193	 18.0700316290
  0.1019000000	  0.1375888257	 18.2035366970
  0.1021000000	  0.1456665540	 18.1120390319
  0.0986000000	  0.1320727793	 18.1228390993
  0.1021000000	  0.1394316237	 18.0913075088
  0.1004000000	  0.1362332279	 18.1250251633
  0.0982000000	  0.1362742781	 18.1035342755
  0.1010000000	  0.1436623364	 18.1940206920
  0.1005000000	  0.1405051913	 18.3928383274
  0.0996000000	  0.1361940081	 18.1867998559
  0.1001000000	  0.1396164097	 18.3013986366
  0.1006000000	  0.1409035685	 17.9559480942
  0.1003000000	  0.1400393704	 18.2308198756
  0.0996000000	  0.1369379248	 18.2052564033
  0.1015000000	  0.1489352615	 18.1401378125
  0.1024000000	  0.1440384133	 18.2788308417
  0.0975000000	  0.1410872067	 18.0688369869
  0.0979000000	  0.1363272504	 18.3129426669
  0.0969000000	  0.1399436576	 18.1920072632
  0.1014000000	  0.1431468805	 18.2965301480
  0.0981000000	  0.1354018793	 18.1528477702
  0.1022000000	  0.1438654974	 18.1894032284
  0.1004000000	  0.1355597891	 18.2152323247
  0.0997000000	  0.1411642287	 18.1537006791
  0.0989000000	  0.1424403569	 18.4658332973
  0.0979000000	  0.1391150601	 18.0565244434
  0.1033000000	  0.1410126182	 18.0868929584
  0.0990000000	  0.1453741138	 18.1430375237
  0.0962000000	  0.1387592745	 18.3041057154
  0.0996000000	  0.1392666751	 18.0925562143
  0.0988000000	  0.1321230912	 18.2483247009
  0.1008000000	  0.1413007769	 18.1998938341
  0.1010000000	  0.1437540398	 18.3091763486
  0.1000000000	  0.1412485372	 18.0976175114
  0.0973000000	  0.1395586510	 18.1035060528
  0.1003000000	  0.1313027472	 18.1786261865
  0.1006000000	  0.1450946054	 18.1359893070
  0.0998000000	  0.1383057339	 18.0513780781
  0.1000000000	  0.1395836518	 18.2435267363
  0.0969000000	  0.1356029124	 18.2302428402
  0.0998000000	  0.1318368105	 18.3120859261
  0.1020000000	  0.1443759115	 18.0830538300
  0.1004000000	  0.1418310997	 18.3657685216
  0.1014000000	  0.1419244360	 18.1772185703
  0.1020000000	  0.1398295548	 18.3217525026
  0.1005000000	  0.1362455897	 18.2045406293
  0.1002000000	  0.1405501183	 18.3081747043
  0.0993000000	  0.1390730979	 18.2029986443
  0.1004000000	  0.1460463351	 18.2325243759
  0.0990000000	  0.1388912061	 18.3049913743
  0.0973000000	  0.1396065655	 18.1212516907
  0.1000000000	  0.1398635574	 18.0737169281
  0.1020000000	  0.1392371660	 18.5876614782
  0.0951000000	  0.1391501218	 17.9346779942
  0.1017000000	  0.1338678514	 18.2215095763
  0.1009000000	  0.1348394621	 18.0256752256
  0.0978000000	  0.1369935479	 18.2159315182
  0.1019000000	  0.1386754322	 18.2757833798
  0.0992000000	  0.1379113014	 18.3112147686
  0.0953000000	  0.1334619846	 18.1872237613
  0.0979000000	  0.1366985302	 18.1306637738
  0.0981000000	  0.1375482322	 18.1531670363
  0.0992000000	  0.1375332324	 18.3362590500
  0.0973000000	  0.1356705871	 18.3238429104
  0.1003000000	  0.1399264357	 18.2440340537
  0.0997000000	  0.1354629904	 18.0551658723
  0.0987000000	  0.1389501682	 18.0898215792
  0.0977000000	  0.1316818440	 18.0909160582
  0.1003000000	  0.1305660006	 18.3385615360
  0.0988000000	  0.1387297815	 18.1618379621
  0.0988000000	  0.1391011155	 18.0280336253
  0.0987000000	  0.1353525069	 18.1238554008
  0.0976000000	  0.1389648140	 18.1558810119
  0.1001000000	  0.1389579356	 18.2901362939
  0.1016000000	  0.1381194325	 18.2469882216
  0.0991000000	  0.1373393705	 18.0546421794
  0.0993000000	  0.1289469022	 18.1366005895
  0.1000000000	  0.1395176670	 18.1902248966
  0.0962000000	  0.1351660759	 18.0502222224
  0.0998000000	  0.1430654935	 18.1825763872
  0.1026000000	  0.1502681663	 18.1728501302
  0.0985000000	  0.1356411269	 18.1400149187
  0.1001000000	  0.1366907453	 18.1254855887
  0.0987000000	  0.1391183068	 18.0662148779
  0.0961000000	  0.1383439857	 18.1775507272
  0.0991000000	  0.1394294400	 18.0875576079
  0.0959000000	  0.1441149573	 18.0802554819
  0.1002000000	  0.1438101490	 18.1365882522
  0.0958000000	  0.1382532744	 18.0449061372
  0.0990000000	  0.1381847471	 18.2602957047
  0.1003000000	  0.1372996861	 18.1121396400
  0.0982000000	  0.1330968089	 18.1966496120
  0.1025000000	  0.1418953355	 18.1965491814
  0.1018000000	  0.1360496874	 18.3083535162
  0.0994000000	  0.1339598601	 18.3072031957
  0.1018000000	  0.1365607647	 18.1906976071
  0.0976000000	  0.1378782094	 18.1545297148
  0.1013000000	  0.1345575249	 18.2819768943
  0.0982000000	  0.1408869228	 18.1080329066
  0.0986000000	  0.1353138316	 18.2856306528
  0.0994000000	  0.1408906061	 18.1328555945
  0.1011000000	  0.1357269373	 18.1787221262
  0.1000000000	  0.1445890745	 18.1023922377
  0.1018000000	  0.1433341482	 18.3279606164
  0.0956000000	  0.1365074788	 18.3384399736
  0.1000000000	  0.1351354709	 18.2147145455
  0.1008000000	  0.1342857828	 18.2913304197
  0.0975000000	  0.1394434049	 18.2776924560
  0.0964000000	  0.1385388981	 18.1174979398
  0.0982000000	  0.1408496817	 18.1064898967
  0.1006000000	  0.1386220856	 18.2927895612
  0.1003000000	  0.1340672175	 18.0871469600
  0.1014000000	  0.1424681245	 18.2389404538
  0.0985000000	  0.1387009661	 18.2088674602
  0.0999000000	  0.1352014623	 18.1525943995
  0.0996000000	  0.1376009355	 18.0771271490
  0.0969000000	  0.1353224687	 18.1362234734
  0.0998000000	  0.1401129392	 18.2111516652
  0.0998000000	  0.1433902589	 18.2977758131
  0.1028000000	  0.1452292452	 18.0352215297
  0.1023000000	  0.1429391380	 18.1387243177
  0.0971000000	  0.1327428804	 18.1915700590
  0.0980000000	  0.1353376952	 18.0930380398
  0.1014000000	  0.1377196722	 18.2001439727
  0.0981000000	  0.1306185614	 18.0505302811
  0.0993000000	  0.1407169170	 18.0722938425
  0.0989000000	  0.1420057724	 18.0474387496
  0.1013000000	  0.1401120104	 18.1760250803
  0.0983000000	  0.1415329343	 18.2595996766
  0.0989000000	  0.1382216214	 18.0887768256
  0.1036000000	  0.1410969836	 18.2612444136
  0.0999000000	  0.1386221188	 18.2264554532
  0.0981000000	  0.1333021051	 17.9181579347
  0.1024000000	  0.1381065656	 18.2055056690
  0.1016000000	  0.1403975508	 18.0450138156
  0.1004000000	  0.1385671732	 18.1207037906
  0.0980000000	  0.1389120704	 18.3162245225
  0.0980000000	  0.1368537930	 18.2198314702
  0.1021000000	  0.1382960851	 18.1026738661
  0.1020000000	  0.1389766519	 18.2788414011
  0.1007000000	  0.1393291357	 18.1166692829
  0.1027000000	  0.1415469335	 18.3480527206
  0.0980000000	  0.1369490462	 18.0644485624
  0.1001000000	  0.1345305519	 18.1412265809
  0.0990000000	  0.1403905169	 18.2592793438
  0.0993000000	  0.1448154844	 18.1919820001
  0.1010000000	  0.1378297806	 18.1304824623
  0.0984000000	  0.1379522987	 18.2132607107
  0.0950000000	  0.1389241185	 18.1485008863
  0.0996000000	  0.1501929296	 18.0178878813
  0.0983000000	  0.1366452954	 18.2564672294
  0.0971000000	  0.1306364666	 18.2541476395
  0.1006000000	  0.1391389081	 18.1719674040
  0.1022000000	  0.1394608446	 18.2762867237
  0.1016000000	  0.1405362525	 18.2493937862
  0.0992000000	  0.1388166597	 18.0110388690
  0.1032000000	  0.1444878408	 18.2300750891
  0.0970000000	  0.1336217111	 18.1960391427
  0.1023000000	  0.1363474633	 18.2052221462
  0.1003000000	  0.1381173752	 18.0245652108
  0.0980000000	  0.1346954124	 18.1398671384
  0.0989000000	  0.1335471116	 18.0459312006
  0.1025000000	  0.1439527239	 18.1098635242
  0.0966000000	  0.1442664354	 18.2430003154
  0.1009000000	  0.1393129393	 18.3179718580
  0.0986000000	  0.1337307718	 18.1099697516
  0.0979000000	  0.1362534893	 18.1968888498
  0.1002000000	  0.1336109671	 18.0830612471
  0.0996000000	  0.1376793084	 18.3247235173
  0.1016000000	  0.1408454161	 18.1328809050
  0.0985000000	  0.1441231884	 18.1317985436
  0.0979000000	  0.1418849761	 18.1694872680
  0.1001000000	  0.1390921352	 18.1689872438
  0.0981000000	  0.1382313786	 18.2328348141
  0.0994000000	  0.1376327352	 18.0626491302
  0.0990000000	  0.1398388154	 18.2680568174
  0.1046000000	  0.1406631877	 18.2403059092
  0.1021000000	  0.1373627949	 18.2597774205
  0.0989000000	  0.1408208687	 18.2117709606
  0.1026000000	  0.1428129092	 18.1040617493
  0.0999000000	  0.1422605643	 18.1932736854
  0.0973000000	  0.1358562569	 18.1629450630
  0.0959000000	  0.1355506066	 18.1084355070
  0.0974000000	  0.1345958535	 18.1390777391
  0.0986000000	  0.1437089387	 18.1223636355
  0.0979000000	  0.1360414228	 18.3392810992
  0.0992000000	  0.1381232917	 18.3178721899
  0.1018000000	  0.1391166693	 18.2374639561
  0.0973000000	  0.1348023184	 18.3355569333
  0.0977000000	  0.1340192711	 18.1767600155
  0.0990000000	  0.1426150551	 18.1937876919
  0.1018000000	  0.1377267484	 18.0407248376
  0.1021000000	  0.1336458205	 18.3602003734
  0.0966000000	  0.1344367718	 18.1231787824
  0.0960000000	  0.1322829092	 18.1657847571
  0.1032000000	  0.1376644588	 18.0305265093
  0.0959000000	  0.1417765907	 18.1394595955
  0.1015000000	  0.1399915344	 18.0605739636
  0.1028000000	  0.1450050727	 18.1009110135
  0.1010000000	  0.1402664314	 18.1209407164
  0.1001000000	  0.1382981243	 18.3074888276
  0.0992000000	  0.1372917839	 18.2770290462
  0.1044000000	  0.1476059731	 18.2636136221
  0.0998000000	  0.1386375083	 18.3221337977
  0.0993000000	  0.1396033096	 18.2331353037
  0.1000000000	  0.1334812644	 18.1963488737
  0.0997000000	  0.1405206735	 18.1207826472
  0.1007000000	  0.1382963505	 18.1672214586
  0.1007000000	  0.1454621485	 18.0019586433
  0.0992000000	  0.1431572072	 18.2101565914
  0.1014000000	  0.1410555117	 18.1991611035
  0.1021000000	  0.1437623513	 18.4761488667
  0.1004000000	  0.1408276699	 18.2424603765
  0.1000000000	  0.1443047503	 18.2319746709
  0.1002000000	  0.1403425839	 18.2612860919
  0.0973000000	  0.1409421592	 18.1855913477
  0.1008000000	  0.1374871211	 18.0561961922
  0.0957000000	  0.1369034761	 18.1665631252
  0.1014000000	  0.1369307266	 18.1129618040
  0.1023000000	  0.1411473495	 18.3413947057
  0.1004000000	  0.1409250006	 18.3336071974
  0.0997000000	  0.1432717991	 18.0854883074
  0.0989000000	  0.1421341374	 18.0067633273
  0.1032000000	  0.1383258075	 18.1039117042
  0.1012000000	  0.1372465255	 18.2887110029
  0.1009000000	  0.1426735345	 18.2167584540
  0.0981000000	  0.1334938403	 18.1566279788
  0.1023000000	  0.1369796177	 18.3122867839
  0.0993000000	  0.1432707956	 17.8463070000
  0.1021000000	  0.1345857687	 18.0241122717
  0.1037000000	  0.1427395896	 18.1798666434
  0.0989000000	  0.1369695329	 18.2150649453
  0.0993000000	  0.1346926852	 18.3375233575
  0.0994000000	  0.1426534897	 18.0978878053
  0.0999000000	  0.1397120752	 18.0434072207
  0.0982000000	  0.1351526263	 18.1056308608
  0.0980000000	  0.1367240447	 18.1585997467
  0.0994000000	  0.1385145815	 18.1725773923
  0.1014000000	  0.1436077731	 17.9884199053
  0.1046000000	  0.1407670143	 18.0615108069
  0.1002000000	  0.1345659224	 18.2219280218
  0.1021000000	  0.1410304356	 18.4011183666
  0.0997000000	  0.1394899085	 18.2560943558
  0.1044000000	  0.1403491191	 18.3455129364
  0.1029000000	  0.1405726864	 18.2491488325
  0.0966000000	  0.1289203902	 18.1682803577
  0.1018000000	  0.1361748205	 18.1386346956
  0.0983000000	  0.1351650009	 18.3314717418
  0.0979000000	  0.1374878067	 18.0316497998
  0.0975000000	  0.1316586349	 18.2603783324
  0.0992000000	  0.1373327467	 18.4712632936
  0.0986000000	  0.1382920854	 18.2778948218
  0.0986000000	  0.1394350178	 18.1298082534
  0.1022000000	  0.1439972083	 18.2520283158
  0.0984000000	  0.1393920628	 18.3480933472
  0.1009000000	  0.1449669201	 18.1588610361
  0.1036000000	  0.1459357275	 18.2194653003
  0.0968000000	  0.1416476272	 18.1471256144
  0.0965000000	  0.1370934512	 18.0088766996
  0.1004000000	  0.1365176711	 18.1394487027
  0.0952000000	  0.1368995748	 17.9945323648
  0.1004000000	  0.1406889509	 18.1358617707
  0.0969000000	  0.1316863915	 18.3236206488
  0.1022000000	  0.1384412940	 18.0740098366
  0.1024000000	  0.1377419030	 18.2885046220
  0.0997000000	  0.1412966279	 17.9886992072
  0.1025000000	  0.1482085789	 18.1648751403
  0.0985000000	  0.1375413861	 17.9698348010
  0.1002000000	  0.1407539301	 18.1467745497
  0.0984000000	  0.1445748616	 18.2576360430
  0.1001000000	  0.1355446822	 18.2793389912
  0.0985000000	  0.1313349742	 18.1735371896
  0.1009000000	  0.1440469696	 18.0559863597
  0.0964000000	  0.1363260552	 18.1971892066
  0.0998000000	  0.1416802697	 18.0632547195
  0.0993000000	  0.1388984887	 18.1892328171
  0.1007000000	  0.1420533863	 18.1387092738
  0.0970000000	  0.1437910111	 18.1938513410
  0.1003000000	  0.1387686751	 18.0544175804
  0.0985000000	  0.1314259277	 17.9605789842
  0.0998000000	  0.1391042130	 18.2111146824
  0.1007000000	  0.1380188523	 18.3265864410
  0.0981000000	  0.1319708107	 18.0315509259
  0.0976000000	  0.1359743249	 18.0226184080
  0.0998000000	  0.1358210346	 18.0061317636
  0.1007000000	  0.1429048731	 18.2823407674
  0.0980000000	  0.1366747488	 18.1123846650
  0.1013000000	  0.1457083145	 17.9412121106
  0.1030000000	  0.1366664840	 18.2694372178
  0.0989000000	  0.1328099910	 18.0296665596
  0.0956000000	  0.1363736742	 17.9608095967
  0.1027000000	  0.1389754440	 18.2943250088
  0.0992000000	  0.1408499290	 18.1794775222
  0.1000000000	  0.1374437042	 18.1810178884
  0.0992000000	  0.1350108955	 18.1524217227
  0.1010000000	  0.1353983785	 18.1336487264
  0.1024000000	  0.1404215875	 18.2087915355
  0.0965000000	  0.1404788511	 18.1494404591
  0.0957000000	  0.1414569960	 18.1623626454
  0.1004000000	  0.1429486019	 18.1954864384
  0.1003000000	  0.1356093444	 18.1326980935
  0.0992000000	  0.1402830817	 18.1745557078
  0.0999000000	  0.1380273679	 18.1315827874
  0.0990000000	  0.1356898918	 18.0979788280
  0.0970000000	  0.1404233510	 18.1389151757
  0.0988000000	  0.1385372485	 18.2055309618
  0.0990000000	  0.1426261911	 18.2733045856
  0.0985000000	  0.1414670646	 18.0954855120
  0.1024000000	  0.1415734484	 18.2489568466
  0.1001000000	  0.1389696205	 18.1062676474
  0.0965000000	  0.1251146854	 18.3934437524
  0.0980000000	  0.1386778537	 18.1357679342
  0.0955000000	  0.1336244129	 18.2734865260
  0.1051000000	  0.1445571735	 18.3911857261
  0.1001000000	  0.1431215251	 18.0968194906
  0.1013000000	  0.1363477066	 18.3672298782
  0.0973000000	  0.1351204146	 18.2538412338
  0.0996000000	  0.1403893455	 18.2243605624
  0.1003000000	  0.1398172829	 18.2106284812
  0.0983000000	  0.1378062624	 18.2553575730
  0.0992000000	  0.1347783824	 18.0254674837
  0.0991000000	  0.1367402303	 18.2201861529
  0.0995000000	  0.1395679470	 18.1913616135
  0.1015000000	  0.1350367734	 18.3081548492
  0.1012000000	  0.1411547506	 18.1227574652
  0.0991000000	  0.1416887462	 18.3974140004
  0.1036000000	  0.1419667699	 18.1547126153
  0.0962000000	  0.1388202577	 18.1412644690
  0.0976000000	  0.1413831151	 18.1079786741
  0.0980000000	  0.1358323721	 18.3424821052
  0.0948000000	  0.1328519569	 18.1229776977
  0.0987000000	  0.1386929038	 18.1035688399
  0.1006000000	  0.1409794071	 18.0615893173
  0.0992000000	  0.1395082991	 17.9968133651
  0.1012000000	  0.1408007091	 18.0929011965
  0.0990000000	  0.1356977320	 18.2045331074
  0.1010000000	  0.1384081275	 18.3265627787
  0.0978000000	  0.1341193309	 18.1881145790
  0.0993000000	  0.1435384264	 17.9980763273
  0.1053000000	  0.1470262409	 18.1930769112
  0.0970000000	  0.1335250092	 18.1871391010
  0.1029000000	  0.1455228759	 18.2589826030
  0.0961000000	  0.1400444076	 18.2587603125
  0.1005000000	  0.1430406930	 18.0576843446
  0.1003000000	  0.1382305998	 18.0540434269
  0.1001000000	  0.1358214856	 18.1816010546
  0.1001000000	  0.1402283677	 18.0369473120
  0.1020000000	  0.1389922577	 18.1653982417
  0.0970000000	  0.1349582738	 18.0576993513
  0.1013000000	  0.1414788519	 18.0233519853
  0.0992000000	  0.1381847775	 18.2156811933
  0.1008000000	  0.1371057939	 18.3730192575
  0.1000000000	  0.1415742738	 18.1904955570
  0.0980000000	  0.1346795177	 18.3139664566
  0.1010000000	  0.1394210933	 18.1678329746
  0.0983000000	  0.1408554628	 18.2947576663
  0.1009000000	  0.1376919301	 18.3318794451
  0.0992000000	  0.1373452054	 18.3371565316
  0.1019000000	  0.1365818075	 18.0551062694
  0.1028000000	  0.1402588948	 18.2989840702
  0.0992000000	  0.1404132692	 18.0909189981
  0.1013000000	  0.1421389967	 18.1894674196
  0.0990000000	  0.1364886039	 18.2619135316
  0.0985000000	  0.1412633636	 18.1857753852
  0.0974000000	  0.1350310052	 18.1286358874
  0.1020000000	  0.1419188206	 18.1877117509
  0.0983000000	  0.1413096895	 18.1731738777
  0.0984000000	  0.1402489253	 18.2901904928
  0.1009000000	  0.1385764017	 18.1557472763
  0.1019000000	  0.1452627831	 18.1959676019
  0.0976000000	  0.1314194007	 18.3042495938
  0.1016000000	  0.1423138715	 18.0262647563
  0.0964000000	  0.1329362829	 18.2040031372
  0.1022000000	  0.1410300278	 18.2152932435
  0.1034000000	  0.1447402002	 18.2256204986
  0.1017000000	  0.1451648617	 18.1509120622
  0.1002000000	  0.1425080181	 18.1707636343
  0.1001000000	  0.1445339946	 18.3404923200
  0.0964000000	  0.1402171475	 18.3259447471
  0.0958000000	  0.1322846527	 18.0718614925
  0.1013000000	  0.1452569832	 18.2263305810
  0.1003000000	  0.1374629218	 18.3260972770
  0.1002000000	  0.1359835062	 18.0976258882
  0.1004000000	  0.1314026456	 18.1220820784
  0.0998000000	  0.1446954530	 18.2709980123
  0.1032000000	  0.1412151338	 18.2642716717
  0.1010000000	  0.1414454421	 18.1999782607
  0.1020000000	  0.1406223341	 18.0138341891
  0.0962000000	  0.1354354738	 18.2018540245
  0.0967000000	  0.1358097216	 18.1792261117
  0.0981000000	  0.1368308399	 18.2576772862
  0.0998000000	  0.1426346801	 18.2123099125
  0.0999000000	  0.1406129486	 18.0245741610
  0.1019000000	  0.1447588188	 17.9940371479
  0.0980000000	  0.1385087120	 18.1080513206
  0.1030000000	  0.1441550677	 18.2383263152
  0.0994000000	  0.1347320085	 18.1152984418
  0.1032000000	  0.1417995065	 18.1353757991
  0.0962000000	  0.1380673846	 18.1218078881
  0.1026000000	  0.1451733191	 18.3932022470
  0.0989000000	  0.1421219896	 18.3819705265
  0.0973000000	  0.1361191854	 18.3183110526
  0.0989000000	  0.1328995563	 18.2196394096
  0.0967000000	  0.1375511338	 18.2606511949
  0.0998000000	  0.1406352378	 18.3081350971
  0.0968000000	  0.1333869788	 18.4717792564
  0.0975000000	  0.1415887920	 18.2954988086
  0.1003000000	  0.1443280211	 18.2742676822
  0.0997000000	  0.1356081023	 17.9422785429
  0.0985000000	  0.1397346281	 18.3333462304
  0.0975000000	  0.1423246820	 18.1029359226
  0.1022000000	  0.1465782967	 18.0597540640
  0.1039000000	  0.1420911894	 18.1024293915
  0.0986000000	  0.1320839414	 18.4616175419
  0.1022000000	  0.1402637595	 18.0055682303
  0.0984000000	  0.1457586483	 18.2986443057
  0.0996000000	  0.1345340755	 18.2371996977
  0.1074000000	  0.1481533291	 18.0281903615
  0.1011000000	  0.1407315289	 18.2205012570
  0.1037000000	  0.1456846000	 18.1677247605
  0.0954000000	  0.1330107720	 18.0133896743
  0.0995000000	  0.1363850288	 18.1276212110
  0.1006000000	  0.1402048166	 18.1340677322
  0.1015000000	  0.1375423064	 18.1577775835
  0.0999000000	  0.1333822027	 18.3630416360
  0.1006000000	  0.1349184552	 17.9785522941
  0.0999000000	  0.1390014275	 18.0481029928
  0.1021000000	  0.1382742568	 18.3138493110
  0.0997000000	  0.1383154880	 18.3410294760
  0.0983000000	  0.1346326230	 18.0995824091
  0.1079000000	  0.1459846153	 18.2348414730
  0.1017000000	  0.1380915758	 18.1179503935
  0.1009000000	  0.1376794489	 18.1240717076
  0.0984000000	  0.1391804930	 18.2849163952
  0.1017000000	  0.1418505047	 18.1313287070
  0.1013000000	  0.1440535160	 18.0719534807
  0.1013000000	  0.1431599504	 18.1894396987
  0.1032000000	  0.1469950103	 18.1210999043
  0.1013000000	  0.1401384870	 18.0285858595
  0.0975000000	  0.1374616415	 18.3257759374
  0.0951000000	  0.1319469465	 18.2496429206
  0.0991000000	  0.1401538570	 18.2138551998
  0.0993000000	  0.1395917301	 18.0322451732
  0.0993000000	  0.1350105751	 17.9789745558
  0.1006000000	  0.1410391118	 18.1766119647
  0.0982000000	  0.1318801786	 18.3768626485
  0.1028000000	  0.1492880851	 18.2821810141
  0.0995000000	  0.1402740625	 18.2882846126
  0.1006000000	  0.1432888211	 18.2018023233
  0.0963000000	  0.1393885986	 18.1386401687
  0.0966000000	  0.1357808245	 17.9907719702
  0.0999000000	  0.1459460255	 18.0613858106
  0.0966000000	  0.1424434316	 17.8522510582
  0.1011000000	  0.1485197062	 18.0462900172
  0.1031000000	  0.1374157599	 18.3758022156
  0.0984000000	  0.1359999842	 18.1254450018
  0.1014000000	  0.1358687132	 18.3882328749
  0.0992000000	  0.1456186875	 18.3293379035
  0.1000000000	  0.1372067599	 18.3574416445
  0.0999000000	  0.1413741017	 18.0698983505
  0.0994000000	  0.1394404144	 18.2115216067
  0.1028000000	  0.1432393588	 18.2610917348
  0.1064000000	  0.1402134309	 18.1557245971
  0.0995000000	  0.1426761171	 18.3114728762
  0.1018000000	  0.1358009682	 18.1761833684
  0.0992000000	  0.1456426114	 18.0383495171
  0.0971000000	  0.1359042344	 18.1080052395
  0.1013000000	  0.1375367230	 18.3323022963
  0.0977000000	  0.1340804401	 18.1651204698
  0.1006000000	  0.1392016599	 18.1120580598
  0.1005000000	  0.1376432776	 18.2992390323
  0.1021000000	  0.1409021803	 18.4126673607
  0.0995000000	  0.1385967811	 18.1836036831
  0.0941000000	  0.1377365030	 18.0469718201
  0.1020000000	  0.1447421493	 18.1090767038
  0.0981000000	  0.1370059441	 18.2561299360
  0.1026000000	  0.1411686164	 18.2838915588
  0.0980000000	  0.1386201453	 18.0486697846
  0.1004000000	  0.1358172710	 18.1496273946
  0.1020000000	  0.1437689533	 18.2721115553
  0.1000000000	  0.1337317102	 18.3326813642
  0.1007000000	  0.1400646961	 18.1447790438
  0.1018000000	  0.1412862735	 18.2641627683
  0.1002000000	  0.1406003427	 18.0542413827
  0.0991000000	  0.1371951260	 18.2804221035
  0.0963000000	  0.1367458664	 18.3148466003
  0.1037000000	  0.1420566071	 18.3454827343
  0.1001000000	  0.1393538522	 18.1979365580
  0.0984000000	  0.1345784844	 18.1608153107
  0.0951000000	  0.1389039449	 18.1786882544
  0.0993000000	  0.1383475220	 18.1917804007
  0.0956000000	  0.1348412715	 18.1254718798
  0.1016000000	  0.1403927354	 18.1205994257
  0.0986000000	  0.1402550296	 18.2016503295
  0.0984000000	  0.1400110566	 18.2937883245
  0.0991000000	  0.1338182150	 18.1249802075
  0.0996000000	  0.1422403992	 17.9597588677
  0.0995000000	  0.1364489839	 18.1813352774
  0.1003000000	  0.1417405593	 18.3303191583
  0.0975000000	  0.1344975216	 18.1728625825
  0.0994000000	  0.1374319827	 18.2543547389
  0.0971000000	  0.1448176983	 18.1184990773
  0.0992000000	  0.1386964213	 18.0961922540
  0.1013000000	  0.1414039111	 18.2173088602
  0.0985000000	  0.1435155673	 18.0004448901
  0.1031000000	  0.1434243563	 18.2611233825
  0.1024000000	  0.1386673383	 18.0961952748
  0.0994000000	  0.1376249477	 18.3142113487
  0.1016000000	  0.1421291989	 18.3382952300
  0.0999000000	  0.1354897118	 18.2330600175
  0.1006000000	  0.1417553387	 18.2560103859
  0.1001000000	  0.1412803616	 18.2137957499
  0.0973000000	  0.1344333256	 18.1898492130
  0.1023000000	  0.1415081938	 18.1048080245
  0.0981000000	  0.1409710512	 18.4203667359
  0.0974000000	  0.1336417246	 18.2504876106
  0.1023000000	  0.1448106361	 18.1912915630
  0.0976000000	  0.1380461649	 18.0837838984
  0.1006000000	  0.1354717437	 17.9451734938
  0.0992000000	  0.1389403785	 18.4052325701
  0.0977000000	  0.1419835866	 18.1098195333
  0.0986000000	  0.1325459907	 18.3362460924
  0.1038000000	  0.1376623230	 18.4096155727
  0.1024000000	  0.1472041836	 18.2079845833
  0.1027000000	  0.1420671471	 17.9570515534
  0.1027000000	  0.1437496483	 18.3181628367
  0.1008000000	  0.1389613827	 18.3362182636
  0.1005000000	  0.1401433217	 18.2377330802
  0.0983000000	  0.1352344535	 18.4807565018
  0.0991000000	  0.1362698087	 18.1486899342
  0.0975000000	  0.1421849403	 18.0011106770
  0.0969000000	  0.1370738298	 18.0239450257
  0.0986000000	  0.1352017165	 18.1653140565
  0.1003000000	  0.1408759707	 18.1682551062
  0.0966000000	  0.1375025270	 18.1688570931
  0.1023000000	  0.1315102767	 18.4495055336
  0.1006000000	  0.1396503655	 18.2045094017
  0.1019000000	  0.1353291257	 18.2991297020
  0.0975000000	  0.1359407852	 18.0569630518
  0.1014000000	  0.1382500221	 18.2357692096
  0.0999000000	  0.1387686743	 18.3527724850
  0.1023000000	  0.1415727798	 18.0958879216
  0.1022000000	  0.1394793993	 18.2505771899
  0.0973000000	  0.1338757905	 18.2123434651
  0.0998000000	  0.1422759293	 18.2676779788
  0.0971000000	  0.1374065959	 18.0412223584
  0.0996000000	  0.1431482705	 17.9849011545
  0.0997000000	  0.1426240551	 18.1234917258
  0.1005000000	  0.1434848533	 18.2630546779
  0.0981000000	  0.1391521396	 18.0907566415
  0.1010000000	  0.1440030166	 18.1669115842
  0.1009000000	  0.1376771075	 18.4562866618
  0.0975000000	  0.1362676972	 18.1529823307
  0.0982000000	  0.1382894059	 18.3091162174
  0.1018000000	  0.1407816424	 18.2803102059
  0.1041000000	  0.1426945536	 18.1429637624
  0.0966000000	  0.1304549376	 18.2401500458
  0.0977000000	  0.1353066169	 18.1238730989
  0.0996000000	  0.1331452564	 18.2469713339
  0.1000000000	  0.1375722024	 18.0311150874
