  0.0962000000	  0.1332779075	 18.1998461186
  0.1030000000	  0.1397020762	 18.0534036501
  0.0999000000	  0.1367755759	 18.2023938426
  0.0987000000	  0.1328021556	 18.2343951665
  0.0980000000	  0.1349262440	 18.1416915189
  0.1003000000	  0.1387841524	 18.1576012196
  0.0993000000	  0.1349393471	 18.2318356456
  0.1022000000	  0.1412013401	 18.1468211920
  0.1029000000	  0.1444367406	 18.1016540653
  0.0995000000	  0.1375005246	 18.1724599522
  0.0977000000	  0.1369973863	 18.1930101836
  0.1001000000	  0.1383060652	 18.1639691147
  0.1008000000	  0.1386483902	 18.1824161366
  0.1009000000	  0.1358396875	 18.2400721696
  0.0979000000	  0.1398511461	 18.1678076582
  0.0991000000	  0.1360631282	 18.2798549770
  0.1004000000	  0.1356949174	 18.2589018252
  0.0998000000	  0.1405634511	 18.1857043058
  0.1002000000	  0.1362353909	 18.1575297398
  0.0996000000	  0.1424000972	 18.1099906795
  0.1012000000	  0.1405791003	 18.2112785140
  0.1033000000	  0.1393095384	 18.1955343709
  0.0976000000	  0.1362453918	 18.1833116477
  0.0997000000	  0.1395072700	 18.2682614764
  0.1016000000	  0.1416228024	 18.2427556471
  0.0995000000	  0.1340177036	 18.2920937937
  0.0982000000	  0.1393509250	 18.1734423377
  0.1006000000	  0.1386194685	 18.2237090943
  0.0984000000	  0.1334268875	 18.2943487698
  0.1006000000	  0.1382346362	 18.0640447408
  0.1007000000	  0.1367581469	 18.1445796413
  0.0998000000	  0.1411884885	 18.0801291866
  0.1012000000	  0.1376660877	 18.2014750395
  0.0968000000	  0.1322517665	 18.2799201933
  0.1006000000	  0.1303288753	 18.3523846791
  0.0967000000	  0.1310251872	 18.2539099516
  0.0987000000	  0.1415665270	 18.1312861722
  0.0998000000	  0.1360310261	 18.2597035693
  0.1012000000	  0.1331892457	 18.2873951751
  0.1048000000	  0.1422427737	 18.1368355510
  0.0984000000	  0.1420081113	 18.1153817282
  0.1006000000	  0.1420976578	 18.0755320158
  0.0982000000	  0.1382797475	 18.2445017063
  0.1006000000	  0.1356089320	 18.2226228713
  0.0967000000	  0.1327889859	 18.2865994704
  0.1003000000	  0.1414579017	 18.0915161368
  0.1034000000	  0.1370966983	 18.2248529370
  0.1019000000	  0.1464452528	 18.1195390139
  0.1008000000	  0.1450871111	 18.0616031991
  0.0994000000	  0.1379056409	 18.2876079071
  0.1000000000	  0.1350906362	 18.2175532051
  0.0997000000	  0.1398437923	 18.1222280150
  0.1017000000	  0.1375521204	 18.2029281129
  0.0998000000	  0.1337365908	 18.3334931788
  0.0969000000	  0.1368014398	 18.1479203080
  0.1010000000	  0.1339969541	 18.1533899087
  0.1000000000	  0.1402788289	 18.1138565610
  0.0997000000	  0.1365572837	 18.2787013244
  0.0989000000	  0.1373903691	 18.2009979371
  0.0998000000	  0.1440355329	 18.0709806418
  0.1004000000	  0.1418042915	 18.1157971812
  0.1020000000	  0.1438283443	 18.1497638491
  0.1011000000	  0.1359688446	 18.2388976644
  0.1013000000	  0.1375951980	 18.0536515023
  0.1000000000	  0.1413789666	 18.1348604478
  0.1009000000	  0.1427186989	 18.1316978049
  0.0968000000	  0.1369845543	 18.1633319462
  0.1000000000	  0.1386100932	 18.1835407348
  0.0992000000	  0.1400356563	 18.1435190819
  0.1009000000	  0.1398586476	 18.2044031368
  0.0987000000	  0.1335377247	 18.2217114774
  0.0988000000	  0.1394330019	 18.0759327960
  0.1014000000	  0.1390825432	 18.2495042873
  0.0998000000	  0.1389527129	 18.2437670807
  0.0959000000	  0.1368325121	 18.2980558644
  0.1002000000	  0.1385096532	 18.2556237290
  0.0994000000	  0.1324746835	 18.2154147456
  0.0986000000	  0.1427063396	 18.1010910617
  0.0957000000	  0.1341946948	 18.1547767135
  0.0993000000	  0.1359865370	 18.2470100273
  0.0992000000	  0.1405424910	 18.2375861242
  0.0992000000	  0.1387070910	 18.2341049082
  0.0993000000	  0.1386279691	 18.0872939202
  0.0986000000	  0.1407654142	 18.0889765003
  0.1004000000	  0.1412657565	 18.1426333957
  0.0998000000	  0.1439512588	 18.1702974913
  0.0996000000	  0.1422469097	 18.2273548758
  0.1009000000	  0.1411225925	 18.2209143486
  0.0987000000	  0.1456483633	 18.0993943662
  0.1005000000	  0.1424417648	 18.1341107483
  0.0976000000	  0.1415924684	 18.2421664478
  0.0998000000	  0.1360259180	 18.2534084139
  0.1006000000	  0.1371778263	 18.1597144297
  0.0998000000	  0.1366608974	 18.2208255497
  0.0954000000	  0.1365397819	 18.1442231932
  0.0990000000	  0.1372935051	 18.2291424805
  0.0992000000	  0.1373800526	 18.2471565337
  0.1003000000	  0.1359604805	 18.2035870990
  0.0970000000	  0.1392023156	 18.0932872140
  0.1011000000	  0.1420607013	 18.1953349222
  0.1004000000	  0.1344038988	 18.2388613563
  0.0987000000	  0.1388843896	 18.2007832369
  0.0993000000	  0.1341109259	 18.3138299272
  0.1024000000	  0.1394940478	 18.2214789497
  0.0998000000	  0.1323626995	 18.2869218366
  0.1012000000	  0.1396982579	 18.2120968555
  0.0971000000	  0.1308184780	 18.2949028482
  0.1000000000	  0.1410786662	 18.1841337877
  0.0970000000	  0.1413876348	 18.1037387101
  0.1011000000	  0.1385560313	 18.2117424497
  0.0994000000	  0.1374606162	 18.1661958346
  0.1001000000	  0.1331341318	 18.2205361893
  0.1011000000	  0.1364109519	 18.1859656249
  0.1028000000	  0.1456569872	 18.1406936860
  0.0966000000	  0.1348853358	 18.2984173804
  0.0956000000	  0.1408129332	 18.1029123691
  0.1011000000	  0.1422671391	 18.2271382062
  0.0989000000	  0.1414014355	 18.1521448297
  0.1012000000	  0.1417202828	 18.1706664239
  0.0966000000	  0.1399812942	 18.2716888127
  0.0983000000	  0.1355621156	 18.2855141878
  0.1024000000	  0.1362104689	 18.2046545561
  0.0994000000	  0.1356313606	 18.2595684158
  0.1004000000	  0.1412072076	 18.2454161630
  0.1008000000	  0.1378529192	 18.1761137790
  0.0992000000	  0.1412828719	 18.0596205675
  0.0998000000	  0.1432452250	 18.2109836754
  0.0995000000	  0.1381102308	 18.0475510044
  0.0993000000	  0.1370338902	 18.2388715083
  0.0991000000	  0.1415443851	 18.1477876042
  0.0972000000	  0.1383370417	 18.1628592294
  0.0968000000	  0.1392482844	 18.2214218500
  0.0970000000	  0.1346699259	 18.1949372316
  0.0991000000	  0.1381676714	 18.0452725075
  0.0999000000	  0.1342569488	 18.1716261904
  0.0980000000	  0.1378540065	 18.1730560952
  0.1014000000	  0.1445170166	 18.1185967780
  0.0989000000	  0.1399694073	 18.1722334493
  0.0987000000	  0.1367386690	 18.1737275419
  0.0984000000	  0.1432229787	 18.1803014442
  0.1014000000	  0.1394726682	 18.1874807790
  0.0994000000	  0.1473139360	 18.0298791720
  0.0984000000	  0.1373820188	 18.2578395086
  0.0968000000	  0.1337914988	 18.1582119941
  0.1031000000	  0.1340237401	 18.2606586924
  0.0986000000	  0.1327265527	 18.2693221938
  0.1027000000	  0.1359240768	 18.2181531649
  0.1014000000	  0.1407395439	 18.0963433594
  0.0994000000	  0.1391197830	 18.1799428047
  0.1023000000	  0.1398467059	 18.1850913051
  0.0985000000	  0.1362838776	 18.2022491164
  0.0998000000	  0.1333451878	 18.2075956999
  0.1005000000	  0.1338648206	 18.2270268954
  0.0994000000	  0.1345922432	 18.2735610444
  0.1008000000	  0.1405153529	 18.2240831279
  0.1023000000	  0.1429507685	 18.1935332157
  0.1014000000	  0.1389516916	 18.1819131795
  0.0993000000	  0.1367544876	 18.2509198779
  0.0983000000	  0.1395635695	 18.1356660919
  0.0987000000	  0.1381179856	 18.2195595506
  0.1013000000	  0.1433650179	 18.1951246977
  0.1037000000	  0.1443763861	 18.1906672248
  0.1005000000	  0.1404937571	 18.2114372312
  0.0994000000	  0.1343574455	 18.2162100663
  0.1021000000	  0.1426613525	 18.1540133053
  0.0977000000	  0.1358074674	 18.1305442288
  0.1009000000	  0.1430802180	 18.1520365428
  0.0992000000	  0.1401053880	 18.2148567104
  0.1013000000	  0.1434667449	 18.1596092785
  0.1026000000	  0.1425608370	 18.1642283136
  0.0990000000	  0.1437669748	 18.0367045984
  0.1005000000	  0.1443556838	 18.1650878091
  0.1004000000	  0.1378169219	 18.2661411854
  0.0973000000	  0.1336665828	 18.2534480721
  0.0972000000	  0.1294426678	 18.2785555024
  0.1003000000	  0.1407785076	 18.1747356827
  0.1010000000	  0.1460463190	 18.1608441201
  0.1016000000	  0.1367271384	 18.1579305634
  0.0975000000	  0.1377243839	 18.1909216378
  0.0975000000	  0.1330205416	 18.3428422173
  0.1003000000	  0.1382311750	 18.1689540293
  0.1006000000	  0.1355144562	 18.2914029370
  0.1020000000	  0.1376539242	 18.2088970268
  0.1036000000	  0.1372964766	 18.2775560472
  0.1038000000	  0.1389320775	 18.2139766782
  0.1024000000	  0.1421286438	 18.1551691464
  0.1007000000	  0.1389997566	 18.2102258189
  0.1023000000	  0.1398823298	 18.1468859138
  0.0984000000	  0.1338898171	 18.2303632104
  0.1014000000	  0.1441059982	 18.1036234483
  0.0997000000	  0.1402808211	 18.1587671183
  0.1010000000	  0.1379095998	 18.3041432709
  0.1006000000	  0.1348921854	 18.2378019266
  0.0990000000	  0.1391719477	 18.2056632517
  0.0999000000	  0.1416678588	 18.0821987819
  0.1003000000	  0.1417519938	 18.0779273170
  0.1010000000	  0.1396062836	 18.2581916709
  0.1009000000	  0.1445239218	 18.1849619871
  0.1036000000	  0.1395192368	 18.2237194201
  0.0975000000	  0.1389566668	 18.2066613901
  0.1048000000	  0.1451262763	 18.1123352719
  0.1008000000	  0.1488802690	 18.0481359130
  0.0999000000	  0.1378058716	 18.2478810442
  0.1026000000	  0.1356336564	 18.2906782239
  0.1005000000	  0.1349533680	 18.2865492187
  0.1017000000	  0.1363528951	 18.1675237995
  0.1013000000	  0.1393760666	 18.1777793279
  0.1008000000	  0.1411130131	 18.1539587117
  0.1010000000	  0.1400703193	 18.1145679385
  0.0970000000	  0.1383047687	 18.1547223755
  0.1011000000	  0.1459170062	 18.2009663319
  0.0965000000	  0.1330965829	 18.3327295514
  0.1007000000	  0.1364251938	 18.2646096909
  0.1018000000	  0.1445438334	 18.1396677594
  0.1007000000	  0.1424136840	 18.1929889227
  0.1015000000	  0.1420185163	 18.1165743358
  0.0999000000	  0.1341720418	 18.3203397755
  0.1010000000	  0.1375841607	 18.2140966129
  0.0993000000	  0.1397054924	 18.1227784417
  0.0980000000	  0.1377511548	 18.2026706658
  0.0987000000	  0.1394030340	 18.1895616246
  0.0974000000	  0.1375825756	 18.1888036566
  0.0995000000	  0.1375063996	 18.1436357328
  0.1005000000	  0.1337405630	 18.2309655011
  0.0969000000	  0.1393368457	 18.1163892233
  0.0974000000	  0.1382351891	 18.1629714208
  0.1003000000	  0.1399072736	 18.1789835413
  0.1001000000	  0.1451702376	 18.1261180590
  0.1019000000	  0.1392120559	 18.2329207551
  0.0994000000	  0.1375338752	 18.2516360920
  0.1001000000	  0.1379786518	 18.1510425205
  0.0979000000	  0.1331608758	 18.2674607320
  0.0997000000	  0.1341544538	 18.2837439359
  0.0980000000	  0.1359367816	 18.1877362177
  0.0996000000	  0.1400323206	 18.1337967629
  0.0976000000	  0.1431573638	 18.0750773981
  0.0976000000	  0.1363941543	 18.1350753241
  0.0987000000	  0.1425486329	 18.1828961682
  0.1001000000	  0.1445931959	 18.1832536459
  0.1048000000	  0.1377180556	 18.3028637880
  0.1034000000	  0.1371176198	 18.1239923918
  0.0996000000	  0.1354678750	 18.2383895345
  0.1023000000	  0.1369116215	 18.2175047246
  0.0988000000	  0.1408579991	 18.0826709355
  0.1012000000	  0.1369167320	 18.3706550661
  0.0967000000	  0.1337671812	 18.2671200051
  0.1017000000	  0.1420297422	 18.0886193785
  0.1009000000	  0.1464069052	 18.1349634591
  0.1000000000	  0.1399846193	 18.1678192869
  0.0994000000	  0.1427667460	 18.0685203615
  0.0984000000	  0.1378545976	 18.2206013355
  0.0999000000	  0.1426997858	 18.1890507938
  0.0993000000	  0.1423316720	 18.0256396727
  0.1001000000	  0.1381169853	 18.2729752073
  0.0977000000	  0.1396785001	 18.2737142637
  0.1020000000	  0.1372180477	 18.1802315596
  0.0988000000	  0.1407898278	 18.1367339064
  0.0977000000	  0.1410402989	 18.2549333641
  0.1023000000	  0.1382294888	 18.1770261975
  0.1016000000	  0.1375540532	 18.2373053167
  0.0974000000	  0.1308148826	 18.2309764748
  0.1017000000	  0.1420621955	 18.0162606482
  0.1020000000	  0.1413276597	 18.1380492538
  0.1021000000	  0.1367025600	 18.1430300686
  0.0997000000	  0.1384432258	 18.2225068118
  0.0975000000	  0.1424185450	 18.0666938764
  0.0977000000	  0.1373123769	 18.1806680650
  0.0976000000	  0.1352617371	 18.2362252462
  0.0995000000	  0.1444137586	 18.1410625122
  0.0983000000	  0.1341971478	 18.2556165760
  0.0997000000	  0.1404788401	 18.1385750910
  0.0975000000	  0.1412396860	 18.1706598845
  0.0984000000	  0.1349871767	 18.2170868355
  0.0957000000	  0.1419218219	 18.2114434040
  0.0991000000	  0.1387215907	 18.2063412363
  0.0978000000	  0.1384991786	 18.2425821403
  0.1005000000	  0.1389371682	 18.0760055601
  0.0999000000	  0.1417617589	 18.1593825192
  0.1006000000	  0.1394133215	 18.2182561732
  0.1010000000	  0.1392781827	 18.1853345598
  0.1015000000	  0.1381232061	 18.1753698220
  0.0976000000	  0.1400905374	 18.1138605666
  0.0989000000	  0.1339731149	 18.2426269118
  0.0987000000	  0.1354287576	 18.2118427464
  0.1009000000	  0.1433778686	 17.9975212086
  0.0979000000	  0.1410577381	 18.0951732940
  0.1011000000	  0.1386105622	 18.2243087773
  0.1009000000	  0.1430429855	 18.1565225467
  0.1016000000	  0.1419258279	 18.1591660238
  0.1032000000	  0.1366952530	 18.2135654418
  0.0968000000	  0.1362519142	 18.2069407268
  0.1024000000	  0.1464593427	 18.1543211724
  0.0996000000	  0.1394607526	 18.1598369356
  0.0968000000	  0.1393238902	 18.1422892657
  0.0974000000	  0.1345439496	 18.1796864192
  0.1012000000	  0.1402408213	 18.1585419163
  0.1044000000	  0.1428921477	 18.0920225737
  0.1036000000	  0.1403666180	 18.1579819165
  0.0974000000	  0.1365428419	 18.1598432663
  0.1048000000	  0.1436518957	 18.1319263876
  0.1015000000	  0.1394982911	 18.1086532838
  0.0976000000	  0.1356153320	 18.1739966922
  0.0994000000	  0.1403909004	 18.1793313760
  0.1035000000	  0.1368685487	 18.1664375626
  0.0992000000	  0.1378442012	 18.2122524035
  0.0966000000	  0.1407299714	 18.0894570967
  0.0994000000	  0.1366061962	 18.2554184253
  0.1002000000	  0.1428529916	 18.1128422406
  0.0979000000	  0.1352184377	 18.2277011261
  0.0985000000	  0.1394088981	 18.1253839834
  0.1001000000	  0.1414396037	 18.1125581118
  0.0969000000	  0.1353711254	 18.2520164997
  0.1061000000	  0.1454459060	 18.1260567391
  0.0995000000	  0.1378104716	 18.1409303787
  0.1005000000	  0.1441645759	 18.1662900691
  0.1018000000	  0.1393388344	 18.1527683330
  0.1015000000	  0.1371121025	 18.1871519601
  0.0992000000	  0.1388866956	 18.2406647807
  0.0989000000	  0.1337454654	 18.0888301555
  0.1001000000	  0.1371972748	 18.1895731419
  0.0985000000	  0.1342914407	 18.2744886312
  0.1004000000	  0.1359578364	 18.2835390952
  0.1027000000	  0.1425724738	 18.0927134299
  0.1005000000	  0.1408028037	 18.2457506572
  0.1001000000	  0.1331936651	 18.3379754285
  0.1023000000	  0.1387980193	 18.2776286083
  0.0998000000	  0.1362346331	 18.2078940543
  0.1034000000	  0.1407781413	 18.1251861657
  0.0986000000	  0.1389113290	 18.1940983987
  0.0976000000	  0.1393297680	 18.0892948555
  0.1009000000	  0.1411029736	 18.2074352862
  0.0997000000	  0.1384055131	 18.2025563316
  0.1007000000	  0.1379329611	 18.1851822674
  0.1001000000	  0.1379824641	 18.0618715643
  0.1018000000	  0.1412842476	 18.0600925238
  0.1007000000	  0.1423037996	 18.1724211345
  0.0970000000	  0.1309826388	 18.3125099233
  0.1011000000	  0.1387215223	 18.1293352086
  0.1039000000	  0.1388554550	 18.2866684572
  0.1012000000	  0.1414840650	 18.0798278851
  0.0994000000	  0.1378922890	 18.1889214457
  0.1002000000	  0.1411426870	 18.1549620803
  0.0987000000	  0.1341695601	 18.1939048989
  0.0986000000	  0.1334796102	 18.2386225449
  0.1006000000	  0.1335516290	 18.2134806025
  0.1013000000	  0.1392857252	 18.1388205619
  0.0980000000	  0.1362326766	 18.1109632522
  0.1015000000	  0.1392109394	 18.1528483336
  0.0995000000	  0.1391070604	 18.2431787625
  0.1030000000	  0.1453473876	 18.2059180871
  0.0985000000	  0.1374041830	 18.2040215575
  0.1021000000	  0.1405009228	 18.1546647802
  0.0994000000	  0.1347389319	 18.1968812663
  0.1011000000	  0.1396305893	 18.2597493842
  0.1030000000	  0.1397959290	 18.2543762514
  0.1036000000	  0.1382294387	 18.1613236292
  0.0966000000	  0.1389913374	 18.0845301707
  0.1029000000	  0.1374207403	 18.2070084124
  0.0960000000	  0.1295577201	 18.2803040361
  0.1001000000	  0.1372630718	 18.1705352755
  0.0991000000	  0.1398585805	 18.2133483027
  0.1022000000	  0.1356500946	 18.2859678715
  0.0974000000	  0.1372001796	 18.2369210060
  0.1008000000	  0.1382786381	 18.2578280641
  0.1024000000	  0.1442764533	 18.1243653643
  0.0997000000	  0.1338014442	 18.1966097073
  0.1019000000	  0.1397110433	 18.2195835668
  0.1044000000	  0.1386481343	 18.2287600530
  0.1017000000	  0.1367587735	 18.2124727924
  0.1006000000	  0.1395542717	 18.1549818222
  0.0974000000	  0.1371440415	 18.1752796164
  0.1013000000	  0.1407443815	 18.2057442720
  0.0991000000	  0.1367455846	 18.1994269525
  0.1035000000	  0.1461938687	 18.1045825710
  0.0960000000	  0.1342844916	 18.1668800913
  0.1032000000	  0.1388824493	 18.2462936663
  0.0995000000	  0.1384361246	 18.1485730882
  0.0991000000	  0.1385165030	 18.1268239634
  0.1028000000	  0.1422065850	 18.1992897781
  0.1021000000	  0.1368573361	 18.2080596429
  0.1004000000	  0.1401612946	 18.1277162092
  0.1006000000	  0.1438373299	 18.1739492925
  0.0997000000	  0.1420282368	 18.1384177984
  0.1022000000	  0.1380315863	 18.2453409986
  0.1016000000	  0.1408423708	 18.1351779699
  0.0984000000	  0.1368890321	 18.2439307775
  0.0980000000	  0.1397805592	 18.2166943667
  0.0997000000	  0.1395221912	 18.1672047191
  0.1014000000	  0.1405800500	 18.2038513320
  0.0988000000	  0.1347806111	 18.2221478526
  0.1002000000	  0.1400175752	 18.1895351340
  0.0999000000	  0.1385604980	 18.1526272280
  0.0975000000	  0.1307621617	 18.2771643954
  0.1021000000	  0.1417101418	 18.1630906504
  0.0992000000	  0.1392675050	 18.2031455416
  0.1023000000	  0.1378942152	 18.2155382806
  0.0996000000	  0.1389360238	 18.2023504694
  0.1044000000	  0.1365705839	 18.2953458823
  0.1011000000	  0.1373589124	 18.2060968639
  0.0989000000	  0.1336049433	 18.2415245960
  0.0992000000	  0.1395197720	 18.1132975357
  0.0977000000	  0.1390684549	 18.1171100742
  0.1017000000	  0.1387684552	 18.2450831642
  0.1025000000	  0.1357705211	 18.1690649879
  0.1009000000	  0.1401250606	 18.1612659704
  0.0994000000	  0.1420044608	 18.0979463776
  0.0992000000	  0.1334955711	 18.2494517002
  0.1017000000	  0.1380731646	 18.2523122320
  0.0986000000	  0.1364780820	 18.2580635912
  0.0973000000	  0.1385953724	 18.0979933321
  0.0995000000	  0.1381104060	 18.1883808841
  0.1017000000	  0.1442633999	 18.1360196941
  0.0987000000	  0.1383638035	 18.1368555685
  0.0981000000	  0.1306343612	 18.3256255632
  0.1018000000	  0.1370445505	 18.1866422365
  0.1010000000	  0.1399483576	 18.2191163931
  0.1008000000	  0.1412727547	 18.0439972120
  0.1004000000	  0.1370030206	 18.2894496088
  0.0978000000	  0.1386272734	 18.1408064342
  0.0994000000	  0.1374574658	 18.1772939442
  0.0998000000	  0.1432210128	 18.0913891293
  0.0973000000	  0.1387979110	 18.1851317349
  0.0974000000	  0.1345090181	 18.2169060163
  0.1043000000	  0.1425898478	 18.1820964331
  0.0983000000	  0.1380287572	 18.1586845745
  0.1011000000	  0.1373500656	 18.1835240567
  0.0987000000	  0.1369870935	 18.1958910729
  0.1013000000	  0.1392257313	 18.1745505418
  0.1002000000	  0.1417524712	 18.1053387499
  0.1010000000	  0.1391174308	 18.2839592666
  0.0995000000	  0.1390173626	 18.2515622891
  0.1010000000	  0.1411127059	 18.1227902252
  0.0981000000	  0.1384518329	 18.2920521393
  0.1004000000	  0.1398013352	 18.2621316911
  0.0968000000	  0.1380459881	 18.2611722516
  0.0977000000	  0.1384706752	 18.1735866064
  0.0969000000	  0.1392307569	 18.2218252625
  0.1005000000	  0.1399704344	 18.0595731602
  0.1005000000	  0.1380723537	 18.1663153005
  0.0956000000	  0.1332307617	 18.1948171960
  0.0976000000	  0.1344802837	 18.2239860058
  0.0948000000	  0.1345696717	 18.1212025956
  0.0997000000	  0.1359311190	 18.2040512195
  0.0989000000	  0.1391226406	 18.1891557729
  0.0970000000	  0.1362962811	 18.1540206934
  0.1029000000	  0.1435814516	 18.0750779480
  0.1009000000	  0.1391516401	 18.2449718891
  0.0994000000	  0.1407262385	 18.1383164936
  0.0994000000	  0.1408698457	 18.1117843563
  0.1026000000	  0.1402207210	 18.0886644245
  0.1020000000	  0.1371342575	 18.2277712880
  0.1001000000	  0.1442586089	 18.0909131245
  0.0997000000	  0.1392530163	 18.2922173339
  0.1019000000	  0.1428387153	 18.0729576240
  0.0968000000	  0.1384719892	 18.0677655527
  0.1034000000	  0.1356405507	 18.2069236905
  0.1015000000	  0.1411627602	 18.1330119847
  0.0988000000	  0.1412823005	 18.1554852396
  0.0981000000	  0.1328668588	 18.2752584411
  0.1019000000	  0.1407704945	 18.2009073943
  0.1000000000	  0.1331798067	 18.3232584700
  0.1025000000	  0.1417576948	 18.1572727390
  0.1016000000	  0.1483798476	 18.0152339678
  0.1020000000	  0.1394222551	 18.1766563967
  0.1037000000	  0.1351604056	 18.2760360544
  0.1012000000	  0.1395293698	 18.2732582232
  0.0980000000	  0.1396284802	 18.1788789923
  0.0985000000	  0.1370249920	 18.2271432694
  0.0990000000	  0.1342024919	 18.2054173198
  0.0988000000	  0.1439854959	 18.0317564777
  0.0980000000	  0.1432814218	 18.0388894756
  0.1011000000	  0.1423432036	 18.1688141503
  0.0984000000	  0.1385466211	 18.2371646873
  0.0981000000	  0.1413725369	 18.1207385931
  0.1017000000	  0.1384080662	 18.2490300373
  0.1002000000	  0.1371227134	 18.2790523908
  0.1039000000	  0.1383318531	 18.1704879276
  0.0968000000	  0.1335066875	 18.2350133394
  0.0985000000	  0.1399079486	 18.0974925159
  0.0987000000	  0.1383561068	 18.2429391022
  0.1003000000	  0.1358625760	 18.2754697399
  0.1005000000	  0.1353582823	 18.2274913876
  0.1013000000	  0.1376846044	 18.1647177098
  0.0991000000	  0.1413919661	 18.1505384704
  0.0988000000	  0.1401007658	 18.2069138661
  0.1020000000	  0.1403821900	 18.1396200018
  0.0987000000	  0.1411699098	 18.1540715925
  0.1014000000	  0.1383760526	 18.2227983926
  0.0951000000	  0.1348758783	 18.1977404154
  0.1003000000	  0.1321319496	 18.1998417935
  0.1021000000	  0.1402802090	 18.2018467540
  0.0977000000	  0.1341653268	 18.2658308199
  0.1016000000	  0.1425681691	 18.0644756961
  0.0992000000	  0.1383784021	 18.1175523164
  0.0975000000	  0.1399866024	 18.1360667523
  0.0976000000	  0.1395809032	 18.1536635733
  0.1011000000	  0.1385096810	 18.1712211761
  0.1027000000	  0.1380831947	 18.2428508978
  0.0968000000	  0.1402619355	 18.1945533915
  0.1018000000	  0.1408135424	 18.1750191231
  0.0984000000	  0.1404776363	 18.2173914496
  0.1027000000	  0.1391653338	 18.1825565728
  0.1022000000	  0.1408643962	 18.1459040078
  0.0991000000	  0.1388452453	 18.1736495972
  0.0991000000	  0.1392476324	 18.2396116454
  0.0980000000	  0.1369263623	 18.1916870333
  0.1002000000	  0.1421763391	 18.1900419172
  0.0996000000	  0.1349979842	 18.1776257261
  0.1037000000	  0.1417022714	 18.2234652064
  0.0995000000	  0.1404171372	 18.1190193511
  0.0990000000	  0.1374839250	 18.1051386282
  0.1009000000	  0.1374143577	 18.1821618903
  0.1014000000	  0.1405988795	 18.1262907076
  0.0992000000	  0.1410226243	 18.1137243840
  0.1009000000	  0.1387012721	 18.1693226205
  0.1015000000	  0.1395756778	 18.1044248503
  0.1015000000	  0.1390311972	 18.2083243076
  0.0987000000	  0.1370405366	 18.2034833518
  0.0988000000	  0.1340403719	 18.1676603761
  0.0971000000	  0.1343241238	 18.1553796160
  0.0988000000	  0.1415385427	 18.1635925119
  0.0984000000	  0.1413433242	 18.2073517595
  0.1007000000	  0.1376827264	 18.1834266376
  0.1025000000	  0.1370922477	 18.2171078646
  0.0993000000	  0.1344537062	 18.2933140730
  0.1020000000	  0.1371318833	 18.2657615369
  0.1017000000	  0.1411662247	 18.2164191851
  0.1010000000	  0.1438677280	 18.1668386810
  0.1011000000	  0.1401782960	 18.1437824808
  0.0984000000	  0.1321839187	 18.2829749367
  0.1028000000	  0.1391418239	 18.2079480312
  0.1003000000	  0.1346641046	 18.2332329672
  0.0966000000	  0.1351040156	 18.1965512893
  0.0958000000	  0.1368756621	 18.2243255105
  0.1011000000	  0.1363258303	 18.3063619282
  0.1021000000	  0.1375535205	 18.2153527580
  0.1021000000	  0.1400759642	 18.2273678414
  0.0994000000	  0.1416391099	 18.1908477989
  0.1014000000	  0.1389970388	 18.1206596165
  0.0993000000	  0.1406012845	 18.1463067253
  0.1016000000	  0.1337139050	 18.1346946162
  0.0981000000	  0.1379212055	 18.2254050015
  0.1020000000	  0.1313083182	 18.1991156988
  0.1003000000	  0.1396652028	 18.0589069074
  0.0997000000	  0.1385928116	 18.2599685999
  0.0970000000	  0.1422282909	 18.0689784830
  0.1012000000	  0.1349370500	 18.2115648125
  0.0979000000	  0.1315642484	 18.3077831003
  0.0964000000	  0.1329194853	 18.1656251058
  0.1010000000	  0.1357569120	 18.1925729465
  0.1006000000	  0.1366088745	 18.1238521108
  0.1016000000	  0.1454157867	 18.1028399115
  0.1016000000	  0.1427844394	 18.1466911977
  0.1004000000	  0.1407854882	 18.1678380143
  0.0983000000	  0.1351173655	 18.2489016632
  0.0993000000	  0.1350310571	 18.1967708813
  0.1014000000	  0.1367712919	 18.1461219084
  0.1000000000	  0.1379015264	 18.1100063900
  0.1033000000	  0.1330028039	 18.1856846364
  0.1004000000	  0.1394890624	 18.2199142013
  0.0978000000	  0.1399166879	 18.2241136038
  0.1011000000	  0.1385876616	 18.1607038091
  0.0987000000	  0.1351360776	 18.1280789100
  0.1030000000	  0.1411050590	 18.1824324518
  0.0949000000	  0.1339584633	 18.1783011827
  0.0991000000	  0.1357885489	 18.1947782402
  0.1043000000	  0.1412691666	 18.1903657975
  0.0974000000	  0.1367663524	 18.2252272221
  0.0991000000	  0.1372937495	 18.1142670287
  0.0994000000	  0.1396902659	 18.1652386737
  0.0990000000	  0.1362878326	 18.2580369966
  0.1029000000	  0.1370406813	 18.2026087334
  0.0994000000	  0.1369937730	 18.0646092902
  0.1014000000	  0.1379672206	 18.1365384461
  0.1023000000	  0.1460323145	 18.1804950692
  0.0991000000	  0.1383210548	 18.1335151115
  0.0955000000	  0.1366421885	 18.2453756313
  0.1002000000	  0.1423884827	 18.0999985387
  0.1002000000	  0.1378321386	 18.1416320645
  0.0993000000	  0.1345428982	 18.2315806442
  0.1003000000	  0.1397143631	 18.0754245630
  0.1008000000	  0.1414020082	 18.1446502923
  0.0984000000	  0.1376074519	 18.2812531863
  0.0999000000	  0.1365187567	 18.2708141454
  0.1011000000	  0.1375852199	 18.2103290002
  0.0998000000	  0.1336067411	 18.2666384923
  0.1006000000	  0.1361404381	 18.2622949623
  0.1022000000	  0.1429319678	 18.1760782047
  0.1021000000	  0.1418260476	 18.1754041782
  0.0989000000	  0.1409935701	 18.1470414701
  0.1009000000	  0.1450870190	 18.0574865207
  0.0987000000	  0.1386902689	 18.2839694841
  0.0988000000	  0.1355593065	 18.3776067011
  0.1002000000	  0.1405235749	 18.2472649564
  0.0984000000	  0.1386361033	 18.1770739097
  0.0987000000	  0.1410414835	 18.1677647048
  0.0986000000	  0.1401896229	 18.1022965663
  0.1024000000	  0.1427871614	 18.2410546542
  0.1010000000	  0.1474071405	 18.0683224620
  0.0988000000	  0.1343798197	 18.2564094121
  0.1015000000	  0.1394081682	 18.1657383272
  0.1008000000	  0.1440638968	 18.0820183544
  0.1016000000	  0.1391621984	 18.1759256022
  0.1042000000	  0.1450035780	 18.1035143871
  0.0995000000	  0.1389892696	 18.1938057668
  0.0977000000	  0.1357167697	 18.2145525710
  0.0987000000	  0.1391737222	 18.1583332180
  0.0991000000	  0.1411255738	 18.1953069964
  0.1002000000	  0.1411823395	 18.1875922430
  0.0999000000	  0.1336921449	 18.3079529651
  0.0994000000	  0.1437989090	 18.1382755286
  0.1014000000	  0.1405136501	 18.1837970633
  0.1016000000	  0.1444563054	 18.0154730935
  0.0997000000	  0.1379471418	 18.0603853278
  0.0986000000	  0.1344446597	 18.2387424345
  0.0977000000	  0.1381941027	 18.2586268645
  0.0992000000	  0.1311159361	 18.1790542616
  0.1005000000	  0.1417331692	 18.2276928615
  0.0968000000	  0.1373651150	 18.2094770156
  0.0999000000	  0.1362493350	 18.2334520485
  0.0977000000	  0.1390581442	 18.2124621665
  0.0965000000	  0.1357752291	 18.2703543342
  0.0957000000	  0.1335436199	 18.2367393005
  0.1006000000	  0.1366139719	 18.1942170593
  0.1008000000	  0.1386382387	 18.1464627919
  0.1001000000	  0.1413178077	 18.1106621648
  0.1000000000	  0.1427960525	 18.0498675143
  0.1007000000	  0.1396264655	 18.1748014319
  0.1022000000	  0.1394278723	 18.2633165206
  0.0995000000	  0.1395576569	 18.2174968479
  0.1014000000	  0.1428281249	 18.0982494712
  0.1003000000	  0.1358284700	 18.3384837945
  0.0999000000	  0.1420293728	 18.1657329610
  0.0992000000	  0.1341438845	 18.3059486114
  0.0998000000	  0.1380077783	 18.1612007013
  0.0984000000	  0.1322508499	 18.2801648572
  0.0970000000	  0.1326320968	 18.2499602609
  0.1007000000	  0.1408556978	 18.1700500764
  0.1010000000	  0.1390373822	 18.2407266222
  0.1002000000	  0.1366595137	 18.1733102520
  0.1040000000	  0.1445940418	 18.0757954368
  0.0980000000	  0.1367678074	 18.1372230620
  0.0994000000	  0.1363219471	 18.1934005941
  0.1039000000	  0.1455438046	 18.0349556959
  0.0997000000	  0.1336575504	 18.1848358111
  0.1011000000	  0.1366100215	 18.2231536492
  0.0983000000	  0.1396632651	 18.0763235688
  0.1036000000	  0.1403987860	 18.0622745246
  0.1007000000	  0.1374167911	 18.2275503377
  0.1011000000	  0.1401116708	 18.2148403788
  0.1017000000	  0.1414874832	 18.1367288627
  0.0998000000	  0.1385143864	 18.1439774581
  0.1015000000	  0.1342229189	 18.3025233757
  0.0991000000	  0.1416100502	 18.0372798505
  0.0938000000	  0.1335788355	 18.1000476954
  0.1001000000	  0.1387694843	 18.2519513676
  0.0952000000	  0.1306566266	 18.2165322464
  0.1002000000	  0.1356675634	 18.2376566870
  0.1009000000	  0.1386582386	 18.1971282439
  0.1007000000	  0.1383554196	 18.3235531487
  0.1001000000	  0.1354549431	 18.2450191410
  0.0989000000	  0.1337525337	 18.2567472749
  0.1026000000	  0.1434420763	 18.1662763264
  0.0999000000	  0.1401402447	 18.1614308935
  0.0961000000	  0.1340108574	 18.1281708266
  0.0973000000	  0.1378053517	 18.1096295898
  0.0973000000	  0.1360367742	 18.1250408846
  0.1003000000	  0.1380605967	 18.1189412003
  0.1001000000	  0.1378996997	 18.1647606711
  0.1008000000	  0.1410199593	 18.1965123727
  0.1011000000	  0.1433262564	 18.1996082161
  0.1018000000	  0.1435324224	 18.2278341154
  0.0989000000	  0.1359038051	 18.1422996001
  0.0997000000	  0.1365481485	 18.2084327522
  0.0967000000	  0.1376841920	 18.1774147562
  0.1014000000	  0.1384158197	 18.2575086452
  0.1002000000	  0.1451557876	 18.1672169820
  0.0984000000	  0.1390389362	 18.1000677117
  0.0998000000	  0.1412587779	 18.1920946743
  0.0974000000	  0.1350083039	 18.2201353930
  0.0956000000	  0.1350405914	 18.1865916970
  0.0994000000	  0.1327143032	 18.1976012329
  0.0965000000	  0.1413382333	 18.1658942431
  0.0991000000	  0.1396390882	 18.2154563427
  0.0997000000	  0.1323490051	 18.2209779255
  0.0999000000	  0.1380838481	 18.2247868706
  0.0999000000	  0.1373837210	 18.3441709067
  0.1014000000	  0.1466473093	 18.1038257033
  0.1014000000	  0.1351748373	 18.1561404491
  0.1011000000	  0.1433302675	 18.1189779466
  0.0972000000	  0.1371238095	 18.2201005198
  0.1023000000	  0.1396312574	 18.2092621195
  0.0991000000	  0.1387230890	 18.1346358517
  0.0981000000	  0.1419131718	 18.1345230833
  0.0976000000	  0.1375956380	 18.2090813956
  0.1031000000	  0.1458379779	 18.1558655238
  0.0979000000	  0.1326365755	 18.2518722862
  0.1038000000	  0.1405933181	 18.1775041334
  0.0993000000	  0.1378627594	 18.1787345850
  0.1005000000	  0.1443628788	 18.1691075806
  0.1018000000	  0.1396124208	 18.1732688662
  0.0991000000	  0.1352932875	 18.2143118739
  0.0985000000	  0.1374797419	 18.2576409913
  0.1018000000	  0.1429298223	 18.1931041543
  0.1022000000	  0.1415950812	 18.1843927978
  0.1004000000	  0.1360702464	 18.2199050519
  0.1009000000	  0.1420791785	 18.1600759114
  0.1026000000	  0.1398264417	 18.1982276789
  0.0979000000	  0.1368447877	 18.1595419245
  0.1006000000	  0.1371392912	 18.2261637726
  0.0976000000	  0.1404363519	 18.1926942740
  0.1021000000	  0.1503043826	 18.0342591004
  0.0991000000	  0.1331313909	 18.1755997337
  0.1013000000	  0.1371753878	 18.2178073424
  0.0991000000	  0.1407930694	 18.1759157620
  0.0982000000	  0.1367416210	 18.1741673571
  0.0999000000	  0.1378613689	 18.1981560368
  0.1010000000	  0.1393823795	 18.1442613125
  0.0998000000	  0.1425875513	 17.9776248904
  0.1009000000	  0.1383845721	 18.1657740389
  0.0991000000	  0.1358813673	 18.1543489172
  0.1005000000	  0.1402644751	 18.0726815946
  0.1046000000	  0.1412081358	 18.2230554538
  0.1008000000	  0.1435971869	 18.0913890949
  0.1011000000	  0.1442539633	 18.1701647670
  0.1007000000	  0.1427982150	 18.1672388403
  0.0975000000	  0.1395867808	 18.1832529831
  0.0992000000	  0.1357688388	 18.1917720924
  0.1027000000	  0.1368582043	 18.1432404827
  0.1009000000	  0.1401549850	 18.2116529397
  0.1021000000	  0.1405892767	 18.0805736519
  0.0996000000	  0.1394919402	 18.2060723018
  0.1000000000	  0.1354132618	 18.1568442881
  0.1008000000	  0.1393943063	 18.2628047430
  0.0989000000	  0.1383087728	 18.1912726891
  0.0991000000	  0.1398562429	 18.1821711493
  0.0990000000	  0.1428803046	 18.2092870991
  0.0999000000	  0.1380827491	 18.2157807373
  0.1003000000	  0.1363466100	 18.1204319491
  0.1007000000	  0.1380251794	 18.1811259009
  0.1002000000	  0.1502120777	 17.9895339150
  0.1008000000	  0.1416894686	 18.1089372463
  0.0985000000	  0.1394249376	 18.0093264362
  0.1017000000	  0.1358154455	 18.2513872465
  0.0977000000	  0.1421491200	 18.0921824225
  0.0987000000	  0.1372843431	 18.2563566170
  0.0995000000	  0.1362506990	 18.2501848886
  0.1047000000	  0.1449235639	 18.2419540919
  0.1030000000	  0.1382625532	 18.1949076424
  0.1012000000	  0.1444405397	 18.1379710471
  0.0968000000	  0.1401076712	 18.1767120839
  0.1009000000	  0.1406245660	 18.1434785124
  0.1002000000	  0.1363402480	 18.2225528842
  0.0980000000	  0.1389314980	 18.2149339056
  0.1005000000	  0.1375249859	 18.2365572201
  0.0988000000	  0.1328445894	 18.2356381849
  0.0989000000	  0.1427480293	 18.1290867299
  0.0996000000	  0.1396205853	 18.1901601342
  0.0989000000	  0.1402433927	 18.2947056808
  0.0971000000	  0.1352224828	 18.2632243826
  0.0995000000	  0.1366446234	 18.0549773005
  0.0987000000	  0.1368808488	 18.2036515918
  0.1021000000	  0.1387428821	 18.2253177028
  0.0972000000	  0.1423340192	 18.1460664409
  0.1005000000	  0.1401520792	 18.1904319591
  0.1027000000	  0.1379728870	 18.1474696083
  0.0989000000	  0.1415997616	 18.1189855592
  0.1006000000	  0.1446054260	 18.0925919129
  0.1003000000	  0.1414921843	 18.1488594140
  0.0993000000	  0.1426419093	 18.1256488755
  0.1007000000	  0.1417428246	 18.1606741208
  0.0985000000	  0.1362343215	 18.1448656485
  0.1002000000	  0.1394143708	 18.1571692118
  0.0968000000	  0.1338428803	 18.2611935882
  0.0995000000	  0.1385557435	 18.1429747004
  0.1002000000	  0.1316375547	 18.2871250755
  0.1018000000	  0.1424293794	 18.1374991534
  0.1029000000	  0.1388890151	 18.2769934943
  0.0987000000	  0.1397260559	 18.3758144047
  0.0985000000	  0.1385832217	 18.0922615665
  0.0986000000	  0.1377647184	 18.1249845676
  0.0977000000	  0.1342275552	 18.2252149731
  0.1002000000	  0.1387781656	 18.1340665143
  0.1001000000	  0.1406733751	 18.1920736756
  0.1012000000	  0.1394763336	 18.1781685668
  0.1011000000	  0.1394185923	 18.2056438373
  0.1013000000	  0.1398382394	 18.1333779634
  0.0996000000	  0.1412239236	 18.1515596836
  0.0980000000	  0.1373704589	 18.1390364602
  0.1004000000	  0.1401022271	 18.1633968033
  0.0999000000	  0.1328337516	 18.3389544055
  0.1005000000	  0.1389778763	 18.2382524693
  0.1000000000	  0.1392239841	 18.1407619057
  0.0972000000	  0.1344026026	 18.2211813175
  0.1031000000	  0.1385991927	 18.2583115067
  0.0994000000	  0.1325622161	 18.1786311196
  0.1010000000	  0.1440989454	 18.1453651628
  0.1005000000	  0.1414236660	 18.1421298817
  0.0989000000	  0.1372079315	 18.2811745051
  0.1022000000	  0.1448639952	 17.9469205755
  0.1009000000	  0.1391650951	 18.1246393097
  0.0975000000	  0.1376285907	 18.1561611645
  0.0992000000	  0.1361230218	 18.2325593859
  0.0959000000	  0.1418597162	 18.0903959504
  0.0982000000	  0.1378033682	 18.1788686169
  0.1008000000	  0.1409745080	 18.2290993535
  0.1009000000	  0.1403836479	 18.1904418017
  0.0993000000	  0.1383126604	 18.2413389875
  0.0990000000	  0.1389631415	 18.1788578537
  0.0997000000	  0.1333705646	 18.2433942260
  0.0983000000	  0.1376207841	 18.1335332440
  0.1004000000	  0.1416247434	 18.1761484529
  0.1004000000	  0.1407254231	 18.2020687795
  0.1013000000	  0.1404272530	 18.1496917803
  0.1005000000	  0.1415193783	 18.0356329245
  0.0991000000	  0.1363742896	 18.2275934431
  0.1018000000	  0.1385627406	 18.1730977928
  0.1011000000	  0.1380172166	 18.2085024475
  0.0996000000	  0.1390012267	 18.2267320760
  0.1000000000	  0.1365269994	 18.1966264224
  0.1019000000	  0.1364753331	 18.1902472885
  0.0996000000	  0.1378586980	 18.1988592043
  0.1010000000	  0.1350974865	 18.2292202035
  0.0969000000	  0.1294399379	 18.2292766449
  0.0980000000	  0.1348515073	 18.1631022175
  0.1002000000	  0.1396387323	 18.2124722241
  0.0980000000	  0.1369897782	 18.2348104369
  0.0957000000	  0.1326867228	 18.2457105980
  0.0985000000	  0.1388051968	 18.1405679633
  0.0969000000	  0.1362479166	 18.1674558864
  0.1011000000	  0.1396206169	 18.2853747521
  0.0995000000	  0.1422158059	 18.1182227955
  0.1012000000	  0.1446056711	 18.1344447786
  0.0976000000	  0.1423263371	 18.2064951346
  0.0995000000	  0.1384362058	 18.1856044514
  0.0995000000	  0.1403063807	 18.1780925699
  0.1017000000	  0.1376202207	 18.1453252777
  0.0999000000	  0.1351673703	 18.0793792080
  0.0994000000	  0.1343114253	 18.2342245230
  0.0985000000	  0.1300714937	 18.2906665416
  0.0969000000	  0.1364344002	 18.1407237788
  0.0998000000	  0.1397795943	 18.1779301924
  0.1019000000	  0.1405474914	 18.1580623364
  0.0996000000	  0.1395169202	 18.1222610454
  0.1001000000	  0.1347721891	 18.2325343449
  0.1016000000	  0.1408059828	 18.2420698793
  0.1010000000	  0.1380982915	 18.1885091725
  0.1014000000	  0.1421688383	 18.2469200321
  0.1007000000	  0.1364812059	 18.1604896460
  0.1025000000	  0.1409309807	 18.1624717698
  0.0996000000	  0.1399102229	 18.1703302984
  0.0995000000	  0.1418456797	 18.1590824471
  0.0976000000	  0.1379191863	 18.1545005872
  0.0985000000	  0.1360330515	 18.1367684048
  0.0999000000	  0.1404834898	 18.1773372337
  0.0994000000	  0.1381751189	 18.0557094688
  0.0956000000	  0.1398939149	 18.2666993386
  0.0975000000	  0.1359013118	 18.1832896667
  0.1010000000	  0.1417652066	 18.1497968960
  0.1030000000	  0.1370462998	 18.2348675534
  0.1009000000	  0.1377325279	 18.1454110233
  0.0986000000	  0.1350779987	 18.0837121424
  0.1007000000	  0.1354106649	 18.2053861457
  0.1002000000	  0.1442839249	 18.1604362279
  0.0969000000	  0.1305561069	 18.2080543570
  0.1004000000	  0.1387800935	 18.2366512314
  0.1005000000	  0.1351017548	 18.3187084693
  0.1032000000	  0.1368909194	 18.2265333311
  0.0980000000	  0.1344049573	 18.2038294767
  0.0994000000	  0.1413127736	 18.1077370377
  0.0996000000	  0.1412343343	 18.1671635530
  0.0981000000	  0.1360826988	 18.2423524606
  0.1037000000	  0.1391282361	 18.1967197433
  0.1001000000	  0.1379007400	 18.1094114480
  0.0977000000	  0.1360654180	 18.2377994085
  0.0978000000	  0.1359932727	 18.2678222594
  0.1009000000	  0.1445448839	 18.1603807470
  0.0991000000	  0.1352663217	 18.2046872998
  0.0991000000	  0.1369102219	 18.1957053572
  0.0992000000	  0.1352964266	 18.2493572541
  0.0975000000	  0.1409341440	 18.1841507264
  0.1016000000	  0.1398013068	 18.1668534499
  0.1003000000	  0.1360492090	 18.2578324647
  0.1012000000	  0.1414457994	 18.1996638588
  0.1000000000	  0.1392968351	 18.2035594420
  0.1002000000	  0.1385917447	 18.1047348682
  0.1009000000	  0.1322744069	 18.1854518264
  0.1009000000	  0.1429910980	 18.0881544124
  0.0999000000	  0.1432291027	 18.1633049443
  0.0994000000	  0.1370941186	 18.1087213574
  0.0988000000	  0.1373228626	 18.3159561419
  0.1021000000	  0.1382828160	 18.1906534574
  0.1040000000	  0.1412144825	 18.0679230898
  0.1008000000	  0.1418650312	 18.1401349861
  0.0981000000	  0.1340494576	 18.2036050338
  0.0998000000	  0.1405049445	 18.1255620382
  0.1021000000	  0.1415761854	 18.2187192054
  0.1002000000	  0.1369907664	 18.2351674599
  0.0982000000	  0.1330256084	 18.2546449945
  0.1014000000	  0.1395636788	 18.1931015687
  0.0999000000	  0.1464948910	 18.1834514973
  0.1020000000	  0.1418415772	 18.2497893887
  0.0981000000	  0.1374660420	 18.1025538011
  0.1005000000	  0.1440758489	 18.0448916035
  0.1011000000	  0.1385563906	 18.1376996980
  0.1030000000	  0.1437048418	 18.1990982270
  0.1004000000	  0.1425527128	 18.0852099383
  0.0994000000	  0.1339545646	 18.1681908180
  0.1024000000	  0.1423291352	 18.1914801416
  0.0995000000	  0.1372585577	 18.2194114001
  0.0994000000	  0.1385072071	 18.1245457668
  0.0987000000	  0.1385102709	 18.1775527789
  0.0977000000	  0.1378817306	 18.1838038379
  0.0981000000	  0.1367066283	 18.2242888975
  0.1035000000	  0.1443722314	 18.0732490560
  0.1022000000	  0.1404578635	 18.2145027665
  0.1005000000	  0.1463157676	 18.0747301564
  0.0963000000	  0.1438115787	 18.1266125357
  0.1019000000	  0.1391831664	 18.1475947404
  0.1031000000	  0.1359509113	 18.1426947036
  0.1007000000	  0.1426058525	 18.1612072617
  0.1017000000	  0.1424385612	 18.1416979314
  0.0964000000	  0.1350432582	 18.2059873994
  0.0964000000	  0.1320484126	 18.1263669439
  0.0991000000	  0.1368475875	 18.2609236332
  0.0975000000	  0.1323554623	 18.2042394159
  0.0998000000	  0.1427215166	 18.1421307055
  0.0987000000	  0.1297539506	 18.1864537051
  0.0960000000	  0.1361780875	 18.0474658883
  0.0996000000	  0.1400031470	 18.1752919275
  0.0976000000	  0.1416455470	 18.1304359177
  0.0989000000	  0.1385712397	 18.1117387652
  0.0998000000	  0.1410488371	 18.2127354180
  0.1030000000	  0.1425952864	 18.1251484771
  0.1005000000	  0.1421500440	 18.0904863204
  0.1030000000	  0.1354974784	 18.2685722343
  0.1004000000	  0.1359007506	 18.2167368241
  0.1027000000	  0.1426676227	 18.1574432934
  0.0987000000	  0.1350106250	 18.1958340014
  0.0984000000	  0.1374540456	 18.2143553038
  0.0987000000	  0.1408046044	 18.1995733991
  0.1022000000	  0.1466962187	 18.1268744731
  0.0977000000	  0.1317528749	 18.2918213316
  0.1004000000	  0.1398185526	 18.2194896848
  0.0996000000	  0.1397136197	 18.1289232568
  0.0991000000	  0.1398542356	 18.2140282403
  0.1058000000	  0.1429777954	 18.1671339461
  0.0983000000	  0.1391280619	 18.2762489749
  0.1007000000	  0.1379709738	 18.1577455042
  0.0971000000	  0.1310016875	 18.2802515522
  0.1004000000	  0.1372234577	 18.1491218527
  0.0995000000	  0.1396865817	 18.1231243094
  0.0980000000	  0.1356602864	 18.1809995983
  0.1006000000	  0.1418798974	 18.1724198580
  0.1015000000	  0.1385413014	 18.1488136534
  0.0979000000	  0.1356526271	 18.2380364147
  0.1036000000	  0.1443746776	 18.2179487547
  0.1023000000	  0.1457598517	 18.0755097655
  0.1026000000	  0.1445258494	 18.1773888912
  0.1009000000	  0.1428630700	 18.1973250341
  0.0975000000	  0.1400989002	 18.1270070010
  0.0972000000	  0.1347335232	 18.2133115916
  0.1005000000	  0.1412248864	 18.2694045248
  0.1005000000	  0.1392503830	 18.1494685830
  0.1028000000	  0.1409811413	 18.1218062593
  0.0976000000	  0.1410085516	 18.2607524980
  0.1046000000	  0.1442600816	 18.1759834792
  0.1009000000	  0.1429989336	 18.1421104821
  0.0995000000	  0.1396461506	 18.1395024170
  0.0999000000	  0.1407385162	 18.2279374238
  0.1017000000	  0.1475556591	 18.0158923407
  0.0991000000	  0.1399149497	 18.1821328457
  0.1009000000	  0.1354199379	 18.0984152493
  0.1019000000	  0.1395618153	 18.1840479218
  0.1016000000	  0.1424358939	 18.2064321557
  0.0984000000	  0.1354607237	 18.2695915068
  0.1032000000	  0.1427367241	 18.1199297446
  0.0996000000	  0.1347784985	 18.1979487534
  0.0983000000	  0.1376962155	 18.1252977408
  0.1000000000	  0.1441045133	 18.2280598482
  0.0999000000	  0.1359188591	 18.2434840070
  0.0979000000	  0.1341406437	 18.2178539556
  0.0984000000	  0.1380679924	 18.2601399786
  0.0966000000	  0.1367101633	 18.1198810794
  0.1014000000	  0.1403445724	 18.2552940849
  0.1011000000	  0.1381857367	 18.2542307038
  0.0991000000	  0.1382762828	 18.2037141256
  0.1002000000	  0.1344211436	 18.3310205381
  0.1007000000	  0.1335873912	 18.2318058932
  0.0984000000	  0.1367489013	 18.0896856690
  0.1022000000	  0.1443764512	 18.2117943679
  0.0996000000	  0.1408203805	 18.1582709213
  0.0995000000	  0.1368024753	 18.2900121977
  0.0974000000	  0.1326222719	 18.2723519259
  0.1011000000	  0.1361626074	 18.2643648345
  0.0995000000	  0.1444957272	 18.1520158623
  0.1012000000	  0.1382100276	 18.1714071209
  0.0985000000	  0.1337903299	 18.2624169777
  0.1003000000	  0.1353413709	 18.2056612764
  0.0971000000	  0.1391983807	 18.0935067628
