  0.0995000000	  0.1388961676	 18.2097205731
  0.1035000000	  0.1404938126	 18.1587867976
  0.0992000000	  0.1436197727	 18.1025539749
  0.1001000000	  0.1388356271	 18.2108257176
  0.0983000000	  0.1388606778	 18.1112261899
  0.0979000000	  0.1314425556	 18.2819867288
  0.1008000000	  0.1429862314	 18.1534210086
  0.1027000000	  0.1398554840	 18.1490729748
  0.1005000000	  0.1398040743	 18.0669866058
  0.1051000000	  0.1373158319	 18.2633389039
  0.0977000000	  0.1414447042	 18.1276824870
  0.1015000000	  0.1440157828	 18.0669493176
  0.1007000000	  0.1407827261	 18.1924446989
  0.0987000000	  0.1359966382	 18.1686791952
  0.1018000000	  0.1330185531	 18.2693498387
  0.0957000000	  0.1419723954	 18.1694622471
  0.0988000000	  0.1363552168	 18.1765029667
  0.0997000000	  0.1383755949	 18.1259636605
  0.1005000000	  0.1354256079	 18.2634594127
  0.0994000000	  0.1478301710	 18.1073857430
  0.1011000000	  0.1395444716	 18.1975692563
  0.0999000000	  0.1366092837	 18.2213485110
  0.1002000000	  0.1407678031	 18.1501097682
  0.1001000000	  0.1403041840	 18.1670813591
  0.0996000000	  0.1399912295	 18.2119852490
  0.0985000000	  0.1413261767	 18.0871363692
  0.0995000000	  0.1393261300	 18.1523595351
  0.1017000000	  0.1376886643	 18.1928219911
  0.1018000000	  0.1361344140	 18.2491973116
  0.0979000000	  0.1354027493	 18.1794086719
  0.1007000000	  0.1398952607	 18.1741366297
  0.1005000000	  0.1389303453	 18.1790119528
  0.0978000000	  0.1385529666	 18.1476816460
  0.0973000000	  0.1402410592	 18.1807055988
  0.1028000000	  0.1398452687	 18.2188005462
  0.0990000000	  0.1373381269	 18.2101838247
  0.1011000000	  0.1412595873	 18.1680639228
  0.1006000000	  0.1440328186	 18.0968663125
  0.1015000000	  0.1452548425	 18.1314530049
  0.0981000000	  0.1382731755	 18.1556938811
  0.1005000000	  0.1413047336	 18.1537727695
  0.1022000000	  0.1405930877	 18.1432894761
  0.1002000000	  0.1376048885	 18.1738666068
  0.0962000000	  0.1318529631	 18.3208827735
  0.0971000000	  0.1396179600	 18.1833060016
  0.0997000000	  0.1431465082	 18.2278061332
  0.0996000000	  0.1448540005	 18.0971121581
  0.0989000000	  0.1407572077	 18.1572069571
  0.0985000000	  0.1404279960	 18.2077480417
  0.0975000000	  0.1391463134	 18.1589977036
  0.1035000000	  0.1426801340	 18.1553261499
  0.0963000000	  0.1364469679	 18.1236165870
  0.1004000000	  0.1389134960	 18.2099306012
  0.0975000000	  0.1402379845	 18.0997018781
  0.0989000000	  0.1394939940	 18.1624916745
  0.0983000000	  0.1350078039	 18.2561965623
  0.0978000000	  0.1395869206	 18.1705920842
  0.1002000000	  0.1464066281	 18.0967911754
  0.1020000000	  0.1404787257	 18.1985988852
  0.1016000000	  0.1458828121	 18.1377338824
  0.1001000000	  0.1368776537	 18.1987142475
  0.1017000000	  0.1411937295	 18.1646983411
  0.0991000000	  0.1380487530	 18.2114226481
  0.1008000000	  0.1407732985	 18.1687607037
  0.0986000000	  0.1332186177	 18.2680486834
  0.0953000000	  0.1394959551	 18.2016282962
  0.1011000000	  0.1372276125	 18.1562193738
  0.1030000000	  0.1361955826	 18.2636733210
  0.1006000000	  0.1391778288	 18.2359012734
  0.1015000000	  0.1389656180	 18.2078498292
  0.0985000000	  0.1384123146	 18.2287967403
  0.0998000000	  0.1367177961	 18.2268471229
  0.0986000000	  0.1375224541	 18.1166256412
  0.1011000000	  0.1399981837	 18.1936834836
  0.0995000000	  0.1313581487	 18.2738760070
  0.1004000000	  0.1408091757	 18.1907986685
  0.1022000000	  0.1389771098	 18.1298264916
  0.1020000000	  0.1453494111	 18.1282068378
  0.0982000000	  0.1387423591	 18.1293310418
  0.1011000000	  0.1399424698	 18.1744976873
  0.1014000000	  0.1466778943	 18.0687445067
  0.1026000000	  0.1401232391	 18.1854892231
  0.1019000000	  0.1350214666	 18.2206501787
  0.1005000000	  0.1412376724	 18.1888198549
  0.0962000000	  0.1368305484	 18.1722190842
  0.0987000000	  0.1352332572	 18.2132878688
  0.0987000000	  0.1401082033	 18.2003627744
  0.0998000000	  0.1342805097	 18.2969133549
  0.0990000000	  0.1362019745	 18.1975136907
  0.0994000000	  0.1403485207	 18.1710170067
  0.0968000000	  0.1420178724	 18.1808900796
  0.0982000000	  0.1345203671	 18.2587519394
  0.0959000000	  0.1347575038	 18.1883619829
  0.0971000000	  0.1367811638	 18.2073908860
  0.1011000000	  0.1445992647	 18.1418001626
  0.1003000000	  0.1376145316	 18.1812273601
  0.1006000000	  0.1418192506	 18.1653683346
  0.0979000000	  0.1316878785	 18.2328522009
  0.1015000000	  0.1377841303	 18.1924546265
  0.1019000000	  0.1404623989	 18.1626772228
  0.0997000000	  0.1401245612	 18.1592700442
  0.0998000000	  0.1423942427	 18.1186954574
  0.0996000000	  0.1363896525	 18.2647148168
  0.1025000000	  0.1419270600	 18.0906564820
  0.1002000000	  0.1426665910	 18.1549341723
  0.0978000000	  0.1403187301	 18.2031268351
  0.0992000000	  0.1419337127	 18.1389452077
  0.1027000000	  0.1392437814	 18.2127606463
  0.1002000000	  0.1425424837	 18.1288356101
  0.1034000000	  0.1408314479	 18.1929692978
  0.1011000000	  0.1358412577	 18.1746504228
  0.0960000000	  0.1319315382	 18.2984983104
  0.0954000000	  0.1319574991	 18.2527025909
  0.1021000000	  0.1375572396	 18.2402038420
  0.0975000000	  0.1392483127	 18.2415901057
  0.1012000000	  0.1377226564	 18.1945799226
  0.1029000000	  0.1442659942	 18.1193507229
  0.0947000000	  0.1316921129	 18.1774106608
  0.0999000000	  0.1368152673	 18.1750731814
  0.1012000000	  0.1442209154	 18.1751745066
  0.0988000000	  0.1347385749	 18.2374036445
  0.1038000000	  0.1460239352	 18.0289727392
  0.0977000000	  0.1347535932	 18.2348075754
  0.0985000000	  0.1391290991	 18.1442968020
  0.1001000000	  0.1366386217	 18.2339104709
  0.1012000000	  0.1310162593	 18.3142559109
  0.1039000000	  0.1430048316	 18.0164567701
  0.1006000000	  0.1387140303	 18.1660324619
  0.0988000000	  0.1438398096	 18.0971616319
  0.0999000000	  0.1384479612	 18.2221180675
  0.0989000000	  0.1354901488	 18.1906120790
  0.0965000000	  0.1392800815	 18.0903735532
  0.0999000000	  0.1438502193	 18.1841312122
  0.1017000000	  0.1428789260	 18.1867395790
  0.0994000000	  0.1412077742	 18.1694956952
  0.1011000000	  0.1375354723	 18.2184463144
  0.1001000000	  0.1361857065	 18.2088406988
  0.0999000000	  0.1392525520	 18.2031805275
  0.0994000000	  0.1344900664	 18.2973875044
  0.0992000000	  0.1347936933	 18.2478936602
  0.0977000000	  0.1395952735	 18.1459319231
  0.1008000000	  0.1413902132	 18.1353176330
  0.0996000000	  0.1366322955	 18.2514626769
  0.0981000000	  0.1384085062	 18.1628225939
  0.0980000000	  0.1335887424	 18.2022424826
  0.0981000000	  0.1320340057	 18.2488945599
  0.0988000000	  0.1343027621	 18.2646627254
  0.0980000000	  0.1403131153	 18.1210383315
  0.1007000000	  0.1399808683	 18.1974604669
  0.0983000000	  0.1386889901	 18.1269610301
  0.1017000000	  0.1368596822	 18.2032282608
  0.0982000000	  0.1411098941	 18.1264412278
  0.1026000000	  0.1416232163	 18.2085969503
  0.1035000000	  0.1396272286	 18.1998623952
  0.1031000000	  0.1422905414	 18.1237040056
  0.1004000000	  0.1439005848	 18.1150460417
  0.0997000000	  0.1395370527	 18.2156327256
  0.1019000000	  0.1381926342	 18.1187607167
  0.1005000000	  0.1358885681	 18.2158102552
  0.0996000000	  0.1422749080	 18.1273446410
  0.0956000000	  0.1371947366	 18.1957031205
  0.0983000000	  0.1398574742	 18.1887543597
  0.0992000000	  0.1355950865	 18.2466902846
  0.0995000000	  0.1390985770	 18.1418884761
  0.0989000000	  0.1349101226	 18.2748319274
  0.0985000000	  0.1399770039	 18.1234294875
  0.1003000000	  0.1387610213	 18.1663548691
  0.0988000000	  0.1424309373	 18.1378651998
  0.0980000000	  0.1379574787	 18.2679683896
  0.1035000000	  0.1403546933	 18.1815049032
  0.0972000000	  0.1365682986	 18.2218303112
  0.1002000000	  0.1318952835	 18.2798891995
  0.0987000000	  0.1390182855	 18.2029613054
  0.1015000000	  0.1368432153	 18.3042816344
  0.1009000000	  0.1377977541	 18.2421463977
  0.0987000000	  0.1398929056	 18.1595106179
  0.1024000000	  0.1430889532	 18.1370196376
  0.1011000000	  0.1414950921	 18.2115660444
  0.1014000000	  0.1398691133	 18.2403331285
  0.1008000000	  0.1416884913	 18.0130126335
  0.1023000000	  0.1438766616	 18.1407973656
  0.0997000000	  0.1389466155	 18.1472077628
  0.0995000000	  0.1364451075	 18.2219972678
  0.0998000000	  0.1411883804	 18.1432815782
  0.0971000000	  0.1404995590	 18.2179655134
  0.0983000000	  0.1448930327	 18.0634774962
  0.1014000000	  0.1396588940	 18.1672562362
  0.0971000000	  0.1354347147	 18.2482598683
  0.0979000000	  0.1378328232	 18.2258312831
  0.1026000000	  0.1385760229	 18.1674967070
  0.1018000000	  0.1388766589	 18.1697142262
  0.1004000000	  0.1396140710	 18.1758407970
  0.0976000000	  0.1394472229	 18.1652652642
  0.1024000000	  0.1446127646	 18.1497753833
  0.1020000000	  0.1417225920	 18.2315733926
  0.1000000000	  0.1394219556	 18.2508136484
  0.1009000000	  0.1358389803	 18.2118386217
  0.0968000000	  0.1375865305	 18.2024797723
  0.1008000000	  0.1376329280	 18.2348088901
  0.1007000000	  0.1441226352	 18.2027314254
  0.0994000000	  0.1396107310	 18.2038224325
  0.0980000000	  0.1386082363	 18.2329808945
  0.0984000000	  0.1407034436	 18.1600785023
  0.0985000000	  0.1379399684	 18.2128660756
  0.1035000000	  0.1411157097	 18.2437381574
  0.1000000000	  0.1391307892	 18.1850532796
  0.1007000000	  0.1419869423	 18.1591934363
  0.1000000000	  0.1356663266	 18.2092151516
  0.0983000000	  0.1408543859	 18.1463102227
  0.1005000000	  0.1433293273	 18.1903838903
  0.1003000000	  0.1326168336	 18.2317603454
  0.1033000000	  0.1417599201	 18.1885948344
  0.1024000000	  0.1353404556	 18.2625739977
  0.0985000000	  0.1394135875	 18.1419931366
  0.1001000000	  0.1351825145	 18.2665783437
  0.0972000000	  0.1313610127	 18.1669677672
  0.0970000000	  0.1350137559	 18.2030418332
  0.1035000000	  0.1405500585	 18.1212059572
  0.0970000000	  0.1353711740	 18.1460161192
  0.1013000000	  0.1413645835	 18.1534428201
  0.1018000000	  0.1392388388	 18.1741506728
  0.1016000000	  0.1397618317	 18.1619403396
  0.1044000000	  0.1453110834	 18.1069342689
  0.1026000000	  0.1404374757	 18.2359358824
  0.0972000000	  0.1448687772	 18.1855226597
  0.0982000000	  0.1306964190	 18.2564536435
  0.0973000000	  0.1349656783	 18.2083338586
  0.0989000000	  0.1378500813	 18.1538635274
  0.1007000000	  0.1349698921	 18.2592164936
  0.1020000000	  0.1381179737	 18.2541402908
  0.1026000000	  0.1390780773	 18.1672506084
  0.1000000000	  0.1353124860	 18.2363284018
  0.1041000000	  0.1446662664	 18.0546190147
  0.0993000000	  0.1352608571	 18.2217409988
  0.0982000000	  0.1337905425	 18.1661416747
  0.1012000000	  0.1436715924	 18.1413115793
  0.0994000000	  0.1389214966	 18.1807515540
  0.0970000000	  0.1400458778	 18.1042309305
  0.1014000000	  0.1347577257	 18.2464120401
  0.0982000000	  0.1425190099	 18.0865237289
  0.1003000000	  0.1399219483	 18.1615187109
  0.0992000000	  0.1383162342	 18.2182366224
  0.1011000000	  0.1412996062	 18.2135266135
  0.0982000000	  0.1380036480	 18.2215145584
  0.1019000000	  0.1397832231	 18.2238134300
  0.1016000000	  0.1410302449	 18.1262646797
  0.0965000000	  0.1344668774	 18.2616095772
  0.0988000000	  0.1396729576	 18.2565457867
  0.0994000000	  0.1435947124	 18.1667190315
  0.1025000000	  0.1375643425	 18.1965178864
  0.1009000000	  0.1412545713	 18.1712641622
  0.1015000000	  0.1366812160	 18.2147228272
  0.1007000000	  0.1408303905	 18.1867402517
  0.0962000000	  0.1341162553	 18.1930779023
  0.1033000000	  0.1418784229	 18.1416353539
  0.0997000000	  0.1427324591	 18.2060250228
  0.0995000000	  0.1367758516	 18.2049478712
  0.1010000000	  0.1429671269	 18.1250762028
  0.1053000000	  0.1440751488	 18.1619631433
  0.0991000000	  0.1380765872	 18.1653121616
  0.0991000000	  0.1432184459	 18.1291850079
  0.1028000000	  0.1394601710	 18.2461351392
  0.0970000000	  0.1331626623	 18.2238793703
  0.0974000000	  0.1384040660	 18.1917678332
  0.0995000000	  0.1432422698	 18.0848766913
  0.0992000000	  0.1398537190	 18.1655384790
  0.0983000000	  0.1387633835	 18.1899812314
  0.0991000000	  0.1414235592	 18.1198269662
  0.0985000000	  0.1407047941	 18.2214309709
  0.0979000000	  0.1337245836	 18.1769820475
  0.0989000000	  0.1405076147	 18.1403923353
  0.0952000000	  0.1380192917	 18.1922913258
  0.1034000000	  0.1319207437	 18.2460201950
  0.0981000000	  0.1371818201	 18.1284199441
  0.0990000000	  0.1401607349	 18.1229004523
  0.0971000000	  0.1342855179	 18.2188953144
  0.1010000000	  0.1451945400	 18.0652079381
  0.1018000000	  0.1375737079	 18.2320676874
  0.1011000000	  0.1361363647	 18.2375520387
  0.0982000000	  0.1365414735	 18.2120762674
  0.0987000000	  0.1412595935	 18.1644841047
  0.1008000000	  0.1419232680	 18.1156646758
  0.0991000000	  0.1366441699	 18.2517940218
  0.0989000000	  0.1394927491	 18.2239631194
  0.1016000000	  0.1320716165	 18.2013092448
  0.1032000000	  0.1409716368	 18.1320167673
  0.1028000000	  0.1408974134	 18.1524826005
  0.1012000000	  0.1422430041	 18.1383274210
  0.1003000000	  0.1367067603	 18.2025496908
  0.0998000000	  0.1356783305	 18.2215435705
  0.1000000000	  0.1399977573	 18.0909236560
  0.1003000000	  0.1341879482	 18.1408361227
  0.1014000000	  0.1345149739	 18.2378859090
  0.1008000000	  0.1394298328	 18.1463361034
  0.0971000000	  0.1336816716	 18.2145437021
  0.1005000000	  0.1434632286	 18.0992662119
  0.0989000000	  0.1400897507	 18.1213403756
  0.1028000000	  0.1420738418	 18.1118774359
  0.1021000000	  0.1412099865	 18.2151977425
  0.0984000000	  0.1443837350	 18.0905623025
  0.1020000000	  0.1381534558	 18.1594810611
  0.1000000000	  0.1361445307	 18.2739577120
  0.1007000000	  0.1387732950	 18.3011260572
  0.1023000000	  0.1437802217	 18.1664668904
  0.0997000000	  0.1382812861	 18.2297356297
  0.0954000000	  0.1341710743	 18.2181077263
  0.0954000000	  0.1344361588	 18.2607370635
  0.1002000000	  0.1396439238	 18.1908812205
  0.0997000000	  0.1372037620	 18.2699612083
  0.0983000000	  0.1348297978	 18.1954736649
  0.1043000000	  0.1425508103	 18.1640418306
  0.1005000000	  0.1398179500	 18.1639243778
  0.0994000000	  0.1401560006	 18.1173675820
  0.1008000000	  0.1392730513	 18.2139557742
  0.1019000000	  0.1388250083	 18.1587041307
  0.1006000000	  0.1410153744	 18.1842244011
  0.1001000000	  0.1434701688	 18.0559094862
  0.1007000000	  0.1368590106	 18.2297058818
  0.0968000000	  0.1386070002	 18.2019999805
  0.1012000000	  0.1393282424	 18.1755548841
  0.0994000000	  0.1372664214	 18.1935912534
  0.0999000000	  0.1363730382	 18.1333581999
  0.0986000000	  0.1377665421	 18.2527207787
  0.0980000000	  0.1365677700	 18.2010505770
  0.1004000000	  0.1420578565	 18.1826453391
  0.1013000000	  0.1389428130	 18.1427226927
  0.1002000000	  0.1421852837	 18.1839219321
  0.0977000000	  0.1365090739	 18.1634782806
  0.1010000000	  0.1422087173	 18.1227922043
  0.1009000000	  0.1379647488	 18.2392163917
  0.0994000000	  0.1329610392	 18.2045785685
  0.0995000000	  0.1378425370	 18.1817442896
  0.1010000000	  0.1432306974	 18.1353375182
  0.1019000000	  0.1382492878	 18.1645395768
  0.0991000000	  0.1407888950	 18.1889777614
  0.0998000000	  0.1353104531	 18.2617009845
  0.1007000000	  0.1357618392	 18.2614387122
  0.1008000000	  0.1392826319	 18.1796725485
  0.0996000000	  0.1407588292	 18.1670411855
  0.1011000000	  0.1380978122	 18.2284710929
  0.1029000000	  0.1386087753	 18.2095327767
  0.0990000000	  0.1338563125	 18.2699456761
  0.0975000000	  0.1358735485	 18.2212992584
  0.0987000000	  0.1416751242	 18.1830510191
  0.0999000000	  0.1394006008	 18.1917982638
  0.0989000000	  0.1372113217	 18.1114488615
  0.0991000000	  0.1336652956	 18.1886288787
  0.1032000000	  0.1452392298	 18.1719379791
  0.1013000000	  0.1435740147	 18.1486804429
  0.0983000000	  0.1445979680	 18.1095017917
  0.1007000000	  0.1388092768	 18.1449892223
  0.0992000000	  0.1414554270	 18.1040900094
  0.1005000000	  0.1406044105	 18.1799335570
  0.0989000000	  0.1409442154	 18.1702733171
  0.1001000000	  0.1383137930	 18.1342583964
  0.1005000000	  0.1423644825	 18.1850435836
  0.1006000000	  0.1364197921	 18.2039537980
  0.1004000000	  0.1405325298	 18.1297683371
  0.0988000000	  0.1393866974	 18.1646088560
  0.1000000000	  0.1405866809	 18.1470488687
  0.0967000000	  0.1348317157	 18.1426623152
  0.1025000000	  0.1416070455	 18.1731897409
  0.1005000000	  0.1442370250	 18.0717433812
  0.1030000000	  0.1344982643	 18.2610711393
  0.1028000000	  0.1387307399	 18.2099346783
  0.0979000000	  0.1365862509	 18.0847618507
  0.1009000000	  0.1362175670	 18.2296201142
  0.0980000000	  0.1436561202	 18.0576785597
  0.0978000000	  0.1384982094	 18.0688539810
  0.0976000000	  0.1354112261	 18.2043263149
  0.1011000000	  0.1446346421	 18.1541775835
  0.0973000000	  0.1329404880	 18.1986681609
  0.0998000000	  0.1410339627	 18.1640168563
  0.1021000000	  0.1441301223	 18.1945641970
  0.1036000000	  0.1363861916	 18.3164717657
  0.1011000000	  0.1433411341	 18.1638567747
  0.1001000000	  0.1438879065	 18.1563749587
  0.0975000000	  0.1374740677	 18.1501425133
  0.0974000000	  0.1391782828	 18.1975006835
  0.0977000000	  0.1415261779	 18.1194788643
  0.0996000000	  0.1400016417	 18.2342937974
  0.1004000000	  0.1443626082	 18.1699593694
  0.1016000000	  0.1397461220	 18.1473946192
  0.0991000000	  0.1340882849	 18.2280416294
  0.1032000000	  0.1429637344	 18.1473311116
  0.1002000000	  0.1353079703	 18.1668317518
  0.0990000000	  0.1389348441	 18.2609904288
  0.1013000000	  0.1403308892	 18.1436149369
  0.0990000000	  0.1393028609	 18.1209178976
  0.0998000000	  0.1327052925	 18.2579510346
  0.0997000000	  0.1368939044	 18.2309268925
  0.1011000000	  0.1420450773	 18.0978034363
  0.0975000000	  0.1384740425	 18.1838879999
  0.0999000000	  0.1372205648	 18.1867246112
  0.0962000000	  0.1362623459	 18.1980328393
  0.0987000000	  0.1361288849	 18.1970787950
  0.0995000000	  0.1363055693	 18.1737697872
  0.1004000000	  0.1449551725	 18.1195954542
  0.1019000000	  0.1426485573	 18.1348379955
  0.0988000000	  0.1427750385	 18.1230375593
  0.1016000000	  0.1426941702	 18.0898791920
  0.0997000000	  0.1393773950	 18.1921555200
  0.1009000000	  0.1391895141	 18.1666191522
  0.1010000000	  0.1413687117	 18.1563834641
  0.0992000000	  0.1390525748	 18.1290369348
  0.1013000000	  0.1383524098	 18.2092036562
  0.1030000000	  0.1382573084	 18.1341545262
  0.0989000000	  0.1355690320	 18.2704126234
  0.0988000000	  0.1373111629	 18.2080004008
  0.0997000000	  0.1429634871	 18.1424688226
  0.1031000000	  0.1390536067	 18.2766740590
  0.0972000000	  0.1415549747	 18.1589878151
  0.1022000000	  0.1434526404	 18.0657326971
  0.1007000000	  0.1358197781	 18.2174714036
  0.0984000000	  0.1341830684	 18.2781715602
  0.1025000000	  0.1398464820	 18.1807047411
  0.0960000000	  0.1360025829	 18.1219007990
  0.0999000000	  0.1353363175	 18.1857333862
  0.1024000000	  0.1341652861	 18.2295832845
  0.1004000000	  0.1394423366	 18.1752013088
  0.1044000000	  0.1412289480	 18.2138806159
  0.1036000000	  0.1379940634	 18.2460868689
  0.1022000000	  0.1392643448	 18.1871612318
  0.0992000000	  0.1386970284	 18.2111215567
  0.0988000000	  0.1402410161	 18.1300297232
  0.0998000000	  0.1398357906	 18.1944773729
  0.0990000000	  0.1378636130	 18.2051330041
  0.0994000000	  0.1405683337	 18.0975364921
  0.1006000000	  0.1339999267	 18.2861604095
  0.0977000000	  0.1377698503	 18.2427599228
  0.1024000000	  0.1399074565	 18.1580214351
  0.1004000000	  0.1341948877	 18.2824899756
  0.1030000000	  0.1403548390	 18.1510158236
  0.0998000000	  0.1378493485	 18.2047861780
  0.0984000000	  0.1375890478	 18.2482324283
  0.1027000000	  0.1400195030	 18.1723723647
  0.1032000000	  0.1427848914	 18.1565924675
  0.0975000000	  0.1360636563	 18.2227245554
  0.1005000000	  0.1375251238	 18.2390033776
  0.0969000000	  0.1373897308	 18.1744449240
  0.1013000000	  0.1421607773	 18.1425532242
  0.0985000000	  0.1371543787	 18.2263005570
  0.1000000000	  0.1386893957	 18.1963814383
  0.0973000000	  0.1398000756	 18.1684249353
  0.1034000000	  0.1379759543	 18.2400168607
  0.0994000000	  0.1426415771	 18.0896351963
  0.1005000000	  0.1337204465	 18.1840000467
  0.1026000000	  0.1358581966	 18.2274108607
  0.0989000000	  0.1378371649	 18.1144691063
  0.1040000000	  0.1453751719	 18.0860669408
  0.0983000000	  0.1386547318	 18.2599962954
  0.1017000000	  0.1442634338	 18.1303451462
  0.1003000000	  0.1385793608	 18.2049759407
  0.1004000000	  0.1375466645	 18.1972438473
  0.1006000000	  0.1379455380	 18.2315924396
  0.0987000000	  0.1412033347	 18.1805005432
  0.0976000000	  0.1409776819	 18.1903438061
  0.1004000000	  0.1361496560	 18.2138670287
  0.1043000000	  0.1425379656	 18.0966000556
  0.0997000000	  0.1376679908	 18.2840490457
  0.0981000000	  0.1360424973	 18.2413668056
  0.1028000000	  0.1437830553	 18.1127482400
  0.1034000000	  0.1435798529	 18.1156502183
  0.0969000000	  0.1337757308	 18.3172624446
  0.1024000000	  0.1360291737	 18.1706276277
  0.0997000000	  0.1395702319	 18.1846451285
  0.0961000000	  0.1303557607	 18.3168619725
  0.1016000000	  0.1397871269	 18.1097991563
  0.1016000000	  0.1454442742	 18.0895945984
  0.1006000000	  0.1341083713	 18.2468740121
  0.1014000000	  0.1423570216	 18.1395044932
  0.1011000000	  0.1376246653	 18.2290131139
  0.1008000000	  0.1405180924	 18.1558551323
  0.0966000000	  0.1349833017	 18.2208498226
  0.1009000000	  0.1423952669	 18.1169480775
  0.0999000000	  0.1386561665	 18.1990702932
  0.0978000000	  0.1392065957	 18.2382285819
  0.1001000000	  0.1367955725	 18.2135548219
  0.1005000000	  0.1396438976	 18.1853481650
  0.1000000000	  0.1407427561	 18.2246650663
  0.0995000000	  0.1407285674	 18.1665307331
  0.0974000000	  0.1345486556	 18.1955375622
  0.1000000000	  0.1415376211	 18.1556840583
  0.1018000000	  0.1421663610	 18.1561797968
  0.1000000000	  0.1331653813	 18.2898200914
  0.0993000000	  0.1349083750	 18.2776460846
  0.1023000000	  0.1379866327	 18.2049692552
  0.1006000000	  0.1391058616	 18.2113026782
  0.0967000000	  0.1315497952	 18.2503343507
  0.1000000000	  0.1404546731	 18.2371428347
  0.1018000000	  0.1422164536	 18.1674693364
  0.1013000000	  0.1389755951	 18.1768042207
  0.1020000000	  0.1417501559	 18.1475161368
  0.0981000000	  0.1382737014	 18.1836132521
  0.1046000000	  0.1445501674	 18.1032694200
  0.1002000000	  0.1381306780	 18.1860396686
  0.1010000000	  0.1321918348	 18.2794540149
  0.0981000000	  0.1377917970	 18.2358588488
  0.0997000000	  0.1375573358	 18.1351014419
  0.0996000000	  0.1365968511	 18.2240252646
  0.1002000000	  0.1364440937	 18.1766070193
  0.0989000000	  0.1426264541	 18.0843895905
  0.0977000000	  0.1413787411	 18.1978390854
  0.1002000000	  0.1371912232	 18.1610325671
  0.1028000000	  0.1387876026	 18.1774947996
  0.1002000000	  0.1399324784	 18.1365396695
  0.1010000000	  0.1422539900	 18.1780419158
  0.0995000000	  0.1431571116	 18.1222991071
  0.1041000000	  0.1427512638	 18.1277946264
  0.1028000000	  0.1387403232	 18.1529839599
  0.0986000000	  0.1368675625	 18.2440651932
  0.1010000000	  0.1434135062	 18.1467416272
  0.0985000000	  0.1361714494	 18.1997499289
  0.1011000000	  0.1389517419	 18.2461956033
  0.1003000000	  0.1350171198	 18.2086558327
  0.1006000000	  0.1430217650	 18.1187000921
  0.0988000000	  0.1421342652	 18.1351706740
  0.0963000000	  0.1366153198	 18.1465084847
  0.0990000000	  0.1443811701	 18.1655282971
  0.0961000000	  0.1300884784	 18.2491499448
  0.0983000000	  0.1369089894	 18.2445182860
  0.1006000000	  0.1386323756	 18.1031323847
  0.0966000000	  0.1321161511	 18.2373746224
  0.0998000000	  0.1406411504	 18.1633058414
  0.0997000000	  0.1371702415	 18.1985930562
  0.0994000000	  0.1416308504	 18.1015658650
  0.0986000000	  0.1377337998	 18.1543744973
  0.0992000000	  0.1355086050	 18.1906238645
  0.1015000000	  0.1342128838	 18.2377413893
  0.0996000000	  0.1435052578	 18.1169843280
  0.0983000000	  0.1350342771	 18.2498277190
  0.0969000000	  0.1363074334	 18.2045206487
  0.0979000000	  0.1369543634	 18.1958080269
  0.0995000000	  0.1416299137	 18.1317549814
  0.1022000000	  0.1413454949	 18.1520974253
  0.0983000000	  0.1398211333	 18.1694592197
  0.0988000000	  0.1412615504	 18.1922313063
  0.1003000000	  0.1380974903	 18.2443532397
  0.1013000000	  0.1432086409	 18.1922892518
  0.1002000000	  0.1386953724	 18.1503777898
  0.0942000000	  0.1372048260	 18.1199557101
  0.1005000000	  0.1383684973	 18.1859093536
  0.0989000000	  0.1398078437	 18.1686035298
  0.1024000000	  0.1391185910	 18.2221533958
  0.0988000000	  0.1375403773	 18.2542905857
  0.0995000000	  0.1435769718	 18.0997340966
  0.1021000000	  0.1371685955	 18.2521757494
  0.0964000000	  0.1382250129	 18.2436129828
  0.0977000000	  0.1400369982	 18.1744122535
  0.0985000000	  0.1395621175	 18.1606026186
  0.1012000000	  0.1368795605	 18.2328519922
  0.0983000000	  0.1357208886	 18.2742366802
  0.1000000000	  0.1362404903	 18.1973328718
  0.1021000000	  0.1366086896	 18.2089934364
  0.1044000000	  0.1419942869	 18.1769948114
  0.1002000000	  0.1418081123	 18.1824413352
  0.1003000000	  0.1413274988	 18.1710800996
  0.0988000000	  0.1349374334	 18.2021527699
  0.0977000000	  0.1384442138	 18.1438791857
  0.0968000000	  0.1358540994	 18.1525620871
  0.0998000000	  0.1384434374	 18.1592214457
  0.0991000000	  0.1405390270	 18.1546411053
  0.1004000000	  0.1337556797	 18.3173357764
  0.1026000000	  0.1410048516	 18.1673669869
  0.0973000000	  0.1324792673	 18.1676407111
  0.1033000000	  0.1361442002	 18.2755446097
  0.0980000000	  0.1444373017	 18.0848431033
  0.0998000000	  0.1340991020	 18.2032156583
  0.1004000000	  0.1395019622	 18.1937876119
  0.1015000000	  0.1398223510	 18.1592311914
  0.0957000000	  0.1354652833	 18.2441456523
  0.1013000000	  0.1416117331	 18.1275110138
  0.0975000000	  0.1367177024	 18.1525645742
  0.1003000000	  0.1384162857	 18.1793560529
  0.1040000000	  0.1358052008	 18.1781635055
  0.1010000000	  0.1433574341	 18.0910036357
  0.1022000000	  0.1394773361	 18.2459775159
  0.1001000000	  0.1404689844	 18.1612141961
  0.1002000000	  0.1404134085	 18.1348347515
  0.1000000000	  0.1392981906	 18.1451457930
  0.1009000000	  0.1384309282	 18.1451705697
  0.0995000000	  0.1368710600	 18.2362606923
  0.1000000000	  0.1418720386	 18.1514682543
  0.0960000000	  0.1414455535	 18.0417341739
  0.1024000000	  0.1423874558	 18.1208647255
  0.0992000000	  0.1427947989	 18.0860139195
  0.1005000000	  0.1421778859	 18.1697491859
  0.0992000000	  0.1337688552	 18.2087706157
  0.1016000000	  0.1375160496	 18.1609984911
  0.1018000000	  0.1422186817	 18.1440925136
  0.0989000000	  0.1378395927	 18.2212957531
  0.0999000000	  0.1393427718	 18.1793467278
  0.1012000000	  0.1393372414	 18.2439309395
  0.1006000000	  0.1389816722	 18.1104586527
  0.0971000000	  0.1346151711	 18.2674889973
  0.0989000000	  0.1432952516	 18.1874035909
  0.0984000000	  0.1371813682	 18.2247201565
  0.1000000000	  0.1357079941	 18.1825273070
  0.0980000000	  0.1343802245	 18.2215046726
  0.1018000000	  0.1408924668	 18.1644005227
  0.1002000000	  0.1429643463	 18.1710626543
  0.0996000000	  0.1366592435	 18.2364771375
  0.0986000000	  0.1363993526	 18.1981462917
  0.1024000000	  0.1423555437	 18.1346665558
  0.0977000000	  0.1331854414	 18.2181532075
  0.1004000000	  0.1444572372	 18.0551576093
  0.1016000000	  0.1418358872	 18.1775665624
  0.1030000000	  0.1392418261	 18.2187149515
  0.1025000000	  0.1369235102	 18.2263330846
  0.1027000000	  0.1393360564	 18.1942084506
  0.1005000000	  0.1404239187	 18.1383702223
  0.1036000000	  0.1430252980	 18.2011657446
  0.0963000000	  0.1348213930	 18.2562627068
  0.1002000000	  0.1441194685	 18.1210482172
  0.1013000000	  0.1396972787	 18.1854419879
  0.0970000000	  0.1319643855	 18.2779737324
  0.0998000000	  0.1378235604	 18.1826250268
  0.0968000000	  0.1332872766	 18.2991507883
  0.0995000000	  0.1425138636	 18.1306014011
  0.1011000000	  0.1428382601	 18.1758830051
  0.0997000000	  0.1336959705	 18.2859520679
  0.0974000000	  0.1338983015	 18.2754536674
  0.1009000000	  0.1416724446	 18.1441462035
  0.1007000000	  0.1390248431	 18.2054140177
  0.0980000000	  0.1374264133	 18.1758172020
  0.1034000000	  0.1396546043	 18.2232637463
  0.1023000000	  0.1444568304	 18.1321053561
  0.1003000000	  0.1414674313	 18.2175965050
  0.1012000000	  0.1417868736	 18.1846433160
  0.0995000000	  0.1400630552	 18.1367014780
  0.0987000000	  0.1405728728	 18.2602643790
  0.0986000000	  0.1395016317	 18.1409110644
  0.0996000000	  0.1392877313	 18.1399841088
  0.0976000000	  0.1319393162	 18.2745521530
  0.1049000000	  0.1431462140	 18.0959983772
  0.0987000000	  0.1362656692	 18.1573220710
  0.1000000000	  0.1404110272	 18.1518653006
  0.0991000000	  0.1343493258	 18.2370096824
  0.0990000000	  0.1364568179	 18.2350179125
  0.1047000000	  0.1388142160	 18.1683630980
  0.0990000000	  0.1343452483	 18.2220601284
  0.0982000000	  0.1337211278	 18.1463500883
  0.1015000000	  0.1405171134	 18.1363400567
  0.0994000000	  0.1352516667	 18.3373427951
  0.0990000000	  0.1384773048	 18.1861358598
  0.0983000000	  0.1293312248	 18.2969011287
  0.0983000000	  0.1382069056	 18.2334496258
  0.0992000000	  0.1374458358	 18.2445659322
  0.0988000000	  0.1358298114	 18.1893825022
  0.1010000000	  0.1378222172	 18.2302960147
  0.1018000000	  0.1377482414	 18.1817133461
  0.0999000000	  0.1372355896	 18.2336695671
  0.0971000000	  0.1383530704	 18.2192319444
  0.1013000000	  0.1416612702	 18.2155194454
  0.1001000000	  0.1371315119	 18.1284065286
  0.0981000000	  0.1337041715	 18.2290267252
  0.1008000000	  0.1366227442	 18.1605999301
  0.0999000000	  0.1369744758	 18.2298717646
  0.0993000000	  0.1380184679	 18.2068859952
  0.0994000000	  0.1361281870	 18.2609727543
  0.0999000000	  0.1369362422	 18.2042576983
  0.0990000000	  0.1408446260	 18.1719274863
  0.0990000000	  0.1376700398	 18.2643605353
  0.1020000000	  0.1399001918	 18.1576339778
  0.0989000000	  0.1392012877	 18.1431896691
  0.1020000000	  0.1371848432	 18.2748213505
  0.0992000000	  0.1365979103	 18.2126974783
  0.1017000000	  0.1403249427	 18.1525478934
  0.0966000000	  0.1352758537	 18.2455414484
  0.0987000000	  0.1341925932	 18.2973633112
  0.1016000000	  0.1423391794	 18.1495396865
  0.0994000000	  0.1438740191	 18.0512104802
  0.1032000000	  0.1431635538	 18.0986468375
  0.0979000000	  0.1396735771	 18.1102257876
  0.0986000000	  0.1381349901	 18.2019682364
  0.0994000000	  0.1378306890	 18.1910126528
  0.1059000000	  0.1412876328	 18.2166705632
  0.0986000000	  0.1358412186	 18.2105483767
  0.0972000000	  0.1358051766	 18.1311378154
  0.0998000000	  0.1355787083	 18.1753875586
  0.0991000000	  0.1404495579	 18.1880942136
  0.1020000000	  0.1447649691	 18.0704102574
  0.0994000000	  0.1386666768	 18.1565830768
  0.1010000000	  0.1353352538	 18.1625811447
  0.0962000000	  0.1360274472	 18.2476651620
  0.1027000000	  0.1397541933	 18.2014307906
  0.0972000000	  0.1309402867	 18.2843441303
  0.1022000000	  0.1410287812	 18.0947181325
  0.1022000000	  0.1422328394	 18.0847210887
  0.0990000000	  0.1321301446	 18.2097103903
  0.1003000000	  0.1420098322	 18.1674903064
  0.0975000000	  0.1328586668	 18.2543547401
  0.0996000000	  0.1362176603	 18.2340796756
  0.0993000000	  0.1391503825	 18.1564323864
  0.1006000000	  0.1413911596	 18.1557809779
  0.0993000000	  0.1403437174	 18.1576663014
  0.0986000000	  0.1354094114	 18.1876106481
  0.0982000000	  0.1432878315	 18.1590099658
  0.0980000000	  0.1367292229	 18.2554272737
  0.0973000000	  0.1360839548	 18.1966732899
  0.1017000000	  0.1390110010	 18.2263361911
  0.0986000000	  0.1426262458	 18.1308999662
  0.1041000000	  0.1450407124	 18.1173638876
  0.0969000000	  0.1368842571	 18.2071690976
  0.1011000000	  0.1350133600	 18.2346469292
  0.0987000000	  0.1372908552	 18.2473250108
  0.0958000000	  0.1381379210	 18.1847407493
  0.1001000000	  0.1387944525	 18.2420540430
  0.0994000000	  0.1393199444	 18.2281447613
  0.1003000000	  0.1363749621	 18.2089403944
  0.1045000000	  0.1437258220	 18.1302328483
  0.0997000000	  0.1383331708	 18.2834409133
  0.0967000000	  0.1375118711	 18.2008177775
  0.0971000000	  0.1467731001	 18.1165209426
  0.0994000000	  0.1349439917	 18.2436626886
  0.0997000000	  0.1410407725	 18.1535121094
  0.1033000000	  0.1436941526	 18.1461988019
  0.0995000000	  0.1406522531	 18.1288067340
  0.1014000000	  0.1380566158	 18.1948422818
  0.1018000000	  0.1466407400	 18.0900009093
  0.1027000000	  0.1412501100	 18.1285143978
  0.0989000000	  0.1429982209	 18.1252707889
  0.1019000000	  0.1415291522	 18.2072218223
  0.0994000000	  0.1418032616	 18.1026863109
  0.1042000000	  0.1436123734	 18.2454237191
  0.0975000000	  0.1410938281	 18.2286687855
  0.1022000000	  0.1424183433	 18.1937823907
  0.1014000000	  0.1443490850	 18.1307497967
  0.0987000000	  0.1402898758	 18.1551397493
  0.1009000000	  0.1472374642	 17.9726872517
  0.0965000000	  0.1344322895	 18.2255136720
  0.1022000000	  0.1380253065	 18.1775892926
  0.0985000000	  0.1411837048	 18.1458365553
  0.0998000000	  0.1390548021	 18.1472892923
  0.0991000000	  0.1333553059	 18.2129127853
  0.0994000000	  0.1416883873	 18.1582668135
  0.0982000000	  0.1400783819	 18.1373845551
  0.0945000000	  0.1288251629	 18.2523393706
  0.0981000000	  0.1384487195	 18.1550506040
  0.0967000000	  0.1388596298	 18.0962667746
  0.1011000000	  0.1430783936	 18.2224335270
  0.1002000000	  0.1345283840	 18.1683121344
  0.0976000000	  0.1301029578	 18.2911423045
  0.0975000000	  0.1368467298	 18.1261003358
  0.0958000000	  0.1419051307	 18.0726751248
  0.0997000000	  0.1354006817	 18.2010573971
  0.0974000000	  0.1350410539	 18.2617997513
  0.0988000000	  0.1377213887	 18.1658805583
  0.1062000000	  0.1466376090	 18.0568675242
  0.1023000000	  0.1430886368	 18.1434071024
  0.1019000000	  0.1383754068	 18.1887098298
  0.0957000000	  0.1388479981	 18.1075858346
  0.1008000000	  0.1395169871	 18.1129151214
  0.0996000000	  0.1412675506	 18.1401709511
  0.1007000000	  0.1357223835	 18.2178166669
  0.1006000000	  0.1367266894	 18.2473133617
  0.0988000000	  0.1372577385	 18.2335910638
  0.1018000000	  0.1428883910	 18.0855143946
  0.0997000000	  0.1386822563	 18.1592826239
  0.0999000000	  0.1410914195	 18.1148917939
  0.0996000000	  0.1338449307	 18.2833055903
  0.1038000000	  0.1415576359	 18.1582732598
  0.1008000000	  0.1390712552	 18.2198376573
  0.0999000000	  0.1377384949	 18.2567146245
  0.0976000000	  0.1411770472	 18.1595683084
  0.1000000000	  0.1359856032	 18.1955716801
  0.0978000000	  0.1299228295	 18.2591180740
  0.1019000000	  0.1429840733	 18.1377085353
  0.1020000000	  0.1382772728	 18.2106850332
  0.1003000000	  0.1429329075	 18.1066460234
  0.1002000000	  0.1398031973	 18.0815782909
  0.1002000000	  0.1393701139	 18.2327096480
  0.1025000000	  0.1428102053	 18.1800420651
  0.0976000000	  0.1388862618	 18.3080649336
  0.1010000000	  0.1424761687	 18.1736201452
  0.1011000000	  0.1392533545	 18.1287999083
  0.1010000000	  0.1404740318	 18.1541959910
  0.1015000000	  0.1408903798	 18.1940797322
  0.0995000000	  0.1374847729	 18.1779146772
  0.0993000000	  0.1336497149	 18.2793181070
  0.1012000000	  0.1426124759	 18.1654809079
  0.0989000000	  0.1365508996	 18.2042520536
  0.0978000000	  0.1403706722	 18.1303748988
  0.1027000000	  0.1413461497	 18.0908847917
  0.0998000000	  0.1380951791	 18.1154915856
  0.1006000000	  0.1440008028	 18.1391852195
  0.1009000000	  0.1410233659	 18.1491774473
  0.0995000000	  0.1352419966	 18.0712066833
  0.0973000000	  0.1411335281	 18.2470305004
  0.0990000000	  0.1390347789	 18.2168340309
  0.1016000000	  0.1390156512	 18.2104967517
  0.0993000000	  0.1397464981	 18.1682349315
  0.0964000000	  0.1337731114	 18.2743627714
  0.0991000000	  0.1402551006	 18.2006366791
  0.1009000000	  0.1385327840	 18.2055650581
  0.0978000000	  0.1350418766	 18.1968626365
  0.0986000000	  0.1347174326	 18.3082181715
  0.0983000000	  0.1381760833	 18.1845322513
  0.1015000000	  0.1364162599	 18.2562518403
  0.0976000000	  0.1369919690	 18.1862226730
  0.1009000000	  0.1364393554	 18.2790355807
  0.0971000000	  0.1392464903	 18.1160189169
  0.0974000000	  0.1365198499	 18.2407840341
  0.0998000000	  0.1380350815	 18.2350263229
  0.1005000000	  0.1454181031	 18.1242254551
  0.0983000000	  0.1386967796	 18.1422789785
  0.0978000000	  0.1403115793	 18.1455212985
  0.1026000000	  0.1374075445	 18.2268922213
  0.1019000000	  0.1410045634	 18.1256527054
  0.1004000000	  0.1417905534	 18.1620114781
  0.0990000000	  0.1401129211	 18.2706549877
  0.1011000000	  0.1390922741	 18.2112173260
  0.1000000000	  0.1349461467	 18.2505144078
  0.0975000000	  0.1330211511	 18.2178198397
  0.1013000000	  0.1360891643	 18.2508873219
  0.1013000000	  0.1412666910	 18.1561196727
  0.1010000000	  0.1388951328	 18.2068659952
  0.1013000000	  0.1421541825	 18.1312903647
  0.1006000000	  0.1420596475	 18.1273843509
  0.0996000000	  0.1359320334	 18.2415970393
  0.0964000000	  0.1364223075	 18.1877222179
  0.0985000000	  0.1370763161	 18.1645038432
  0.1037000000	  0.1403763005	 18.1060966532
  0.1005000000	  0.1343915437	 18.1631947345
  0.1008000000	  0.1383335067	 18.2695073273
  0.1008000000	  0.1362624794	 18.1932775850
  0.0999000000	  0.1342139772	 18.1948609906
  0.0991000000	  0.1384851365	 18.1819875363
  0.0994000000	  0.1378365100	 18.2129238046
  0.1025000000	  0.1419386230	 18.1894307872
  0.1007000000	  0.1403690796	 18.1725775758
  0.0982000000	  0.1398227651	 18.1674714686
  0.0979000000	  0.1408432477	 18.1894027770
  0.1024000000	  0.1413448195	 18.1748793283
  0.0999000000	  0.1411349979	 18.1917520175
  0.0995000000	  0.1413060864	 18.2017585032
  0.0962000000	  0.1396496798	 18.1432081439
  0.0988000000	  0.1367593576	 18.2195470063
  0.1023000000	  0.1427527391	 18.1918316095
  0.1012000000	  0.1422457864	 18.1429440128
  0.0984000000	  0.1374589269	 18.1738532087
  0.0972000000	  0.1392024685	 18.2045086935
  0.1044000000	  0.1408351346	 18.1314149365
  0.1001000000	  0.1368831446	 18.2279412442
  0.1026000000	  0.1404493141	 18.1874721192
  0.1010000000	  0.1424455219	 18.2161616886
  0.1003000000	  0.1354788108	 18.2650421573
  0.1004000000	  0.1413497903	 18.1827130943
  0.1020000000	  0.1429803520	 18.0637412043
  0.1014000000	  0.1420863068	 18.0789080906
  0.1006000000	  0.1362709529	 18.2207789738
  0.0959000000	  0.1412205692	 18.1154016506
  0.0989000000	  0.1343029782	 18.1868076561
  0.0985000000	  0.1389644491	 18.1834275922
  0.1012000000	  0.1395617292	 18.2163983604
  0.1006000000	  0.1346623678	 18.2254058040
  0.0999000000	  0.1386870541	 18.1671495496
  0.1027000000	  0.1398523114	 18.1329865371
  0.1008000000	  0.1373271395	 18.1954732262
  0.1004000000	  0.1404155305	 18.1388687155
  0.1002000000	  0.1410066749	 18.1586412687
  0.0976000000	  0.1379985432	 18.2255981651
  0.0997000000	  0.1413614845	 18.1005786164
  0.1035000000	  0.1437009318	 18.1312028860
  0.0986000000	  0.1380180950	 18.2068464817
  0.0988000000	  0.1356515160	 18.2196914676
  0.1016000000	  0.1417076813	 18.1490397040
  0.1001000000	  0.1432143638	 18.1839852659
  0.1003000000	  0.1428199979	 18.0918978666
  0.1004000000	  0.1366867280	 18.1976733249
  0.0977000000	  0.1383871087	 18.1934009732
  0.0977000000	  0.1376197904	 18.2118125089
  0.0987000000	  0.1365985336	 18.2674430601
  0.1021000000	  0.1399184015	 18.1677225476
  0.0976000000	  0.1361759768	 18.2082124621
  0.0984000000	  0.1392456185	 18.2051211890
  0.0997000000	  0.1380687583	 18.2013563509
  0.1003000000	  0.1411907985	 18.1678336031
  0.1044000000	  0.1426442832	 18.2285799040
  0.1026000000	  0.1426147738	 18.1322878887
  0.0968000000	  0.1415158016	 18.0910362933
  0.0984000000	  0.1357422154	 18.2436957050
  0.1004000000	  0.1354298022	 18.2387863065
  0.1013000000	  0.1408170160	 18.1514461534
  0.1004000000	  0.1373074943	 18.1925936333
  0.0969000000	  0.1360504113	 18.2187183585
  0.0991000000	  0.1374203371	 18.1602297663
  0.0995000000	  0.1367870785	 18.2033040525
  0.1012000000	  0.1350399500	 18.1727233308
  0.1010000000	  0.1381749875	 18.1738708510
  0.0996000000	  0.1392433685	 18.1403385126
  0.0997000000	  0.1401229018	 18.2440393469
  0.1031000000	  0.1430995220	 18.1698353404
  0.0963000000	  0.1387152402	 18.2223273493
  0.1057000000	  0.1440677661	 18.0551310742
  0.0994000000	  0.1394945394	 18.2303952800
  0.1027000000	  0.1435335298	 18.1820526274
  0.1015000000	  0.1392235468	 18.2895652017
  0.0949000000	  0.1362913010	 18.1767508633
  0.0986000000	  0.1382563725	 18.2063305648
  0.0991000000	  0.1369247234	 18.1720480664
  0.1005000000	  0.1381020938	 18.1647386910
  0.1019000000	  0.1413273180	 18.1335016683
  0.0979000000	  0.1390795327	 18.2034084604
  0.0979000000	  0.1393530470	 18.1586302999
  0.1002000000	  0.1425116612	 18.1747193056
  0.0976000000	  0.1338128206	 18.2641509098
  0.0981000000	  0.1384053392	 18.1643909930
  0.1016000000	  0.1430599274	 18.1091044359
  0.1006000000	  0.1415244404	 18.1286993157
  0.0975000000	  0.1352028291	 18.0884931074
  0.1002000000	  0.1397453718	 18.0907535726
  0.1045000000	  0.1408299186	 18.1866941423
  0.0977000000	  0.1368326347	 18.1539148517
  0.1025000000	  0.1384287636	 18.1485373010
  0.1027000000	  0.1417036142	 18.1603316214
  0.1007000000	  0.1392316392	 18.1247109170
  0.1031000000	  0.1450704431	 18.1925590479
  0.0944000000	  0.1342100339	 18.2007491752
  0.0993000000	  0.1372099032	 18.2253834518
  0.1027000000	  0.1464647875	 18.1422585939
  0.0978000000	  0.1309121351	 18.2545520737
  0.1015000000	  0.1397805450	 18.1776575235
  0.1045000000	  0.1370800283	 18.2322673938
  0.1043000000	  0.1442217002	 18.1264877259
  0.0987000000	  0.1370234265	 18.1931453743
  0.1004000000	  0.1432253699	 18.0943248705
  0.0999000000	  0.1337187943	 18.2324580344
  0.1022000000	  0.1426546452	 18.0796254134
  0.0979000000	  0.1359119276	 18.1781637923
  0.0977000000	  0.1374685427	 18.2131395578
  0.0993000000	  0.1396509105	 18.1291935443
  0.1022000000	  0.1414441266	 18.1196898318
  0.1054000000	  0.1431002189	 18.1435516634
  0.0954000000	  0.1347222124	 18.1768927420
  0.0982000000	  0.1391120672	 18.1317016862
  0.0985000000	  0.1396208034	 18.2088334744
  0.1005000000	  0.1390092020	 18.2069005080
  0.1014000000	  0.1390802270	 18.1216441068
  0.1008000000	  0.1401146484	 18.1762218188
  0.0992000000	  0.1321867829	 18.3238220041
  0.0948000000	  0.1332380857	 18.2581442425
  0.1002000000	  0.1426900578	 18.1816065482
  0.1013000000	  0.1372940090	 18.2040699237
  0.0991000000	  0.1411135695	 18.1480857411
  0.0992000000	  0.1371299584	 18.1875118618
  0.0992000000	  0.1354858760	 18.3079848776
  0.1023000000	  0.1462136128	 18.0596029895
  0.1001000000	  0.1400796565	 18.1534174260
  0.0986000000	  0.1389616615	 18.2195277723
  0.1027000000	  0.1393852180	 18.2000855888
  0.0980000000	  0.1356263588	 18.2982644629
  0.0952000000	  0.1350529015	 18.2109553357
  0.0997000000	  0.1400885166	 18.1717001645
  0.0980000000	  0.1397589787	 18.1424776203
  0.1015000000	  0.1390202996	 18.2186982278
  0.1013000000	  0.1409602009	 18.2324000748
  0.1011000000	  0.1352643062	 18.2798988365
  0.1006000000	  0.1371794982	 18.2087100878
  0.0986000000	  0.1415399560	 18.0486044124
  0.0999000000	  0.1403705993	 18.1227164904
  0.1011000000	  0.1389534207	 18.2147175890
  0.0995000000	  0.1389071808	 18.1643571688
  0.0972000000	  0.1386335922	 18.1056831452
  0.1007000000	  0.1337485819	 18.2843467496
  0.0996000000	  0.1396162975	 18.1409395214
  0.0995000000	  0.1396032449	 18.2231308078
  0.0986000000	  0.1368463446	 18.1857643565
  0.1001000000	  0.1389477542	 18.1606498080
  0.0960000000	  0.1346181007	 18.2412645617
  0.1010000000	  0.1424345244	 18.0798854046
  0.0988000000	  0.1401066853	 18.1528960023
  0.1021000000	  0.1411516449	 18.1586853025
  0.0994000000	  0.1390277799	 18.2686837343
  0.0992000000	  0.1416495239	 18.1473739958
  0.0999000000	  0.1352614269	 18.2493839853
  0.0971000000	  0.1369029680	 18.1597172362
  0.0986000000	  0.1403806416	 18.1876438567
  0.0986000000	  0.1413205704	 18.1703530492
  0.1020000000	  0.1393671260	 18.1672965441
  0.1004000000	  0.1351004247	 18.2315331738
  0.0988000000	  0.1360590481	 18.2354472280
  0.1012000000	  0.1389782262	 18.2158540643
  0.1018000000	  0.1422713756	 18.1411703271
  0.1044000000	  0.1371030262	 18.1658796410
  0.1018000000	  0.1374562482	 18.1910932601
  0.1020000000	  0.1394245070	 18.1292850154
  0.0990000000	  0.1382675624	 18.2161595729
  0.0992000000	  0.1392321440	 18.2425358133
  0.1016000000	  0.1391061435	 18.1241820124
  0.0979000000	  0.1395526208	 18.2186491108
  0.1005000000	  0.1406472365	 18.1375750272
  0.1004000000	  0.1425516473	 18.1644461779
  0.1005000000	  0.1349618041	 18.2168792473
  0.1029000000	  0.1395289553	 18.1993156266
  0.1003000000	  0.1421544849	 18.1062289861
  0.1027000000	  0.1429965061	 18.0675910334
  0.0959000000	  0.1335501204	 18.2227931946
  0.0977000000	  0.1395338728	 18.1388658239
  0.0962000000	  0.1343153321	 18.1752323381
