  0.1033000000	  0.1389322113	 18.4611002473
  0.0942000000	  0.1358064706	 18.1688287045
  0.0985000000	  0.1389935586	 18.1182555096
  0.0967000000	  0.1379527050	 18.2715145431
  0.0999000000	  0.1324655311	 18.6919126621
  0.1037000000	  0.1395267882	 18.1944493067
  0.1028000000	  0.1404142060	 18.3053633388
  0.0998000000	  0.1322039187	 18.5435598677
  0.1031000000	  0.1458525647	 17.9136334904
  0.0992000000	  0.1460563734	 18.1967078088
  0.1019000000	  0.1425614359	 17.9534761215
  0.1047000000	  0.1407253237	 18.6367682040
  0.0952000000	  0.1309251578	 18.2411496538
  0.0986000000	  0.1461845623	 18.4605562418
  0.0997000000	  0.1343958357	 17.8166918243
  0.0972000000	  0.1428651059	 18.2006054716
  0.1050000000	  0.1523918001	 18.3351251964
  0.0980000000	  0.1380714299	 17.9711432361
  0.0996000000	  0.1322653968	 18.0934885969
  0.1024000000	  0.1368305759	 18.2959590278
  0.0959000000	  0.1333154963	 17.9975514734
  0.0993000000	  0.1410939552	 18.5088843408
  0.0991000000	  0.1435983078	 18.8450046783
  0.0983000000	  0.1278029116	 18.5051473072
  0.1004000000	  0.1424153760	 18.0167171501
  0.1014000000	  0.1417892114	 17.9514941202
  0.0956000000	  0.1283741553	 18.4352175406
  0.0985000000	  0.1463503060	 18.4567723708
  0.0991000000	  0.1384188087	 18.9233647504
  0.1074000000	  0.1478835298	 18.5990584743
  0.0983000000	  0.1328779302	 18.0410531942
  0.1015000000	  0.1389089801	 17.3677913771
  0.0992000000	  0.1392910003	 18.4047649737
  0.0986000000	  0.1352581108	 18.1196231418
  0.1022000000	  0.1435739986	 18.4395731149
  0.0972000000	  0.1322565564	 18.0407390542
  0.1018000000	  0.1478758811	 17.9087862985
  0.0932000000	  0.1316795961	 18.1069496976
  0.1005000000	  0.1369654780	 17.5262968191
  0.0973000000	  0.1354065218	 18.2554758913
  0.0986000000	  0.1361425425	 17.6079650003
  0.0955000000	  0.1323136038	 17.7261946643
  0.0955000000	  0.1312154690	 17.9964461853
  0.1062000000	  0.1473245775	 18.3708425477
  0.1029000000	  0.1411210119	 18.3613318479
  0.0996000000	  0.1344911864	 18.2326670125
  0.1047000000	  0.1406906895	 18.0631788184
  0.0944000000	  0.1280694646	 17.9795602374
  0.0972000000	  0.1261966037	 18.3644962535
  0.0977000000	  0.1445232596	 18.4022992538
  0.1004000000	  0.1327754325	 18.0793001853
  0.1016000000	  0.1403238082	 17.9492823148
  0.1051000000	  0.1462070791	 18.1595457430
  0.0975000000	  0.1308054342	 17.9593126568
  0.0925000000	  0.1273318070	 17.8900591053
  0.1009000000	  0.1417154756	 17.9900496509
  0.1002000000	  0.1396989181	 17.8310440041
  0.0997000000	  0.1443458981	 18.4621855047
  0.0983000000	  0.1325650613	 18.0218948211
  0.1064000000	  0.1438417043	 18.3292310999
  0.0982000000	  0.1384136106	 18.4188135022
  0.0969000000	  0.1384351601	 18.0859128916
  0.1034000000	  0.1393342700	 18.1740948677
  0.1019000000	  0.1485780470	 18.8148009956
  0.1017000000	  0.1426124977	 18.2464790081
  0.1004000000	  0.1482506210	 18.5095854388
  0.0977000000	  0.1299867131	 17.6033903898
  0.1030000000	  0.1347162224	 18.6019819413
  0.0992000000	  0.1339505687	 17.5467047462
  0.1018000000	  0.1399344421	 17.7538767245
  0.0964000000	  0.1380737985	 18.2095603531
  0.1013000000	  0.1405566665	 18.0616405202
  0.0993000000	  0.1309838752	 17.8945604000
  0.0913000000	  0.1273490489	 17.9319930610
  0.1028000000	  0.1335295834	 18.1380087315
  0.1068000000	  0.1420636223	 18.6729574367
  0.0978000000	  0.1281358206	 17.9362693273
  0.0955000000	  0.1294472948	 18.0635471306
  0.1042000000	  0.1462947837	 18.6449951577
  0.0970000000	  0.1197038354	 18.0614250048
  0.0992000000	  0.1385803773	 18.2760837747
  0.1008000000	  0.1289570935	 18.3952048850
  0.1036000000	  0.1394194305	 18.1866459213
  0.1054000000	  0.1416265110	 18.4476349229
  0.0973000000	  0.1464112197	 18.3919244592
  0.1023000000	  0.1535515359	 18.2599200561
  0.0984000000	  0.1348448132	 18.3141736655
  0.0942000000	  0.1318980599	 18.1995466474
  0.0991000000	  0.1380931034	 18.3228819660
  0.0941000000	  0.1264394379	 18.3639427599
  0.0983000000	  0.1393506477	 17.6313498659
  0.1041000000	  0.1449321967	 17.7159579300
  0.0970000000	  0.1353160842	 17.9770394448
  0.0965000000	  0.1322112213	 18.3062090339
  0.0976000000	  0.1418911211	 18.3155314831
  0.1008000000	  0.1429010876	 17.9170533237
  0.1032000000	  0.1339719119	 18.2709674793
  0.0977000000	  0.1404306293	 18.0127817118
  0.0949000000	  0.1299045848	 17.7732603894
  0.1033000000	  0.1304844909	 17.5620418734
  0.0998000000	  0.1385763876	 17.9993116044
  0.1053000000	  0.1442404680	 18.0319276737
  0.0935000000	  0.1250189178	 17.8484078048
  0.0945000000	  0.1333903272	 17.7348083216
  0.0964000000	  0.1369033929	 17.7264093751
  0.0982000000	  0.1255271958	 18.0213378409
  0.1014000000	  0.1390849961	 17.5508227782
  0.0978000000	  0.1350713134	 18.3668657925
  0.1022000000	  0.1370802765	 17.9666463752
  0.1050000000	  0.1408883756	 18.7689492932
  0.1029000000	  0.1393676141	 17.7880210240
  0.0984000000	  0.1285990603	 18.0942445650
  0.1046000000	  0.1443704465	 18.4476682552
  0.1020000000	  0.1443888120	 18.5910033898
  0.0986000000	  0.1280039291	 18.2978647980
  0.0964000000	  0.1308891708	 18.5493516470
  0.1039000000	  0.1518241767	 18.4834936383
  0.0985000000	  0.1359473732	 17.9435183977
  0.1027000000	  0.1435914381	 18.5074919142
  0.0995000000	  0.1387841180	 18.1301292877
  0.0971000000	  0.1362467882	 17.9356421296
  0.0975000000	  0.1463598216	 18.9466728771
  0.1045000000	  0.1411380176	 18.0054282815
  0.0953000000	  0.1313091942	 17.8199633507
  0.1024000000	  0.1465930870	 18.3464074825
  0.1031000000	  0.1473773832	 18.3809563609
  0.1002000000	  0.1400301007	 17.6495943616
  0.0994000000	  0.1417002984	 18.4743714803
  0.0955000000	  0.1338270175	 18.1401009566
  0.0939000000	  0.1339687299	 18.4219249000
  0.1006000000	  0.1335579329	 18.0962219884
  0.0940000000	  0.1295451398	 17.8648463615
  0.1007000000	  0.1488671732	 17.9494842923
  0.1022000000	  0.1350295175	 17.8940840117
  0.0976000000	  0.1356773103	 18.4200323064
  0.1049000000	  0.1427339821	 18.1869747330
  0.0957000000	  0.1281201182	 18.0287772442
  0.1038000000	  0.1454113274	 18.3841438537
  0.1002000000	  0.1358724545	 18.5032847694
  0.1015000000	  0.1470681632	 18.2770458227
  0.0998000000	  0.1426531268	 18.1516335808
  0.0986000000	  0.1343158766	 18.4934607515
  0.0945000000	  0.1383533804	 18.3987635339
  0.0963000000	  0.1340431889	 17.9931709510
  0.1030000000	  0.1415390700	 17.9669010541
  0.1031000000	  0.1385829092	 18.4707034447
  0.0999000000	  0.1371390373	 17.8810023273
  0.1068000000	  0.1523287389	 18.9140190618
  0.1003000000	  0.1372865690	 18.0908234032
  0.1093000000	  0.1598964908	 18.1524456623
  0.0998000000	  0.1356564867	 18.2226001733
  0.1030000000	  0.1499269378	 18.7363910905
  0.0921000000	  0.1263646503	 17.9293861863
  0.0997000000	  0.1432883545	 17.7078203349
  0.0992000000	  0.1343097696	 18.9152000642
  0.0978000000	  0.1331769620	 18.2267832669
  0.1017000000	  0.1454980071	 18.3635360703
  0.0953000000	  0.1301815889	 18.1614882145
  0.1008000000	  0.1433440816	 18.1746085172
  0.0991000000	  0.1459405348	 18.1537922955
  0.0994000000	  0.1400656258	 17.9028184973
  0.1066000000	  0.1535952606	 18.6631813190
  0.0995000000	  0.1297281842	 18.7346915237
  0.1007000000	  0.1444392323	 18.1084827607
  0.0981000000	  0.1346815596	 18.4736534542
  0.0970000000	  0.1413316782	 17.8936324400
  0.1017000000	  0.1368481544	 18.4792794671
  0.1003000000	  0.1444773477	 18.4221757589
  0.1003000000	  0.1335789181	 17.8424614825
  0.1001000000	  0.1347165514	 18.6971257016
  0.0989000000	  0.1427261604	 18.0917753364
  0.1053000000	  0.1391251287	 18.9831779390
  0.1045000000	  0.1431585364	 18.9784801807
  0.1036000000	  0.1317561237	 18.4973630729
  0.0967000000	  0.1424576240	 18.0456895813
  0.0984000000	  0.1387689185	 18.2529763351
  0.0989000000	  0.1361779405	 18.1862059671
  0.0983000000	  0.1411633485	 17.7547500722
  0.0980000000	  0.1452669504	 18.9643197070
  0.1005000000	  0.1453826703	 18.2559073612
  0.0971000000	  0.1310306712	 18.4062018502
  0.1049000000	  0.1419841293	 17.6059020387
  0.0946000000	  0.1430348472	 18.1848800252
  0.0969000000	  0.1373118429	 18.5238999343
  0.0992000000	  0.1445767476	 18.1119266112
  0.1061000000	  0.1485015573	 18.4211767156
  0.0921000000	  0.1302856535	 18.4156836817
  0.0950000000	  0.1315182708	 18.0339051674
  0.1100000000	  0.1539827512	 18.5128320225
  0.1063000000	  0.1461799457	 18.3385449033
  0.1021000000	  0.1457201557	 17.4822322997
  0.0967000000	  0.1331736305	 17.8863630864
  0.0975000000	  0.1310610780	 18.1718706672
  0.1003000000	  0.1247607467	 18.3766858435
  0.0952000000	  0.1333234994	 17.3270524436
  0.0935000000	  0.1199990612	 17.9588127986
  0.0985000000	  0.1402491990	 18.0342344520
  0.1044000000	  0.1492037302	 18.6542933566
  0.1070000000	  0.1463080654	 18.1387415054
  0.1025000000	  0.1510222381	 17.9535186032
  0.0957000000	  0.1306297130	 17.6459176002
  0.0979000000	  0.1338616396	 18.0258830282
  0.0962000000	  0.1337740103	 18.0080971471
  0.0973000000	  0.1319418494	 17.9497570886
  0.0958000000	  0.1221530870	 18.1171174398
  0.0980000000	  0.1418240012	 17.8649532987
  0.1011000000	  0.1401687273	 18.5577325421
  0.0900000000	  0.1349521799	 18.1178833476
  0.0949000000	  0.1324155042	 17.7335544586
  0.1011000000	  0.1472130176	 18.9916558262
  0.0986000000	  0.1349601053	 17.6546313713
  0.0911000000	  0.1252682188	 18.1602121807
  0.1022000000	  0.1506191799	 18.3231733102
  0.0985000000	  0.1375804453	 18.2200305952
  0.0960000000	  0.1391515324	 18.2821587415
  0.0995000000	  0.1436194917	 18.2692838150
  0.0971000000	  0.1280146127	 18.3564561572
  0.0962000000	  0.1292858034	 17.8904337521
  0.1000000000	  0.1449771156	 18.3479944776
  0.0964000000	  0.1242210386	 18.1758703955
  0.0973000000	  0.1337388743	 17.7544076993
  0.1000000000	  0.1399882525	 18.4179530671
  0.0987000000	  0.1341210954	 18.1190610448
  0.0962000000	  0.1420547562	 18.3591005246
  0.1002000000	  0.1388588633	 18.5521268896
  0.0983000000	  0.1344044358	 17.6982807274
  0.0960000000	  0.1291033758	 18.0528044631
  0.0992000000	  0.1377517671	 18.0224390998
  0.0996000000	  0.1364403434	 18.6695190011
  0.0991000000	  0.1515491629	 17.9946195758
  0.1066000000	  0.1507259023	 18.7357523769
  0.1027000000	  0.1415752903	 17.9324573726
  0.1061000000	  0.1405141621	 18.4346794356
  0.0997000000	  0.1400454690	 18.4700280700
  0.0977000000	  0.1359885538	 17.8510403208
  0.0963000000	  0.1373456169	 18.6136766999
  0.0980000000	  0.1348554155	 18.3675027782
  0.1061000000	  0.1358332144	 18.4068440593
  0.1016000000	  0.1370661400	 18.0586811545
  0.1006000000	  0.1461416949	 18.0412760061
  0.1024000000	  0.1488917597	 18.5742283147
  0.1023000000	  0.1449475870	 17.6977260002
  0.1005000000	  0.1499136983	 17.6565792643
  0.1037000000	  0.1350788560	 17.9371670598
  0.1015000000	  0.1499807415	 17.8907280387
  0.1049000000	  0.1355962699	 18.7520416564
  0.0941000000	  0.1323792462	 16.9879419155
  0.1072000000	  0.1530461253	 18.3548558738
  0.0992000000	  0.1304037301	 18.1255020700
  0.0948000000	  0.1294529296	 18.3172723101
  0.1035000000	  0.1385872893	 18.0898507481
  0.0984000000	  0.1376773290	 17.9132032452
  0.0998000000	  0.1393898776	 18.0856726152
  0.0968000000	  0.1242867217	 18.4292575254
  0.0999000000	  0.1361414240	 18.5548824202
  0.1059000000	  0.1473942441	 18.4626816368
  0.0912000000	  0.1209978695	 17.6597220654
  0.1036000000	  0.1454445340	 18.4187901337
  0.0965000000	  0.1275015751	 17.7003529548
  0.0993000000	  0.1433653061	 18.2302819078
  0.0980000000	  0.1327771348	 18.2100324242
  0.1042000000	  0.1477013270	 17.9763867856
  0.1022000000	  0.1366706551	 18.3434259951
  0.1014000000	  0.1427703669	 18.2240919647
  0.1055000000	  0.1513882554	 18.9988257788
  0.0984000000	  0.1338578606	 18.1708559662
  0.0994000000	  0.1380107130	 18.8070296022
  0.1006000000	  0.1364034287	 17.5100350302
  0.1002000000	  0.1330801586	 18.1455235184
  0.1024000000	  0.1470871592	 18.2958442875
  0.0960000000	  0.1323540266	 18.1884994490
  0.1057000000	  0.1484948555	 18.3030656203
  0.1034000000	  0.1495416942	 18.3966438938
  0.0981000000	  0.1451069140	 18.3867410063
  0.0953000000	  0.1312708421	 18.6626051613
  0.1043000000	  0.1473532880	 17.9437458277
  0.0989000000	  0.1331525337	 18.4330812694
  0.0972000000	  0.1314000613	 18.1114459863
  0.0988000000	  0.1403083431	 18.5895901418
  0.1012000000	  0.1530677518	 18.1736170920
  0.1007000000	  0.1251552261	 18.0706447609
  0.1025000000	  0.1455646047	 18.1516902110
  0.0955000000	  0.1272794007	 17.9790345235
  0.0959000000	  0.1259232958	 18.3130924102
  0.0990000000	  0.1399246633	 18.1655809323
  0.1057000000	  0.1442806770	 18.8968195345
  0.1075000000	  0.1540443649	 18.2921689225
  0.1027000000	  0.1502405535	 18.3493921304
  0.0967000000	  0.1351301338	 18.1801174366
  0.0913000000	  0.1354528479	 18.1043397786
  0.0975000000	  0.1269341225	 18.2720027503
  0.0974000000	  0.1351986286	 18.5469718852
  0.0996000000	  0.1401746188	 17.9437743530
  0.1013000000	  0.1364770142	 18.4244240378
  0.1033000000	  0.1444342578	 17.4360308689
  0.1044000000	  0.1395733332	 18.5267685219
  0.1022000000	  0.1381145921	 18.7242697161
  0.1068000000	  0.1559169086	 17.9536285957
  0.0953000000	  0.1321979662	 18.1915347546
  0.0946000000	  0.1300139034	 17.8256308888
  0.0981000000	  0.1286870224	 17.5388806282
  0.1019000000	  0.1467721318	 17.9712468381
  0.0969000000	  0.1327798959	 17.7884447981
  0.1035000000	  0.1488400121	 17.9817767652
  0.1017000000	  0.1400791594	 18.3784984000
  0.0926000000	  0.1283565835	 18.8466298178
  0.1042000000	  0.1507093541	 18.6604522579
  0.1030000000	  0.1351104105	 18.0442481177
  0.1032000000	  0.1291218646	 18.4649486136
  0.0990000000	  0.1285589745	 17.9102886808
  0.0984000000	  0.1406349492	 18.1249361820
  0.1013000000	  0.1291522808	 18.5156382912
  0.1052000000	  0.1530196157	 18.3022868995
  0.1065000000	  0.1483535486	 18.4259554892
  0.0959000000	  0.1347162564	 18.1130163899
  0.0982000000	  0.1371770671	 18.3519937791
  0.0981000000	  0.1446904912	 18.1782832187
  0.1054000000	  0.1596051450	 17.7635766873
  0.0981000000	  0.1341495340	 18.7524265989
  0.1026000000	  0.1454412486	 18.6994845477
  0.0979000000	  0.1482649412	 17.9633676153
  0.0946000000	  0.1296219742	 18.3213312966
  0.0974000000	  0.1328948852	 18.1970189900
  0.1036000000	  0.1486066763	 17.6632557390
  0.0977000000	  0.1281979645	 17.9887156884
  0.1021000000	  0.1440189465	 17.9648431256
  0.0965000000	  0.1375309076	 17.2885651083
  0.1001000000	  0.1414267967	 18.2842963402
  0.0969000000	  0.1302284257	 17.8030857118
  0.1042000000	  0.1378210880	 18.2025279458
  0.1055000000	  0.1416630062	 18.1054628151
  0.0954000000	  0.1348050176	 18.0381270906
  0.1068000000	  0.1499618532	 18.6582587652
  0.0964000000	  0.1410291491	 18.5198802305
  0.1026000000	  0.1368237661	 18.2655171480
  0.0970000000	  0.1331160773	 18.5463633662
  0.1069000000	  0.1488511412	 18.7393263953
  0.1025000000	  0.1524721806	 18.0880243814
  0.0929000000	  0.1305113907	 17.6880604393
  0.1026000000	  0.1381743432	 17.8904886892
  0.0996000000	  0.1373108664	 18.5409658015
  0.1010000000	  0.1314669968	 18.4093699432
  0.1041000000	  0.1359832674	 18.6717322041
  0.1007000000	  0.1439992689	 18.0688280176
  0.1023000000	  0.1419067976	 18.5540163481
  0.0966000000	  0.1324344429	 18.0217190456
  0.0990000000	  0.1393072066	 18.5353878562
  0.1017000000	  0.1385300792	 18.2250434403
  0.0981000000	  0.1383708772	 18.1865991561
  0.0994000000	  0.1371214289	 17.8967850459
  0.0956000000	  0.1291404715	 18.0695413124
  0.1019000000	  0.1311036012	 18.2311821099
  0.0998000000	  0.1371116413	 18.1274145983
  0.0942000000	  0.1412952486	 18.3951238019
  0.0948000000	  0.1379463092	 18.2875380630
  0.0926000000	  0.1263006103	 18.1652064790
  0.1045000000	  0.1472762129	 17.7903607789
  0.0968000000	  0.1315489070	 18.3420804787
  0.0973000000	  0.1374950854	 17.9980671399
  0.0965000000	  0.1387006668	 17.9632418558
  0.1027000000	  0.1494895940	 18.3473671865
  0.1010000000	  0.1349608572	 18.2533963629
  0.0957000000	  0.1365850461	 17.8669776362
  0.0984000000	  0.1392368162	 17.9802537493
  0.1029000000	  0.1537823847	 18.4125001079
  0.0987000000	  0.1403933385	 18.1778460176
  0.1119000000	  0.1467424949	 18.2056647495
  0.0970000000	  0.1373047044	 17.5478934489
  0.1015000000	  0.1480809731	 18.3488387590
  0.1069000000	  0.1578279735	 18.5828562103
  0.1005000000	  0.1487776688	 18.0892324520
  0.0960000000	  0.1266686818	 18.1155328035
  0.0980000000	  0.1364681438	 17.9609331612
  0.1016000000	  0.1418136549	 17.9625402194
  0.1020000000	  0.1447617877	 18.1163908489
  0.0986000000	  0.1315220690	 18.0675326699
  0.0996000000	  0.1465802155	 18.4002259203
  0.1029000000	  0.1439770694	 18.4300958143
  0.1024000000	  0.1345875120	 17.5598954286
  0.0963000000	  0.1333631103	 18.0271858472
  0.0971000000	  0.1402746586	 18.3233779740
  0.1071000000	  0.1463118331	 18.7040995132
  0.1051000000	  0.1506485240	 19.1705550752
  0.0990000000	  0.1354240954	 17.8936881697
  0.1068000000	  0.1356749499	 17.9357694190
  0.0974000000	  0.1377822403	 18.1702398845
  0.0978000000	  0.1340371610	 18.2624769105
  0.0976000000	  0.1404668336	 17.6820119412
  0.1018000000	  0.1514139263	 18.0867856805
  0.1031000000	  0.1428927097	 18.5196734977
  0.0983000000	  0.1335921049	 17.9874497450
  0.0994000000	  0.1476830096	 17.8934998973
  0.1019000000	  0.1371580425	 18.2895173574
  0.1000000000	  0.1443405294	 18.1102712572
  0.1046000000	  0.1501877455	 18.4558862118
  0.0976000000	  0.1269609264	 18.7932925185
  0.1020000000	  0.1399590499	 18.4622695195
  0.0980000000	  0.1393658528	 18.6511589868
  0.0957000000	  0.1512869903	 18.0670790921
  0.1013000000	  0.1455462824	 18.1437588763
  0.0989000000	  0.1378885447	 17.4086884664
  0.0984000000	  0.1380611309	 18.0499053365
  0.0988000000	  0.1351122796	 18.2596357672
  0.0981000000	  0.1357476596	 18.0525347565
  0.0966000000	  0.1410569800	 19.0491358291
  0.1028000000	  0.1408812668	 18.5052135964
  0.1055000000	  0.1430915165	 18.2657651200
  0.1042000000	  0.1459265211	 18.5074948494
  0.0967000000	  0.1360630343	 18.0837573247
  0.0928000000	  0.1331347247	 17.6537085607
  0.0990000000	  0.1373607315	 18.0718311949
  0.1028000000	  0.1454630895	 18.0882140750
  0.0993000000	  0.1368606774	 18.1878963003
  0.1008000000	  0.1403638938	 18.3822724890
  0.0936000000	  0.1348943642	 18.0481639773
  0.0995000000	  0.1302144974	 18.0990721445
  0.1029000000	  0.1495897618	 18.6456549259
  0.0881000000	  0.1228397798	 17.6159349844
  0.1001000000	  0.1369984969	 18.2080623269
  0.0999000000	  0.1403468277	 19.2513000066
  0.0991000000	  0.1336033188	 17.9061165275
  0.0992000000	  0.1401608154	 17.8703217461
  0.0973000000	  0.1252534587	 18.0481802264
  0.0944000000	  0.1321204063	 17.4360142257
  0.0971000000	  0.1347734338	 18.3850465989
  0.1000000000	  0.1338551071	 18.1859413885
  0.1020000000	  0.1422302200	 18.1543409092
  0.1025000000	  0.1427573647	 17.2541199339
  0.1028000000	  0.1416036164	 18.3184517659
  0.1062000000	  0.1451866099	 18.8739367835
  0.0974000000	  0.1348360076	 17.7344164154
  0.0984000000	  0.1395561342	 18.3095993267
  0.0941000000	  0.1294294141	 17.7333839136
  0.1023000000	  0.1483505525	 18.4491832955
  0.0964000000	  0.1364581553	 17.4981319767
  0.1014000000	  0.1500820016	 18.5221513225
  0.0975000000	  0.1318701729	 18.1272440177
  0.1029000000	  0.1429737186	 18.6140266201
  0.0993000000	  0.1446640472	 17.8385944215
  0.0993000000	  0.1418594550	 17.9652483392
  0.1002000000	  0.1396816537	 17.5918902725
  0.0943000000	  0.1335899556	 18.3626516098
  0.0958000000	  0.1302513791	 18.0414820953
  0.0914000000	  0.1262274879	 18.0135462590
  0.1055000000	  0.1487182352	 18.6216440039
  0.0956000000	  0.1298741902	 18.0809918703
  0.1027000000	  0.1544130168	 18.1558248611
  0.1010000000	  0.1325060925	 18.4827981038
  0.1050000000	  0.1503872310	 18.7178429625
  0.0984000000	  0.1416502880	 18.4387763094
  0.0994000000	  0.1325511745	 17.8107206118
  0.0971000000	  0.1374980944	 18.5996537191
  0.1034000000	  0.1439993707	 18.0459088306
  0.1016000000	  0.1352446249	 17.9887106997
  0.1014000000	  0.1366657716	 18.2281166105
  0.1039000000	  0.1453681033	 17.8665985923
  0.0965000000	  0.1363571743	 18.1133739446
  0.0992000000	  0.1441419061	 17.5499717198
  0.1009000000	  0.1389690357	 18.3593398952
  0.0966000000	  0.1321893941	 17.9263641961
  0.1040000000	  0.1485543151	 18.1212060752
  0.0973000000	  0.1319535638	 18.0582100311
  0.1019000000	  0.1386933699	 18.4119779831
  0.0955000000	  0.1335550551	 17.8599904552
  0.1022000000	  0.1357686382	 17.9672582401
  0.0998000000	  0.1343871857	 18.2424909015
  0.1023000000	  0.1469877449	 18.3342129665
  0.1033000000	  0.1438160345	 17.7998784792
  0.0961000000	  0.1389424989	 18.2944374835
  0.1054000000	  0.1560161632	 17.8603882947
  0.1027000000	  0.1406205245	 18.5030311696
  0.1026000000	  0.1337021287	 18.3878742301
  0.1049000000	  0.1431190669	 18.1716884448
  0.0977000000	  0.1302520075	 18.8229655924
  0.0931000000	  0.1332587081	 18.6735264771
  0.0987000000	  0.1470265745	 18.5493385895
  0.1006000000	  0.1480831452	 18.3575173657
  0.1004000000	  0.1359493269	 17.7540185121
  0.1054000000	  0.1481322750	 18.3501699273
  0.0925000000	  0.1282901711	 17.8350339672
  0.1044000000	  0.1448123555	 18.3583915870
  0.1042000000	  0.1438409200	 17.9541003106
  0.0991000000	  0.1485643194	 18.2024576669
  0.0967000000	  0.1371522078	 17.3674221191
  0.0995000000	  0.1346382500	 18.1082781587
  0.0957000000	  0.1312055522	 17.7811218049
  0.0975000000	  0.1391304849	 17.8278963834
  0.0995000000	  0.1477090874	 17.9239738110
  0.1002000000	  0.1392372955	 18.1159080383
  0.0974000000	  0.1400930174	 18.0178622497
  0.1057000000	  0.1557541924	 18.2406250104
  0.1010000000	  0.1398178166	 17.6347467986
  0.1074000000	  0.1492092997	 18.7530882524
  0.1028000000	  0.1481333117	 18.3541237250
  0.0980000000	  0.1362402281	 17.9264706880
  0.1031000000	  0.1369641435	 18.4585192941
  0.0931000000	  0.1268590706	 17.6169764125
  0.1039000000	  0.1372919352	 18.2923594014
  0.1011000000	  0.1484279387	 17.9684645255
  0.1007000000	  0.1371990642	 18.0987162487
  0.1002000000	  0.1312587369	 18.4342950386
  0.0983000000	  0.1473448152	 18.1455569080
  0.1014000000	  0.1411598118	 18.2255416801
  0.0995000000	  0.1407986704	 18.2495646410
  0.0975000000	  0.1349636772	 17.8944963996
  0.0984000000	  0.1354125056	 18.3460187243
  0.0980000000	  0.1337168163	 18.3313273266
  0.1003000000	  0.1325798110	 18.2455189035
  0.0983000000	  0.1323722358	 17.8174528285
  0.0999000000	  0.1415324052	 18.0924187558
  0.1032000000	  0.1402305099	 19.0899830335
  0.0961000000	  0.1331442929	 18.2297590281
  0.1091000000	  0.1527984551	 18.5611864910
  0.0960000000	  0.1186953865	 17.9458579612
  0.1000000000	  0.1339782860	 18.4433322230
  0.1010000000	  0.1409938385	 18.4695633116
  0.0978000000	  0.1376234171	 17.5782739143
  0.0981000000	  0.1432129527	 17.8577737014
  0.1074000000	  0.1462058072	 18.4300457653
  0.0984000000	  0.1325681472	 18.0081385658
  0.0982000000	  0.1409963638	 17.8222961199
  0.0991000000	  0.1377141235	 18.7305252207
  0.0957000000	  0.1370514010	 17.9826992670
  0.1092000000	  0.1520900336	 18.0413225062
  0.0931000000	  0.1350910267	 18.1489891362
  0.1002000000	  0.1391508024	 18.3553158775
  0.1044000000	  0.1438360604	 18.2847341041
  0.1032000000	  0.1427962953	 17.8104472769
  0.0973000000	  0.1390459808	 17.7268143550
  0.0961000000	  0.1329447682	 17.8335657650
  0.1002000000	  0.1461246413	 19.0054432480
  0.0991000000	  0.1392280584	 18.3582102536
  0.1007000000	  0.1379505164	 17.4976310515
  0.1032000000	  0.1466957324	 18.2852579958
  0.0998000000	  0.1397434212	 17.8529009717
  0.1007000000	  0.1331760602	 17.8552737733
  0.1023000000	  0.1501578252	 18.2250561496
  0.0965000000	  0.1307636150	 17.7196083163
  0.0979000000	  0.1408221907	 18.3786757481
  0.0936000000	  0.1303490790	 18.3906805014
  0.1003000000	  0.1382962620	 18.3881084760
  0.1008000000	  0.1370688613	 18.0519613352
  0.1032000000	  0.1455183466	 17.9655475030
  0.0944000000	  0.1258350473	 17.8374576963
  0.0968000000	  0.1302845859	 18.3663183683
  0.1001000000	  0.1456655734	 18.6009722012
  0.1014000000	  0.1257667876	 18.1292242923
  0.0986000000	  0.1370598514	 17.9484756378
  0.0952000000	  0.1265655884	 18.6348452129
  0.1014000000	  0.1331280425	 17.9517458730
  0.1025000000	  0.1341631084	 18.2637317178
  0.0925000000	  0.1292961013	 18.2583723710
  0.1048000000	  0.1416142098	 18.5819930984
  0.0978000000	  0.1364961890	 17.9309490827
  0.1026000000	  0.1431954651	 18.1965130431
  0.1020000000	  0.1497069387	 18.2582171331
  0.1008000000	  0.1360218363	 17.9811781068
  0.0964000000	  0.1334516795	 17.8557272806
  0.1002000000	  0.1244271700	 18.1644956861
  0.1058000000	  0.1298828294	 18.4881268856
  0.0958000000	  0.1275699727	 18.1050429660
  0.0952000000	  0.1321025041	 18.0356783024
  0.1034000000	  0.1402814889	 18.2934569255
  0.0994000000	  0.1392516664	 18.0907331611
  0.1010000000	  0.1441249750	 17.8814839385
  0.0981000000	  0.1354433034	 17.6651778964
  0.1001000000	  0.1380823438	 18.4651573059
  0.1024000000	  0.1367053392	 18.2681773057
  0.0976000000	  0.1306225101	 18.1484651938
  0.1012000000	  0.1447151602	 18.1661464431
  0.1002000000	  0.1350788929	 18.2344124378
  0.0971000000	  0.1264685517	 18.2141879929
  0.0994000000	  0.1447203333	 17.9168189420
  0.1003000000	  0.1414798059	 18.2117147260
  0.1076000000	  0.1485262761	 18.8380774166
  0.1047000000	  0.1519487265	 18.6604091614
  0.1001000000	  0.1347526276	 18.1204095975
  0.1020000000	  0.1464649303	 18.3717970681
  0.1059000000	  0.1512164091	 18.6448220486
  0.1063000000	  0.1483482610	 17.9520250999
  0.1045000000	  0.1466381226	 18.3189766752
  0.1011000000	  0.1334067922	 17.8572614464
  0.1078000000	  0.1487617774	 18.7290073034
  0.0964000000	  0.1377966128	 18.0068735741
  0.0969000000	  0.1283962945	 18.0128254402
  0.1023000000	  0.1481819608	 17.8270988934
  0.1002000000	  0.1294752954	 18.2790224271
  0.0983000000	  0.1359115910	 18.3560658865
  0.0935000000	  0.1329949138	 18.0759879965
  0.0979000000	  0.1453408260	 18.4668941877
  0.1006000000	  0.1348219355	 17.8991257731
  0.1014000000	  0.1450980634	 18.9801898132
  0.0967000000	  0.1357110236	 18.0683682111
  0.0938000000	  0.1257044355	 17.5431404859
  0.1024000000	  0.1387507629	 18.0230114777
  0.0926000000	  0.1240262854	 17.3707301716
  0.0980000000	  0.1431119752	 18.4301728108
  0.1020000000	  0.1378269716	 18.9914462823
  0.1025000000	  0.1362378253	 18.5500570321
  0.0986000000	  0.1292298266	 18.3696336470
  0.1010000000	  0.1462850547	 18.3899347995
  0.1056000000	  0.1454739152	 18.8174382461
  0.1062000000	  0.1489847944	 18.5375772215
  0.1012000000	  0.1377565191	 18.0206134256
  0.1006000000	  0.1409744950	 17.9096924989
  0.0981000000	  0.1303801015	 18.3424683350
  0.1019000000	  0.1467482482	 18.8707608800
  0.1019000000	  0.1335725709	 17.6915443967
  0.0985000000	  0.1275980912	 18.3793821083
  0.1013000000	  0.1411802383	 18.8230917007
  0.0983000000	  0.1411955636	 18.5735104138
  0.1050000000	  0.1555711767	 18.7297452775
  0.0979000000	  0.1252260413	 18.1380568713
  0.0991000000	  0.1465385278	 18.6451626521
  0.0972000000	  0.1354796386	 18.5636455904
  0.1046000000	  0.1475843850	 18.4740317344
  0.1047000000	  0.1368226160	 18.2348725731
  0.0986000000	  0.1396491730	 18.1251667308
  0.0963000000	  0.1203069124	 17.9458382797
  0.1007000000	  0.1440525516	 18.0072615210
  0.0988000000	  0.1344919364	 17.7578509713
  0.0943000000	  0.1344992962	 18.5263187788
  0.0980000000	  0.1324388683	 18.1445229916
  0.0917000000	  0.1389136357	 17.5555512923
  0.0949000000	  0.1421655356	 18.9418545436
  0.1026000000	  0.1388561198	 18.1904101905
  0.0957000000	  0.1305027420	 18.1692503557
  0.0984000000	  0.1388485494	 17.6703423461
  0.1034000000	  0.1482141366	 18.0687080175
  0.1010000000	  0.1255806745	 18.0399183768
  0.1022000000	  0.1447084550	 17.6114206574
  0.1003000000	  0.1417640934	 18.2450436478
  0.1008000000	  0.1373462232	 17.8462748552
  0.1004000000	  0.1369013841	 18.7087132033
  0.1018000000	  0.1394890336	 18.5374668275
  0.0997000000	  0.1375755273	 18.4114809419
  0.0974000000	  0.1388419910	 17.8285148741
  0.0981000000	  0.1310912320	 17.9331547311
  0.0957000000	  0.1312819940	 17.8672915741
  0.1025000000	  0.1441450576	 18.3956381746
  0.0961000000	  0.1436944583	 17.7301044506
  0.0988000000	  0.1414028783	 18.0596396811
  0.1006000000	  0.1419402703	 18.6585551616
  0.0988000000	  0.1347426486	 17.9455491516
  0.1007000000	  0.1416706651	 18.4046721397
  0.0960000000	  0.1285221873	 18.2279975941
  0.0958000000	  0.1426430174	 17.9824932397
  0.1037000000	  0.1452169270	 18.2374390833
  0.0934000000	  0.1272180540	 17.6121640479
  0.0987000000	  0.1433086910	 17.6422208827
  0.1037000000	  0.1468194578	 18.7143715183
  0.0971000000	  0.1405518368	 18.1687258320
  0.0922000000	  0.1169831161	 17.6691664328
  0.0928000000	  0.1290647568	 17.6936355505
  0.0982000000	  0.1319020195	 17.5043599266
  0.0928000000	  0.1280827527	 17.6101218929
  0.0961000000	  0.1326491320	 18.4677594764
  0.0991000000	  0.1410966231	 18.0990884455
  0.1028000000	  0.1457093751	 18.3552730107
  0.0985000000	  0.1377725070	 18.2911184126
  0.0970000000	  0.1351983512	 17.7252004242
  0.1091000000	  0.1464467356	 18.3772898529
  0.1024000000	  0.1438645372	 17.8915202086
  0.0962000000	  0.1434384198	 17.3609634155
  0.0987000000	  0.1314782122	 18.0398212246
  0.1012000000	  0.1397763743	 18.5817402710
  0.1034000000	  0.1357963122	 18.4530120129
  0.1026000000	  0.1240410614	 18.3749989009
  0.1015000000	  0.1365147896	 18.6034000427
  0.0962000000	  0.1374350156	 18.1919028025
  0.1002000000	  0.1437017432	 17.7967901991
  0.1014000000	  0.1453013655	 18.7755944412
  0.1011000000	  0.1404751238	 18.4297088879
  0.0999000000	  0.1416808125	 18.6004013379
  0.1050000000	  0.1420072022	 18.4103642307
  0.0976000000	  0.1289289812	 17.5089837780
  0.0993000000	  0.1401163414	 18.0967699348
  0.0961000000	  0.1341552148	 18.0323861347
  0.0972000000	  0.1317877958	 18.7244816058
  0.1024000000	  0.1425422226	 17.8653647605
  0.0958000000	  0.1314873473	 18.6118871683
  0.1015000000	  0.1362038837	 17.5713826189
  0.0950000000	  0.1164317394	 18.2145303668
  0.0955000000	  0.1295177377	 18.1787949578
  0.1004000000	  0.1387338629	 17.7539255337
  0.0969000000	  0.1220938659	 18.5034706407
  0.1009000000	  0.1515495364	 18.2114821091
  0.1016000000	  0.1393007503	 18.1659900898
  0.1025000000	  0.1391532764	 17.5202672368
  0.0981000000	  0.1398319665	 18.0835926076
  0.1000000000	  0.1445766608	 17.8174590736
  0.1022000000	  0.1360031640	 18.4605471011
  0.0978000000	  0.1214912140	 17.5139328127
  0.0983000000	  0.1406821009	 18.3859857799
  0.1091000000	  0.1462324716	 18.2073838533
  0.1018000000	  0.1365131596	 18.2356747494
  0.0942000000	  0.1339865942	 17.9810149783
  0.0927000000	  0.1305572687	 17.8460096952
  0.0979000000	  0.1368967755	 17.5676203064
  0.1003000000	  0.1390631487	 18.8215673522
  0.0939000000	  0.1304677169	 18.8197287959
  0.1050000000	  0.1355527880	 18.0009961902
  0.0966000000	  0.1460260829	 18.2398525119
  0.1015000000	  0.1362172148	 18.0736674841
  0.1006000000	  0.1467079975	 18.2530185076
  0.0993000000	  0.1443963214	 18.0914600038
  0.0939000000	  0.1389059184	 17.9445060516
  0.1030000000	  0.1510215902	 18.2330636809
  0.0956000000	  0.1226446574	 18.1973853989
  0.1000000000	  0.1316646746	 18.0962195415
  0.0954000000	  0.1325683592	 17.3243433954
  0.1048000000	  0.1419125353	 17.9092221078
  0.1007000000	  0.1463802648	 18.0319853051
  0.1004000000	  0.1449905445	 18.1522724443
  0.0959000000	  0.1336998851	 18.5240149446
  0.1016000000	  0.1448983164	 17.8939326928
  0.0931000000	  0.1400235375	 18.6868690292
  0.1028000000	  0.1364041262	 18.2095459989
  0.0988000000	  0.1357674071	 17.5986552675
  0.1006000000	  0.1345137032	 18.1393297106
  0.1029000000	  0.1412856908	 18.1237169034
  0.0991000000	  0.1326698332	 17.9862432842
  0.1023000000	  0.1427891201	 18.4310297289
  0.1050000000	  0.1479592787	 18.5059895392
  0.1005000000	  0.1402884080	 17.9541352359
  0.1048000000	  0.1472910625	 17.7623392925
  0.1005000000	  0.1310720846	 17.7941423766
  0.1010000000	  0.1444911542	 17.3405777896
  0.1043000000	  0.1412961999	 18.1768645518
  0.1030000000	  0.1377261808	 18.4002921928
  0.1017000000	  0.1364677446	 18.0966836525
  0.0989000000	  0.1419485657	 18.3826964430
  0.0927000000	  0.1273935982	 18.0441444004
  0.0965000000	  0.1359479387	 18.3646786564
  0.0998000000	  0.1319792996	 18.2600807466
  0.1029000000	  0.1399269600	 18.5884393864
  0.1034000000	  0.1448960434	 18.5839121340
  0.1068000000	  0.1499579380	 18.1068993072
  0.1004000000	  0.1431064906	 18.2292611253
  0.1048000000	  0.1449773683	 18.3841533015
  0.0997000000	  0.1404506777	 18.0639150081
  0.1031000000	  0.1388921239	 18.6568127725
  0.0972000000	  0.1372785528	 18.3992369785
  0.0937000000	  0.1255108986	 17.9146836740
  0.0978000000	  0.1362552757	 18.4927948588
  0.1003000000	  0.1415535944	 17.5583787489
  0.0947000000	  0.1350297934	 18.6398370470
  0.1075000000	  0.1520642381	 18.6097603246
  0.1007000000	  0.1437777355	 18.7813717486
  0.1021000000	  0.1308519565	 18.0314344006
  0.1040000000	  0.1457482886	 18.3482027544
  0.1001000000	  0.1360120617	 18.5125502481
  0.1027000000	  0.1395424212	 18.5009784648
  0.1006000000	  0.1304488997	 18.3310035269
  0.0980000000	  0.1368190158	 17.9647863420
  0.1001000000	  0.1344228964	 18.1217986387
  0.1018000000	  0.1439950550	 18.1192268945
  0.1005000000	  0.1489210503	 18.2459855150
  0.0995000000	  0.1367498596	 17.6608909162
  0.1043000000	  0.1378403016	 18.1972557525
  0.0911000000	  0.1226711693	 17.8264930879
  0.0982000000	  0.1337994677	 18.1717556355
  0.0998000000	  0.1361391724	 17.9844584302
  0.1058000000	  0.1542037201	 18.2232852405
  0.0947000000	  0.1338932539	 17.5739247375
  0.0955000000	  0.1260036089	 17.9236671521
  0.0988000000	  0.1396476739	 18.1491056803
  0.0962000000	  0.1444720403	 18.8512419039
  0.0991000000	  0.1426649141	 17.8467900686
  0.1019000000	  0.1381694320	 18.4761679369
  0.1052000000	  0.1404201052	 18.0016608640
  0.1042000000	  0.1445351536	 18.7551078810
  0.1000000000	  0.1350322744	 17.4203205898
  0.0979000000	  0.1400116646	 18.1661027625
  0.1050000000	  0.1446898907	 17.9539667767
  0.1026000000	  0.1425005052	 18.2020312625
  0.1006000000	  0.1339425140	 18.0420233797
  0.0995000000	  0.1373490399	 17.5840973129
  0.0982000000	  0.1384938650	 18.3205654347
  0.1041000000	  0.1482925592	 18.4588907414
  0.1022000000	  0.1423174016	 18.5953975995
  0.1030000000	  0.1297177002	 18.2699126684
  0.0996000000	  0.1427550466	 18.7760279968
  0.0991000000	  0.1364755145	 18.4301369914
  0.1065000000	  0.1388360993	 18.4117679471
  0.0951000000	  0.1231002812	 17.9300588589
  0.0977000000	  0.1361915857	 17.7306167075
  0.1041000000	  0.1432905096	 17.5957757078
  0.0950000000	  0.1343638904	 17.2364964725
  0.1018000000	  0.1460429053	 18.5156273516
  0.1027000000	  0.1363771536	 17.6773031594
  0.1039000000	  0.1521879612	 18.4882405912
  0.0928000000	  0.1228295143	 18.0411581507
  0.0933000000	  0.1278895329	 17.9289541936
  0.1036000000	  0.1449093768	 18.7505897090
  0.1013000000	  0.1302669442	 17.9101448872
  0.1051000000	  0.1456158368	 18.2310209302
  0.0951000000	  0.1233861351	 17.8250633355
  0.1036000000	  0.1457035398	 18.3629889254
  0.1012000000	  0.1403630792	 18.3466643923
  0.0925000000	  0.1251681509	 18.0443443978
  0.1042000000	  0.1443464032	 17.8664092736
  0.1067000000	  0.1543615245	 18.3141388980
  0.1054000000	  0.1559202139	 18.2367088933
  0.0925000000	  0.1270440024	 17.7859688435
  0.0991000000	  0.1414148187	 18.2279891544
  0.0980000000	  0.1511470211	 18.3565775586
  0.0985000000	  0.1338647727	 18.0901100012
  0.1103000000	  0.1493235655	 18.7212342129
  0.1007000000	  0.1419747936	 18.4638306972
  0.0948000000	  0.1298530496	 18.2737226507
  0.0976000000	  0.1326149362	 18.0309951885
  0.0952000000	  0.1250659099	 18.2713061518
  0.0938000000	  0.1421574263	 18.4825192942
  0.0962000000	  0.1341785815	 18.2888810837
  0.1032000000	  0.1424605953	 18.3639948663
  0.0966000000	  0.1398845474	 18.5000556470
  0.1005000000	  0.1451439111	 18.0910500345
  0.0951000000	  0.1351691769	 18.2084235112
  0.0977000000	  0.1297237798	 18.2524917907
  0.0994000000	  0.1467476639	 18.1106901783
  0.1033000000	  0.1395731497	 18.2450673488
  0.0984000000	  0.1398579273	 18.1890521207
  0.0972000000	  0.1374412474	 18.0401021163
  0.0971000000	  0.1382087625	 18.6515648308
  0.1031000000	  0.1358843520	 17.8432962252
  0.0995000000	  0.1373943091	 17.9278420112
  0.0998000000	  0.1456112444	 18.4591575285
  0.1001000000	  0.1398594522	 18.3139008492
  0.0983000000	  0.1438800136	 17.7777711824
  0.1047000000	  0.1465849725	 17.9678502340
  0.0989000000	  0.1344545731	 18.6243350558
  0.0960000000	  0.1283829830	 17.6845275985
  0.0984000000	  0.1402318552	 18.2759441175
  0.0986000000	  0.1360440653	 18.2418903017
  0.0987000000	  0.1332427752	 18.1210937526
  0.1028000000	  0.1439373447	 17.9994401103
  0.0978000000	  0.1276272980	 18.7021646655
  0.1048000000	  0.1458879528	 17.7973162656
  0.0968000000	  0.1337058195	 18.8006650745
  0.1021000000	  0.1396278137	 17.9634358614
  0.0981000000	  0.1417083309	 18.1304292497
  0.0998000000	  0.1268842281	 18.2135268550
  0.0983000000	  0.1462923039	 17.6599848561
  0.0948000000	  0.1364631909	 17.8798546526
  0.1039000000	  0.1436934148	 18.9600327630
  0.0972000000	  0.1376932393	 18.2024067818
  0.1001000000	  0.1313261760	 18.0445877165
  0.1051000000	  0.1455715094	 18.7362886067
  0.1014000000	  0.1384499776	 18.5279669827
  0.0956000000	  0.1383696097	 17.6200081203
  0.1025000000	  0.1383566156	 18.5098630712
  0.0978000000	  0.1298934510	 17.9099984875
  0.0989000000	  0.1347140110	 18.4681946493
  0.0968000000	  0.1376890038	 18.4099994838
  0.0990000000	  0.1362504865	 18.5458097134
  0.0998000000	  0.1451576009	 17.7240130840
  0.0986000000	  0.1371719864	 18.3474665727
  0.1033000000	  0.1427664607	 18.3841509260
  0.1000000000	  0.1411605565	 18.5199974280
  0.1027000000	  0.1437790951	 18.4322421877
  0.1016000000	  0.1352126281	 17.7457624550
  0.0984000000	  0.1471184815	 17.7743195220
  0.0959000000	  0.1416504548	 17.8858158689
  0.0955000000	  0.1250072221	 17.4725589739
  0.0974000000	  0.1392486290	 18.0226877861
  0.1049000000	  0.1396629839	 17.7671651763
  0.0966000000	  0.1246097237	 18.1031855127
  0.0972000000	  0.1247225526	 18.6587551289
  0.0967000000	  0.1382634954	 17.8035279971
  0.0976000000	  0.1466475879	 18.0349065676
  0.0982000000	  0.1250098940	 18.1350068658
  0.1016000000	  0.1401260243	 18.3753701884
  0.0976000000	  0.1455770955	 17.9804751798
  0.0989000000	  0.1419299097	 18.1671665237
  0.0991000000	  0.1339311885	 18.1316388634
  0.1030000000	  0.1436685959	 18.3464195847
  0.0993000000	  0.1325265457	 17.7046359534
  0.0959000000	  0.1293128016	 18.6585449995
  0.0950000000	  0.1341928151	 18.2248428853
  0.0968000000	  0.1314521790	 17.6627531649
  0.0975000000	  0.1361625390	 18.0508004124
  0.1002000000	  0.1395316108	 18.1608412047
  0.0991000000	  0.1430513920	 18.4810460475
  0.0995000000	  0.1355138137	 18.0338170274
  0.0966000000	  0.1270779417	 18.1804346107
  0.0998000000	  0.1346431587	 18.4230671151
  0.1052000000	  0.1591750404	 18.6968818554
  0.0903000000	  0.1276759648	 17.9539781076
  0.1007000000	  0.1409586381	 18.0741506720
  0.0985000000	  0.1304652982	 18.3516581385
  0.0947000000	  0.1272377658	 17.5299602352
  0.0963000000	  0.1261448516	 17.4667063500
  0.1042000000	  0.1380511984	 17.9318986053
  0.0998000000	  0.1310774255	 18.1577702409
  0.0982000000	  0.1355845217	 18.3569307315
  0.1036000000	  0.1508494157	 18.1484466493
  0.1008000000	  0.1435126974	 18.3519333897
  0.0981000000	  0.1292213814	 18.1266746461
  0.0976000000	  0.1296681751	 17.7381628254
  0.1002000000	  0.1420358927	 18.2558697279
  0.1012000000	  0.1384899217	 17.6157585283
  0.0986000000	  0.1334435111	 17.8879167119
  0.1018000000	  0.1342817082	 18.1326110851
  0.0986000000	  0.1401541693	 18.1208850354
  0.0956000000	  0.1293654071	 17.6990739051
  0.1012000000	  0.1368182995	 17.6741683731
  0.0993000000	  0.1356260290	 18.6300759275
  0.0970000000	  0.1342044834	 17.7127657517
  0.1008000000	  0.1376865066	 17.9833468604
  0.1061000000	  0.1536740262	 18.7679159336
  0.1017000000	  0.1391852832	 18.6888753387
  0.1015000000	  0.1382090920	 18.0384202988
  0.0963000000	  0.1343779126	 18.1484709188
  0.1003000000	  0.1413658249	 18.6154520239
  0.0974000000	  0.1309668724	 17.9464812354
  0.1006000000	  0.1423306195	 18.7660477701
  0.0996000000	  0.1395985565	 18.7248065618
  0.0987000000	  0.1374733040	 18.0882817160
  0.0967000000	  0.1299732273	 18.2554397393
  0.1031000000	  0.1477719156	 18.4413923963
  0.1047000000	  0.1511606306	 18.6777886890
  0.1051000000	  0.1521227510	 18.6571922439
  0.1035000000	  0.1524563734	 18.3379218770
  0.0970000000	  0.1429531669	 18.4165820029
  0.0998000000	  0.1324040575	 18.4281159697
  0.0941000000	  0.1367205111	 17.6978598516
  0.0950000000	  0.1292042431	 18.0799673700
  0.0982000000	  0.1309039061	 17.8706836250
  0.0989000000	  0.1376944167	 18.3131754470
  0.1049000000	  0.1515818310	 17.7731674221
  0.1056000000	  0.1465769120	 18.1062924318
  0.0935000000	  0.1299812088	 18.1965828997
  0.0962000000	  0.1387563424	 18.0045245041
  0.1030000000	  0.1484771814	 18.1559829584
  0.0974000000	  0.1325930333	 17.6901386170
  0.1006000000	  0.1333482789	 18.3065577225
  0.1008000000	  0.1388184257	 18.3129061203
  0.1020000000	  0.1480301328	 18.5271409630
  0.1011000000	  0.1339681968	 18.0302347710
  0.1044000000	  0.1488988127	 18.5901664453
  0.1007000000	  0.1339718825	 18.4615308878
  0.0960000000	  0.1278540165	 18.1990661361
  0.0929000000	  0.1334761274	 18.2766978246
  0.0942000000	  0.1324525243	 17.7998435253
  0.0947000000	  0.1296980822	 17.7009189609
  0.0968000000	  0.1440879140	 17.6931756203
  0.1025000000	  0.1476178465	 18.0585684565
  0.0997000000	  0.1286128509	 17.9680558694
  0.1024000000	  0.1324189293	 17.3819239822
  0.1057000000	  0.1479286663	 18.3380820776
  0.1061000000	  0.1460567397	 18.3003786024
  0.0988000000	  0.1415285954	 18.9461090566
  0.0988000000	  0.1383152453	 18.1238981512
  0.0962000000	  0.1332026934	 18.4965475964
  0.0975000000	  0.1406350086	 17.9112094455
  0.0964000000	  0.1478210659	 18.3685745508
  0.0983000000	  0.1448592728	 18.0031073771
  0.1047000000	  0.1423337773	 18.6995616567
  0.1058000000	  0.1417165033	 18.3166685636
  0.1007000000	  0.1456164769	 18.0360817698
  0.0972000000	  0.1287375342	 18.0385205981
  0.1049000000	  0.1480744197	 18.3071420571
  0.0974000000	  0.1323289151	 18.2452432219
  0.1042000000	  0.1503342942	 17.9866467245
  0.1073000000	  0.1541301489	 17.9017165219
  0.1051000000	  0.1317827470	 18.2623791891
  0.1008000000	  0.1410468085	 18.4315978953
  0.0927000000	  0.1240201453	 18.0937618001
  0.0926000000	  0.1299976968	 17.7266053961
  0.1024000000	  0.1437426598	 18.4857737257
  0.0951000000	  0.1306019454	 18.0903571159
  0.0970000000	  0.1417933123	 17.9389107247
  0.0970000000	  0.1346056226	 18.1393344318
  0.1005000000	  0.1417823064	 18.1725630597
  0.0949000000	  0.1430800007	 18.3766726453
  0.0972000000	  0.1450951281	 18.6561678272
  0.1018000000	  0.1449581210	 18.6040573308
  0.1014000000	  0.1435140247	 17.9126556937
  0.0997000000	  0.1382652114	 18.3238042675
  0.0989000000	  0.1311301288	 18.1506734343
  0.1031000000	  0.1374792244	 18.3044706575
  0.0992000000	  0.1322592967	 18.1346818808
  0.1013000000	  0.1333288129	 18.9389711534
  0.0986000000	  0.1420381032	 17.7650316339
  0.0989000000	  0.1363201411	 17.8087761910
  0.0959000000	  0.1409109342	 18.1210260523
  0.0995000000	  0.1296337647	 18.6116824785
  0.1004000000	  0.1331817352	 18.7566359299
  0.1065000000	  0.1474722965	 18.1728237276
  0.1012000000	  0.1406438216	 19.0316635537
  0.1047000000	  0.1513702798	 18.2719619149
  0.0973000000	  0.1297496129	 18.2079723803
  0.1039000000	  0.1346732573	 17.9688339658
  0.0988000000	  0.1306800770	 18.0362398987
  0.1014000000	  0.1334874005	 17.9106784639
  0.1010000000	  0.1318890725	 18.0139022995
  0.0953000000	  0.1419102377	 17.9891023437
  0.1077000000	  0.1487649366	 18.3065579509
  0.1016000000	  0.1478156809	 18.1785036720
