  0.0983000000	  0.1395018541	 18.1973921708
  0.1006000000	  0.1421472779	 18.1510088511
  0.0992000000	  0.1379850257	 18.1958820576
  0.0975000000	  0.1374711969	 18.2498576597
  0.0959000000	  0.1379194351	 18.1312828014
  0.1026000000	  0.1366430677	 18.2225226069
  0.0987000000	  0.1357145532	 18.2852341788
  0.1012000000	  0.1336634018	 18.2216739553
  0.0990000000	  0.1361625776	 18.1066235824
  0.0992000000	  0.1334095208	 18.2437962574
  0.1013000000	  0.1433617992	 18.2038304407
  0.1004000000	  0.1395969257	 18.1870759147
  0.0977000000	  0.1370006701	 18.1167294541
  0.0972000000	  0.1358605398	 18.2519596079
  0.0979000000	  0.1409164153	 18.2014097711
  0.1007000000	  0.1395177483	 18.2291709462
  0.0991000000	  0.1435299491	 18.1759689864
  0.0969000000	  0.1411309201	 18.1757115101
  0.0989000000	  0.1418855301	 18.1160171324
  0.1024000000	  0.1362087667	 18.2681327500
  0.0984000000	  0.1337202992	 18.2434389849
  0.1017000000	  0.1381094545	 18.2811810731
  0.0997000000	  0.1361820407	 18.2057673332
  0.0997000000	  0.1416697518	 18.1820818131
  0.0993000000	  0.1367374220	 18.1656082284
  0.0987000000	  0.1433325235	 18.1486028459
  0.1013000000	  0.1333817949	 18.2899941398
  0.1013000000	  0.1415075690	 18.2287742122
  0.1000000000	  0.1416204293	 18.1598419468
  0.0991000000	  0.1363832484	 18.2473887812
  0.1035000000	  0.1378056058	 18.1524961950
  0.1004000000	  0.1420028409	 18.1167663975
  0.0972000000	  0.1397061208	 18.1836185163
  0.0998000000	  0.1427787127	 18.1896810700
  0.1009000000	  0.1401247017	 18.1837343105
  0.1014000000	  0.1371389392	 18.2189367339
  0.0982000000	  0.1325869281	 18.2293049443
  0.1009000000	  0.1385186503	 18.2117495601
  0.1013000000	  0.1398604986	 18.1278689714
  0.0987000000	  0.1370743224	 18.1993787549
  0.1026000000	  0.1448545918	 18.1218675965
  0.0957000000	  0.1290431889	 18.2776475200
  0.0988000000	  0.1318928772	 18.3267197243
  0.1009000000	  0.1362973017	 18.1392243454
  0.1014000000	  0.1418734075	 18.1548670324
  0.0989000000	  0.1326037969	 18.2994612167
  0.0994000000	  0.1341504202	 18.2184537866
  0.0985000000	  0.1359675728	 18.2706400376
  0.1011000000	  0.1413042797	 18.1717327109
  0.1004000000	  0.1420368175	 18.1530709262
  0.0969000000	  0.1386304304	 18.2089134747
  0.1019000000	  0.1341067120	 18.3087449323
  0.1024000000	  0.1400040404	 18.1908784429
  0.0971000000	  0.1399990694	 18.1580406781
  0.0998000000	  0.1366964943	 18.2322637312
  0.1020000000	  0.1388456381	 18.1900034740
  0.1016000000	  0.1442586259	 18.2008891029
  0.1006000000	  0.1494294966	 18.1452984584
  0.1028000000	  0.1445083660	 18.1177929157
  0.1003000000	  0.1351073419	 18.3027318757
  0.1002000000	  0.1364718186	 18.2231065222
  0.0996000000	  0.1336637116	 18.2220293132
  0.0954000000	  0.1301786866	 18.2902074773
  0.1017000000	  0.1351710795	 18.2577624572
  0.0999000000	  0.1414811598	 18.1077467209
  0.1040000000	  0.1409612697	 18.1722808584
  0.0968000000	  0.1361739143	 18.2447030555
  0.0997000000	  0.1370412278	 18.2156390018
  0.1007000000	  0.1457526244	 18.1458873881
  0.1009000000	  0.1367140639	 18.2252289223
  0.1003000000	  0.1409028257	 18.1194492228
  0.0998000000	  0.1341182738	 18.2302566931
  0.0979000000	  0.1343077428	 18.2209759188
  0.0992000000	  0.1398382562	 18.2028624891
  0.0989000000	  0.1358655894	 18.2654090263
  0.1029000000	  0.1417739479	 18.1934943983
  0.1003000000	  0.1392106035	 18.2076172630
  0.1041000000	  0.1398719158	 18.1312373980
  0.1014000000	  0.1380285417	 18.1882933935
  0.0972000000	  0.1372458315	 18.1192119208
  0.0977000000	  0.1376237165	 18.1934289250
  0.1013000000	  0.1409158272	 18.2014230629
  0.1003000000	  0.1379304543	 18.2520592132
  0.1025000000	  0.1396197148	 18.2001711390
  0.1003000000	  0.1408356257	 18.1652449485
  0.1017000000	  0.1410860938	 18.2503535616
  0.0970000000	  0.1341158754	 18.2118109668
  0.1018000000	  0.1480076182	 18.0758030994
  0.1035000000	  0.1429941296	 18.1381042429
  0.0974000000	  0.1422313332	 18.1661085359
  0.0997000000	  0.1394738510	 18.2151461113
  0.1020000000	  0.1355502510	 18.2559620303
  0.0970000000	  0.1406517084	 18.1738104258
  0.0988000000	  0.1335425644	 18.2670655060
  0.1015000000	  0.1453739670	 18.1076588296
  0.1020000000	  0.1364523565	 18.2329372421
  0.1001000000	  0.1432330267	 18.1608391089
  0.1006000000	  0.1413507028	 18.2106563374
  0.1011000000	  0.1396203630	 18.1636324389
  0.0995000000	  0.1349918737	 18.2585794678
  0.0970000000	  0.1440455066	 18.1041218792
  0.0999000000	  0.1328996038	 18.2044166744
  0.0969000000	  0.1372389683	 18.2001524287
  0.0982000000	  0.1429924796	 18.1351963471
  0.0993000000	  0.1386547315	 18.1360290372
  0.1000000000	  0.1386515874	 18.2252138544
  0.0977000000	  0.1339918362	 18.2006896483
  0.0997000000	  0.1413623637	 18.1616208736
  0.0971000000	  0.1385289075	 18.1508173585
  0.1003000000	  0.1370574723	 18.2197144573
  0.0992000000	  0.1421017098	 18.1506944227
  0.1041000000	  0.1383152480	 18.1172820381
  0.0962000000	  0.1365735393	 18.1740576211
  0.1012000000	  0.1375438285	 18.2027036335
  0.0979000000	  0.1369725875	 18.1986623004
  0.1012000000	  0.1434075190	 18.1234093345
  0.0993000000	  0.1364754595	 18.1756797894
  0.1017000000	  0.1380416231	 18.2988065622
  0.1025000000	  0.1384287453	 18.2319108876
  0.0991000000	  0.1338793695	 18.2393786528
  0.0997000000	  0.1372055868	 18.2081146794
  0.1017000000	  0.1442874736	 18.1051660033
  0.0993000000	  0.1342764133	 18.2977717038
  0.0998000000	  0.1340731076	 18.2197009656
  0.0989000000	  0.1389317416	 18.1611714590
  0.0965000000	  0.1376513434	 18.1729971112
  0.1001000000	  0.1405033167	 18.1779225869
  0.1011000000	  0.1377813264	 18.2548328258
  0.1003000000	  0.1416643703	 18.1343112143
  0.1042000000	  0.1423193461	 18.1963147762
  0.0998000000	  0.1404873060	 18.1406253119
  0.0980000000	  0.1407668814	 18.1973334223
  0.1001000000	  0.1387628740	 18.2367797331
  0.1018000000	  0.1464539637	 18.1709566697
  0.0986000000	  0.1373519330	 18.1847239697
  0.1016000000	  0.1434870530	 18.0693999104
  0.0983000000	  0.1367953896	 18.1729448915
  0.0983000000	  0.1382970689	 18.2081492747
  0.0999000000	  0.1386403872	 18.1953731527
  0.0983000000	  0.1361999393	 18.1884328390
  0.0984000000	  0.1391115977	 18.2494792328
  0.1015000000	  0.1450708794	 18.1767141481
  0.0982000000	  0.1409871258	 18.1825227684
  0.0992000000	  0.1356766273	 18.1924591181
  0.0991000000	  0.1445101453	 18.1122397600
  0.0999000000	  0.1382995126	 18.2545604699
  0.0976000000	  0.1380826826	 18.1784649491
  0.1013000000	  0.1421243033	 18.0430669026
  0.0995000000	  0.1388479163	 18.1496845823
  0.0998000000	  0.1411704236	 18.1209825899
  0.0995000000	  0.1368699643	 18.2136344219
  0.1002000000	  0.1431452490	 18.0826586228
  0.1028000000	  0.1360032374	 18.2006393695
  0.0987000000	  0.1406647524	 18.1703114990
  0.1003000000	  0.1416799797	 18.1245134193
  0.0999000000	  0.1428765459	 18.2270266497
  0.1008000000	  0.1349909946	 18.1311518117
  0.0997000000	  0.1374792282	 18.2155045581
  0.1013000000	  0.1423967017	 18.1233949167
  0.0996000000	  0.1396992371	 18.1838956160
  0.0978000000	  0.1357144384	 18.2051486994
  0.0993000000	  0.1397368322	 18.1227381965
  0.0995000000	  0.1379108720	 18.2622594587
  0.1015000000	  0.1415328301	 18.1692596599
  0.1007000000	  0.1390964034	 18.1833612457
  0.1008000000	  0.1429000673	 18.1526487994
  0.0976000000	  0.1371901719	 18.1466549198
  0.0981000000	  0.1402090079	 18.0806724374
  0.0969000000	  0.1386784596	 18.2081261437
  0.0993000000	  0.1430594468	 18.0814354180
  0.1000000000	  0.1419256687	 18.1092547888
  0.0985000000	  0.1347472164	 18.2400221918
  0.0991000000	  0.1364782705	 18.2018591806
  0.1031000000	  0.1434613707	 18.0953019259
  0.1015000000	  0.1478518369	 18.1146872821
  0.1010000000	  0.1446450918	 18.2099166358
  0.0969000000	  0.1342002072	 18.1890867248
  0.1011000000	  0.1368381411	 18.2142088562
  0.0992000000	  0.1408517487	 18.1730181340
  0.0999000000	  0.1408724792	 18.1683891911
  0.0995000000	  0.1413720230	 18.1514450018
  0.0984000000	  0.1350490671	 18.2081191681
  0.0979000000	  0.1310484685	 18.2595501475
  0.1021000000	  0.1437753905	 18.2046315320
  0.1024000000	  0.1368508528	 18.1622863924
  0.0985000000	  0.1415934454	 18.1483693589
  0.0970000000	  0.1334025588	 18.2107098299
  0.0998000000	  0.1364841482	 18.2336803831
  0.0995000000	  0.1364295374	 18.2203328896
  0.1004000000	  0.1381600811	 18.1590511454
  0.1004000000	  0.1397029353	 18.0877093858
  0.1001000000	  0.1383909830	 18.2335472510
  0.0984000000	  0.1384514460	 18.2171496144
  0.0984000000	  0.1421400030	 18.2030047468
  0.1028000000	  0.1436891478	 18.2596375130
  0.1004000000	  0.1429436168	 18.1913200616
  0.1008000000	  0.1428880368	 18.2107426737
  0.1009000000	  0.1365007340	 18.0841366435
  0.1015000000	  0.1404777145	 18.1263606227
  0.0986000000	  0.1390704837	 18.1777070998
  0.1022000000	  0.1416639751	 18.0637497458
  0.1007000000	  0.1392639147	 18.0951403806
  0.1001000000	  0.1389055879	 18.1285040935
  0.0975000000	  0.1367543460	 18.0770668765
  0.1041000000	  0.1423212558	 18.1866467620
  0.1027000000	  0.1384329424	 18.2476458414
  0.0968000000	  0.1356638986	 18.2062673921
  0.1012000000	  0.1375351711	 18.2454448279
  0.0984000000	  0.1360906486	 18.1565665930
  0.1010000000	  0.1406680769	 18.1875919102
  0.0966000000	  0.1366793624	 18.1685394875
  0.1025000000	  0.1355007197	 18.2146107912
  0.0985000000	  0.1360784165	 18.2191955626
  0.0977000000	  0.1369720774	 18.2146356790
  0.1012000000	  0.1416900133	 18.0885339173
  0.0959000000	  0.1344647371	 18.0772969238
  0.0980000000	  0.1311338529	 18.2844297261
  0.0977000000	  0.1401953036	 18.1111060368
  0.0990000000	  0.1389996106	 18.1406258852
  0.1009000000	  0.1357979546	 18.2987689768
  0.1013000000	  0.1393568715	 18.1459131080
  0.1015000000	  0.1433248995	 18.0895867117
  0.1009000000	  0.1366080764	 18.2260696143
  0.0996000000	  0.1352698471	 18.2670695201
  0.1015000000	  0.1367118477	 18.2662304335
  0.0981000000	  0.1365019735	 18.1606433839
  0.1003000000	  0.1412914842	 18.1974292810
  0.1019000000	  0.1395567502	 18.1285774954
  0.0986000000	  0.1383530067	 18.1946084440
  0.0979000000	  0.1395517813	 18.1757140873
  0.1012000000	  0.1353600694	 18.2109680482
  0.1013000000	  0.1406945839	 18.0958894296
  0.0996000000	  0.1390071502	 18.1659120973
  0.0998000000	  0.1334115789	 18.3005975236
  0.0969000000	  0.1391246425	 18.2356469291
  0.1003000000	  0.1427879567	 18.1240680279
  0.1018000000	  0.1382809768	 18.2230364005
  0.0972000000	  0.1318030377	 18.2956673410
  0.1010000000	  0.1390069283	 18.2052902791
  0.1026000000	  0.1432632490	 18.1081804087
  0.0987000000	  0.1360178423	 18.1941719194
  0.1027000000	  0.1399846992	 18.1203986752
  0.1019000000	  0.1407034294	 18.1642674887
  0.0998000000	  0.1450372130	 18.1031933172
  0.1003000000	  0.1398530066	 18.1303243068
  0.1019000000	  0.1362996588	 18.1194901250
  0.0981000000	  0.1385383635	 18.1717519358
  0.0993000000	  0.1361544356	 18.2607405376
  0.0961000000	  0.1320569061	 18.2653633350
  0.1000000000	  0.1382781141	 18.1527259042
  0.0985000000	  0.1390131041	 18.2171092970
  0.0996000000	  0.1371393653	 18.1677135012
  0.0982000000	  0.1386583145	 18.1797314882
  0.0990000000	  0.1336993013	 18.2225173817
  0.1021000000	  0.1419183270	 18.2143029670
  0.1015000000	  0.1388547920	 18.1770418242
  0.0972000000	  0.1395505827	 18.1968430656
  0.1011000000	  0.1387569624	 18.2238435544
  0.0976000000	  0.1312884460	 18.2787486612
  0.0976000000	  0.1366699653	 18.1584014659
  0.0997000000	  0.1396909809	 18.2151967487
  0.1014000000	  0.1458930177	 18.1359367237
  0.1015000000	  0.1411271273	 18.1289047210
  0.0980000000	  0.1350621524	 18.1746138126
  0.0974000000	  0.1396022758	 18.3090942578
  0.1018000000	  0.1417568087	 18.1229287628
  0.1015000000	  0.1422895492	 18.1657078532
  0.0984000000	  0.1349131354	 18.2328743993
  0.0994000000	  0.1299950999	 18.2317262898
  0.0987000000	  0.1414109998	 18.2514483323
  0.0973000000	  0.1405378125	 18.1227948791
  0.1013000000	  0.1384285672	 18.2384506124
  0.1012000000	  0.1427576406	 18.1287069327
  0.0989000000	  0.1386895957	 18.2679760183
  0.0981000000	  0.1379326896	 18.0823377946
  0.1021000000	  0.1393186085	 18.2107694072
  0.0988000000	  0.1352066492	 18.2284078954
  0.1014000000	  0.1333594416	 18.1827289142
  0.0997000000	  0.1376937583	 18.1467126028
  0.0960000000	  0.1419469226	 18.0878874837
  0.1037000000	  0.1411364020	 18.2341387157
  0.0975000000	  0.1405696886	 18.1282920021
  0.1017000000	  0.1311310586	 18.2421452273
  0.1010000000	  0.1344484248	 18.2922342772
  0.1029000000	  0.1443030754	 18.1525621641
  0.0968000000	  0.1353389120	 18.2526427156
  0.1006000000	  0.1409981458	 18.1873540454
  0.0965000000	  0.1362825002	 18.2290060929
  0.0977000000	  0.1355867741	 18.2302521105
  0.0984000000	  0.1383638998	 18.2148838278
  0.0986000000	  0.1341223858	 18.1901902436
  0.0969000000	  0.1383287479	 18.2000606663
  0.1012000000	  0.1392792163	 18.1573318275
  0.0969000000	  0.1313400184	 18.2769382577
  0.0994000000	  0.1399299773	 18.2306740281
  0.0996000000	  0.1402866584	 18.2095711319
  0.0980000000	  0.1401095085	 18.2565984764
  0.1020000000	  0.1373021768	 18.2244044542
  0.1016000000	  0.1399216382	 18.1364964918
  0.0984000000	  0.1370636048	 18.2365949522
  0.0990000000	  0.1435424161	 18.1223145426
  0.1051000000	  0.1446299385	 18.1076014778
  0.0998000000	  0.1382843704	 18.1971991959
  0.0975000000	  0.1363066972	 18.1630210358
  0.1017000000	  0.1404217147	 18.1857451371
  0.1003000000	  0.1400300516	 18.1002076941
  0.1028000000	  0.1440687462	 18.0999754318
  0.0998000000	  0.1435086829	 18.0804191696
  0.0992000000	  0.1345511549	 18.1973846555
  0.1013000000	  0.1336206813	 18.2344585044
  0.1018000000	  0.1401486949	 18.1717066348
  0.0974000000	  0.1300546364	 18.2588472385
  0.1011000000	  0.1434075705	 18.1814105728
  0.1026000000	  0.1440813941	 18.1262327230
  0.1001000000	  0.1416985359	 18.1562774980
  0.0990000000	  0.1354720520	 18.1702237528
  0.1039000000	  0.1456756824	 18.0853723439
  0.0967000000	  0.1349540698	 18.1977270654
  0.1013000000	  0.1368031556	 18.2285662756
  0.0997000000	  0.1400304200	 18.1419611757
  0.1008000000	  0.1413769627	 18.0809155881
  0.1016000000	  0.1402261904	 18.0879601515
  0.0993000000	  0.1400927713	 18.1601007660
  0.0992000000	  0.1418580939	 18.1689157610
  0.1013000000	  0.1372160103	 18.2313992486
  0.0990000000	  0.1385072973	 18.1674486310
  0.0987000000	  0.1407663996	 18.2255780912
  0.0977000000	  0.1386365168	 18.1710447358
  0.0987000000	  0.1357613884	 18.2575459106
  0.0972000000	  0.1318023534	 18.3055307822
  0.1031000000	  0.1377233859	 18.1706891091
  0.0995000000	  0.1368469227	 18.2031979060
  0.0974000000	  0.1391642646	 18.1492981025
  0.0996000000	  0.1435225648	 18.1892561097
  0.0998000000	  0.1387295017	 18.1084092804
  0.1034000000	  0.1459528147	 18.1753469970
  0.1001000000	  0.1433180790	 18.1652815378
  0.1005000000	  0.1322413396	 18.2626735776
  0.0993000000	  0.1408550296	 18.1345449215
  0.0984000000	  0.1388833654	 18.2210488363
  0.0973000000	  0.1367928609	 18.1538156622
  0.1028000000	  0.1367233311	 18.2600777632
  0.0999000000	  0.1420476267	 18.1658266918
  0.1003000000	  0.1365171381	 18.2252071304
  0.0962000000	  0.1353451675	 18.3140804575
  0.1000000000	  0.1409160962	 18.0958847333
  0.1006000000	  0.1382530765	 18.2215269191
  0.0979000000	  0.1372261172	 18.2949596232
  0.1019000000	  0.1374514699	 18.1700653096
  0.1024000000	  0.1340464927	 18.2136090633
  0.0957000000	  0.1439045744	 18.0629849111
  0.1022000000	  0.1412885346	 18.1697061636
  0.1005000000	  0.1358435190	 18.2365400819
  0.1012000000	  0.1385321666	 18.1077231748
  0.1034000000	  0.1435976844	 18.1594594616
  0.0999000000	  0.1413790599	 18.1629145804
  0.0992000000	  0.1367365768	 18.2141696967
  0.1016000000	  0.1375567759	 18.1978670479
  0.1013000000	  0.1374986948	 18.1231294453
  0.1003000000	  0.1370954350	 18.2394852304
  0.0983000000	  0.1390203217	 18.1828378481
  0.0996000000	  0.1345691487	 18.2004520639
  0.0988000000	  0.1405356260	 18.1648264889
  0.1003000000	  0.1364192154	 18.2700486755
  0.0972000000	  0.1362304268	 18.2171343995
  0.1011000000	  0.1371698219	 18.1844536184
  0.1044000000	  0.1386704124	 18.2088952568
  0.0979000000	  0.1397257501	 18.1201039903
  0.0992000000	  0.1351342254	 18.1623624681
  0.1007000000	  0.1393507223	 18.1628344971
  0.1047000000	  0.1398404474	 18.1942056717
  0.1013000000	  0.1392683843	 18.2671650345
  0.1009000000	  0.1386647061	 18.1863720753
  0.0998000000	  0.1398889882	 18.1474230973
  0.0962000000	  0.1333971219	 18.2446603713
  0.1024000000	  0.1409938452	 18.1924858589
  0.1013000000	  0.1439992199	 18.0491394031
  0.0990000000	  0.1321679517	 18.0610066280
  0.0983000000	  0.1389217801	 18.2322409075
  0.1017000000	  0.1370626343	 18.1694114493
  0.0982000000	  0.1392967181	 18.1722626243
  0.1000000000	  0.1370543795	 18.1517572002
  0.0991000000	  0.1375957869	 18.0905728961
  0.1032000000	  0.1395416034	 18.2661595578
  0.0968000000	  0.1362693112	 18.1679096630
  0.1036000000	  0.1400350601	 18.1279816126
  0.0992000000	  0.1380359147	 18.1930415468
  0.0993000000	  0.1362375333	 18.2559475056
  0.1018000000	  0.1414530390	 18.1556412536
  0.1006000000	  0.1406288862	 18.2260978748
  0.0972000000	  0.1368873284	 18.2252831535
  0.0996000000	  0.1333864423	 18.2179132281
  0.1014000000	  0.1394152928	 18.2028100413
  0.1008000000	  0.1451046555	 18.0521288887
  0.1005000000	  0.1418906588	 18.1169648267
  0.1026000000	  0.1412337361	 18.2216293867
  0.1017000000	  0.1449534721	 18.2315170214
  0.1023000000	  0.1396886574	 18.1529244497
  0.0975000000	  0.1419204180	 18.0728867916
  0.0983000000	  0.1402616591	 18.1615486855
  0.1005000000	  0.1384766285	 18.1653760422
  0.0968000000	  0.1325157464	 18.2277018624
  0.1019000000	  0.1388336920	 18.1060121422
  0.1025000000	  0.1359884343	 18.2508066557
  0.1011000000	  0.1410960440	 18.1608729069
  0.1027000000	  0.1386797935	 18.2180788899
  0.0989000000	  0.1361725990	 18.1963181619
  0.0996000000	  0.1377436073	 18.2930077829
  0.1003000000	  0.1435309086	 18.1618166028
  0.0998000000	  0.1385730103	 18.1604811793
  0.1003000000	  0.1384192366	 18.1812640839
  0.0992000000	  0.1353442100	 18.1811691323
  0.1018000000	  0.1384525917	 18.1714388190
  0.1017000000	  0.1408850502	 18.2541419868
  0.0981000000	  0.1388099665	 18.2145654837
  0.1014000000	  0.1335875097	 18.3169622053
  0.0999000000	  0.1393170854	 18.1794186838
  0.0993000000	  0.1358797108	 18.2051788713
  0.1006000000	  0.1377107548	 18.1312411336
  0.0987000000	  0.1349485073	 18.1976585410
  0.1024000000	  0.1422874381	 18.1256659545
  0.1006000000	  0.1331002988	 18.2448351291
  0.0976000000	  0.1384821234	 18.2299993825
  0.1002000000	  0.1403491239	 18.2073448425
  0.1005000000	  0.1341362431	 18.1969220883
  0.0995000000	  0.1413446172	 18.1245959885
  0.1019000000	  0.1374963345	 18.1501178634
  0.1009000000	  0.1382681072	 18.1724897936
  0.0981000000	  0.1360950441	 18.1555381190
  0.0971000000	  0.1328826254	 18.2712652033
  0.0998000000	  0.1316588915	 18.2141946383
  0.1015000000	  0.1384131107	 18.1745904522
  0.1005000000	  0.1377632692	 18.2538388225
  0.0982000000	  0.1376524838	 18.1320006392
  0.1000000000	  0.1372087061	 18.0962144672
  0.1035000000	  0.1411400576	 18.0930687632
  0.1013000000	  0.1381395659	 18.1917642373
  0.0990000000	  0.1343819019	 18.1966770885
  0.1034000000	  0.1393174852	 18.1997796675
  0.1013000000	  0.1333151538	 18.2698144783
  0.0996000000	  0.1362363074	 18.2657990386
  0.1008000000	  0.1391351846	 18.0973990443
  0.0987000000	  0.1403669976	 18.1468778069
  0.1010000000	  0.1376942834	 18.1972539794
  0.1021000000	  0.1435092071	 18.1307078696
  0.0999000000	  0.1372397450	 18.2162365974
  0.0993000000	  0.1377333707	 18.2049201213
  0.0981000000	  0.1422059345	 18.0752169938
  0.1003000000	  0.1383841801	 18.1898217920
  0.1026000000	  0.1435698969	 18.0272834597
  0.1030000000	  0.1420027482	 18.1413020449
  0.1005000000	  0.1409352916	 18.1191160899
  0.0994000000	  0.1441551913	 18.1173128553
  0.0994000000	  0.1363949899	 18.2228736164
  0.0994000000	  0.1440540761	 18.1435029512
  0.1002000000	  0.1423079008	 18.0878536329
  0.1014000000	  0.1391948698	 18.2402916320
  0.1006000000	  0.1352412101	 18.2805197208
  0.1019000000	  0.1440257994	 18.1390052043
  0.1020000000	  0.1388691499	 18.1315520781
  0.0999000000	  0.1348363280	 18.2481718980
  0.0991000000	  0.1402235929	 18.1483712095
  0.1004000000	  0.1397997770	 18.1659818227
  0.1036000000	  0.1341996625	 18.2544453673
  0.0991000000	  0.1337498483	 18.1972431901
  0.0997000000	  0.1376924941	 18.2312223625
  0.0969000000	  0.1413649125	 18.1555794800
  0.1007000000	  0.1395782213	 18.1054944353
  0.0984000000	  0.1457244506	 18.1937090820
  0.0980000000	  0.1370908503	 18.1602442044
  0.0982000000	  0.1403086361	 18.0815683012
  0.1006000000	  0.1375876625	 18.2091170987
  0.1033000000	  0.1395892202	 18.2461289854
  0.1001000000	  0.1407442553	 18.1022673344
  0.0991000000	  0.1395072850	 18.1919538726
  0.0995000000	  0.1342555137	 18.2329646890
  0.1007000000	  0.1366166081	 18.1695131670
  0.1008000000	  0.1426847635	 18.1500451413
  0.0981000000	  0.1387325864	 18.1725748408
  0.1031000000	  0.1380906785	 18.2760267813
  0.1029000000	  0.1386172078	 18.2193445436
  0.1010000000	  0.1413412800	 18.1878578163
  0.0987000000	  0.1405201605	 18.1405338630
  0.1007000000	  0.1356167988	 18.2443829546
  0.0979000000	  0.1399102112	 18.1500913221
  0.1042000000	  0.1417309836	 18.1402496545
  0.1013000000	  0.1354097925	 18.2795340276
  0.1021000000	  0.1406884577	 18.1514479560
  0.1039000000	  0.1412666939	 18.1972324657
  0.1013000000	  0.1440094206	 18.1574583911
  0.0969000000	  0.1409214676	 18.1276903147
  0.1042000000	  0.1345920590	 18.2234335840
  0.0999000000	  0.1453534647	 18.0585894149
  0.1006000000	  0.1358164677	 18.1434191999
  0.1006000000	  0.1377920530	 18.1929305609
  0.1015000000	  0.1362499100	 18.1917527856
  0.1030000000	  0.1434316461	 18.2686993342
  0.1020000000	  0.1380557655	 18.2145008026
  0.0978000000	  0.1337644227	 18.1951129763
  0.0986000000	  0.1365276056	 18.2261121946
  0.0968000000	  0.1372795062	 18.2155058980
  0.0992000000	  0.1408998357	 18.0856699623
  0.0977000000	  0.1389785424	 18.2434894343
  0.1000000000	  0.1380210440	 18.2375927948
  0.0998000000	  0.1394815466	 18.1160967786
  0.0987000000	  0.1384655762	 18.1264759423
  0.1002000000	  0.1372505309	 18.2660767109
  0.0995000000	  0.1436720539	 17.9768841578
  0.1033000000	  0.1418906713	 18.1471332483
  0.0978000000	  0.1364794470	 18.2735641131
  0.1023000000	  0.1429374546	 18.0959057045
  0.1002000000	  0.1356219571	 18.2214553702
  0.0976000000	  0.1389131910	 18.1983278143
  0.1011000000	  0.1402599778	 18.2149346235
  0.1023000000	  0.1408930386	 18.1826273323
  0.1029000000	  0.1409185071	 18.1840842967
  0.1034000000	  0.1447891036	 18.1462694442
  0.1008000000	  0.1411277218	 18.1061760804
  0.0958000000	  0.1314943317	 18.3364254816
  0.1036000000	  0.1432868100	 18.2048417237
  0.0987000000	  0.1383448157	 18.1831939396
  0.0951000000	  0.1356281520	 18.1580146642
  0.0968000000	  0.1349248272	 18.2802505570
  0.0977000000	  0.1383189817	 18.2218695030
  0.0979000000	  0.1343763847	 18.2535280461
  0.0998000000	  0.1332656091	 18.2421758797
  0.1003000000	  0.1422071502	 18.1124979990
  0.1000000000	  0.1405257220	 18.1671117295
  0.1014000000	  0.1439016333	 18.1853798756
  0.1003000000	  0.1364877242	 18.2353334281
  0.1015000000	  0.1388794766	 18.2014841869
  0.0984000000	  0.1368434503	 18.1537071087
  0.0999000000	  0.1369453551	 18.2174870566
  0.0979000000	  0.1403864150	 18.2387506620
  0.1029000000	  0.1392976400	 18.1192046131
  0.1027000000	  0.1422481678	 18.1467564038
  0.0985000000	  0.1353177540	 18.2764050156
  0.0982000000	  0.1368622829	 18.2150779960
  0.1020000000	  0.1416043592	 18.1042389322
  0.0986000000	  0.1355745318	 18.2432529988
  0.1011000000	  0.1368367849	 18.2488070153
  0.1029000000	  0.1429177599	 18.1315276569
  0.0988000000	  0.1378635239	 18.1669384399
  0.0940000000	  0.1336668817	 18.2092296381
  0.0977000000	  0.1361354769	 18.2685815227
  0.0989000000	  0.1331313931	 18.1913301141
  0.1036000000	  0.1397646001	 18.1916731649
  0.1012000000	  0.1376022964	 18.2083462012
  0.0992000000	  0.1405006724	 18.2441137382
  0.1007000000	  0.1371121697	 18.2317883644
  0.0981000000	  0.1391185868	 18.1935945661
  0.0983000000	  0.1357803486	 18.1918227252
  0.1028000000	  0.1395250085	 18.2397833916
  0.1004000000	  0.1382093158	 18.2393840984
  0.0999000000	  0.1421907783	 18.1904890159
  0.0981000000	  0.1364039343	 18.1766029574
  0.0945000000	  0.1374700503	 18.1966808620
  0.1014000000	  0.1416973880	 18.2044035215
  0.0960000000	  0.1345085892	 18.2313392730
  0.0965000000	  0.1348104172	 18.2045051133
  0.1014000000	  0.1401786810	 18.1620925001
  0.1012000000	  0.1411705934	 18.2035601976
  0.0982000000	  0.1414796871	 18.1705293596
  0.0991000000	  0.1456735809	 18.0851491154
  0.1007000000	  0.1403710858	 18.2328445238
  0.0972000000	  0.1384768969	 18.1156343715
  0.0981000000	  0.1379118781	 18.1454902295
  0.1000000000	  0.1333167959	 18.1845539269
  0.1014000000	  0.1375482118	 18.1822449624
  0.0995000000	  0.1406403414	 18.1609049271
  0.0983000000	  0.1345955741	 18.2029673399
  0.0999000000	  0.1419097494	 18.1172754770
  0.1002000000	  0.1433942951	 18.1526563205
  0.1003000000	  0.1400999019	 18.2064194882
  0.1002000000	  0.1364059698	 18.2872213604
  0.1000000000	  0.1417223236	 18.1420265721
  0.1009000000	  0.1441194784	 18.0543392466
  0.0998000000	  0.1415206803	 18.1840542940
  0.0978000000	  0.1377169386	 18.2120408269
  0.0999000000	  0.1411551772	 18.1322387965
  0.1002000000	  0.1401203361	 18.1552425788
  0.1013000000	  0.1407951676	 18.1857049048
  0.1003000000	  0.1407958560	 18.0965246746
  0.1021000000	  0.1406577740	 18.1858308685
  0.0986000000	  0.1372947392	 18.2330167671
  0.0987000000	  0.1380770956	 18.1629180527
  0.1024000000	  0.1415964274	 18.1645597340
  0.0962000000	  0.1361324197	 18.1712611839
  0.1006000000	  0.1322073242	 18.2906506868
  0.1021000000	  0.1410474306	 18.2774198943
  0.1005000000	  0.1369075182	 18.1281375530
  0.1009000000	  0.1421090564	 18.1345451021
  0.1007000000	  0.1340526059	 18.2575756851
  0.1029000000	  0.1408665354	 18.1948864885
  0.0993000000	  0.1410323064	 18.1461997391
  0.1008000000	  0.1358539195	 18.2227640672
  0.1015000000	  0.1364737676	 18.1991843344
  0.1000000000	  0.1380499619	 18.1476764310
  0.0987000000	  0.1327668101	 18.2547142909
  0.1001000000	  0.1397207949	 18.0676078118
  0.1000000000	  0.1477689517	 18.1410131845
  0.1002000000	  0.1408948450	 18.1524158198
  0.0998000000	  0.1362897476	 18.2549271127
  0.1009000000	  0.1378858535	 18.1740917352
  0.0981000000	  0.1326200516	 18.2078825106
  0.1010000000	  0.1396899023	 18.1815980317
  0.0978000000	  0.1394375826	 18.2083727769
  0.0977000000	  0.1363192384	 18.2136421297
  0.0987000000	  0.1391898281	 18.1864670361
  0.1029000000	  0.1478439775	 18.1081985225
  0.0985000000	  0.1382516425	 18.1926053553
  0.0991000000	  0.1375682727	 18.2562477021
  0.0990000000	  0.1384447454	 18.2444169147
  0.1006000000	  0.1359717500	 18.2048298689
  0.0981000000	  0.1397213621	 18.1796550644
  0.1031000000	  0.1423957105	 18.2295900629
  0.0998000000	  0.1396624416	 18.1412434664
  0.0984000000	  0.1356879225	 18.2816686467
  0.0961000000	  0.1352837270	 18.2563414654
  0.1008000000	  0.1429818182	 18.0692851584
  0.1024000000	  0.1393655543	 18.1956268382
  0.1039000000	  0.1468440477	 18.0834744562
  0.1021000000	  0.1431576624	 18.1456002536
  0.0948000000	  0.1403633257	 18.0968750412
  0.0998000000	  0.1412730981	 18.0955095926
  0.1014000000	  0.1375147067	 18.1284554690
  0.1018000000	  0.1433569970	 18.2149972612
  0.1002000000	  0.1381015101	 18.1930662311
  0.0993000000	  0.1353435626	 18.2172474132
  0.0978000000	  0.1401004509	 18.1409072327
  0.0978000000	  0.1381711279	 18.1407735941
  0.1027000000	  0.1443328170	 18.2045658773
  0.0988000000	  0.1371156316	 18.1351076172
  0.1023000000	  0.1420669656	 18.1940080310
  0.1014000000	  0.1377210076	 18.1938269160
  0.1003000000	  0.1344026289	 18.2737993894
  0.0959000000	  0.1349003620	 18.2246528058
  0.0986000000	  0.1423260843	 18.1636237619
  0.0992000000	  0.1427976763	 18.2022871699
  0.0999000000	  0.1333880993	 18.1739659650
  0.0997000000	  0.1425451323	 18.0963457537
  0.0986000000	  0.1356400811	 18.2187138140
  0.1015000000	  0.1419541091	 18.1415327712
  0.1003000000	  0.1397675685	 18.1524841138
  0.1002000000	  0.1428740355	 18.1012403624
  0.1025000000	  0.1395505457	 18.1604466935
  0.1017000000	  0.1381337377	 18.2264129043
  0.1016000000	  0.1435048092	 18.1456645064
  0.0987000000	  0.1331707799	 18.3208851332
  0.0988000000	  0.1395849475	 18.1542126747
  0.1003000000	  0.1417027092	 18.1326564732
  0.0986000000	  0.1397820362	 18.1402625702
  0.0987000000	  0.1404331682	 18.1845379381
  0.0973000000	  0.1374983546	 18.0500871759
  0.1003000000	  0.1364498346	 18.1401861025
  0.0972000000	  0.1378142681	 18.2391247507
  0.1046000000	  0.1434645213	 18.1112716111
  0.1013000000	  0.1417238598	 18.1402713363
  0.0994000000	  0.1415080667	 18.1713295053
  0.1012000000	  0.1413024709	 18.1265115621
  0.0984000000	  0.1361213390	 18.1523766639
  0.0988000000	  0.1356249742	 18.2500140023
  0.0996000000	  0.1334837746	 18.2066066575
  0.1003000000	  0.1404764009	 18.1170976020
  0.1021000000	  0.1418073740	 18.1080379193
  0.1003000000	  0.1429556943	 18.1778493329
  0.1002000000	  0.1430018273	 18.1623702081
  0.1025000000	  0.1422121101	 18.1437644773
  0.1007000000	  0.1432223130	 18.1473169884
  0.1023000000	  0.1440686367	 18.0783840210
  0.1016000000	  0.1408535545	 18.2232266645
  0.1013000000	  0.1366369706	 18.1408408424
  0.0970000000	  0.1345415731	 18.1958338429
  0.0979000000	  0.1352649101	 18.2629015780
  0.1028000000	  0.1432951733	 18.1160701791
  0.0999000000	  0.1402691479	 18.2243525874
  0.1017000000	  0.1429818846	 18.1223224696
  0.1006000000	  0.1432423050	 18.1235820469
  0.1036000000	  0.1387162678	 18.2075744437
  0.1016000000	  0.1457223292	 18.0801964789
  0.1008000000	  0.1447615994	 18.1661726081
  0.0990000000	  0.1370070784	 18.2849811538
  0.0977000000	  0.1365109941	 18.1857144454
  0.1006000000	  0.1398598061	 18.1984075792
  0.0994000000	  0.1376777723	 18.2272183620
  0.1030000000	  0.1355458039	 18.1942858260
  0.0977000000	  0.1353057991	 18.2641327835
  0.1027000000	  0.1387809459	 18.1907060579
  0.1002000000	  0.1405686003	 18.1924237483
  0.1014000000	  0.1420199614	 18.1863549097
  0.1002000000	  0.1408427286	 18.1791786750
  0.1023000000	  0.1403668198	 18.1663214057
  0.0984000000	  0.1375851776	 18.2422866426
  0.1032000000	  0.1443093402	 18.1692718774
  0.0987000000	  0.1396981429	 18.1611305313
  0.0955000000	  0.1408873296	 18.1216952580
  0.1020000000	  0.1395256318	 18.1366799177
  0.0977000000	  0.1398534400	 18.1336558242
  0.1016000000	  0.1391564771	 18.1325899629
  0.1027000000	  0.1430300000	 18.2338231989
  0.0988000000	  0.1424197823	 18.1766453940
  0.1036000000	  0.1385449898	 18.2423702276
  0.1023000000	  0.1379412459	 18.2475292241
  0.0994000000	  0.1361103228	 18.2804446568
  0.1012000000	  0.1419527359	 18.1158824012
  0.1001000000	  0.1379965233	 18.2143740326
  0.0956000000	  0.1408086725	 18.1225003686
  0.0982000000	  0.1420867220	 18.1828045141
  0.0970000000	  0.1357158532	 18.2534405499
  0.1031000000	  0.1444172436	 18.1080806849
  0.1016000000	  0.1430429365	 18.0903844442
  0.0986000000	  0.1376663121	 18.1841517778
  0.0986000000	  0.1396599505	 18.1736372518
  0.0996000000	  0.1400279521	 18.1018026828
  0.1024000000	  0.1431741257	 18.1093694605
  0.0998000000	  0.1443780762	 18.1287037293
  0.0971000000	  0.1353747440	 18.2394791987
  0.0974000000	  0.1348981231	 18.2490203926
  0.0975000000	  0.1368195200	 18.2221336928
  0.0966000000	  0.1369437521	 18.2156540437
  0.0980000000	  0.1369042816	 18.1704064101
  0.0977000000	  0.1377782540	 18.2089545259
  0.0988000000	  0.1423205489	 18.1409092051
  0.0954000000	  0.1412093726	 18.1297870841
  0.1012000000	  0.1416509624	 18.0835499144
  0.1000000000	  0.1383332723	 18.1522437880
  0.1000000000	  0.1391739276	 18.0355898874
  0.1032000000	  0.1436293744	 18.1537109709
  0.1033000000	  0.1432280748	 17.9887609518
  0.1029000000	  0.1407702016	 18.1544151192
  0.1003000000	  0.1351741192	 18.2510432779
  0.0967000000	  0.1353114424	 18.1348089729
  0.1018000000	  0.1361072713	 18.2358841931
  0.1005000000	  0.1397920722	 18.1749031148
  0.0994000000	  0.1378038717	 18.2089751566
  0.1007000000	  0.1382331239	 18.2408156403
  0.0995000000	  0.1375046114	 18.1645645854
  0.0983000000	  0.1388458785	 18.1610171055
  0.0990000000	  0.1376548138	 18.2274166456
  0.0971000000	  0.1311278381	 18.2236337922
  0.0990000000	  0.1386019938	 18.1485072058
  0.1011000000	  0.1394356843	 18.1513481875
  0.1005000000	  0.1392339347	 18.1272880447
  0.0994000000	  0.1401409259	 18.1668063221
  0.1016000000	  0.1369719026	 18.2659050669
  0.1001000000	  0.1420356673	 18.1146625870
  0.0996000000	  0.1410676894	 18.2135129358
  0.1031000000	  0.1416330561	 18.1921842853
  0.1000000000	  0.1389929873	 18.2124606360
  0.0988000000	  0.1382076199	 18.2128490975
  0.0993000000	  0.1370575274	 18.2165920691
  0.1001000000	  0.1392422475	 18.1475042039
  0.1029000000	  0.1384100547	 18.1574243451
  0.0979000000	  0.1341493633	 18.2323847285
  0.1010000000	  0.1394741453	 18.1145306075
  0.0982000000	  0.1342961248	 18.2472779833
  0.1030000000	  0.1389883546	 18.1469767769
  0.0977000000	  0.1374140310	 18.1385362234
  0.0980000000	  0.1410556370	 18.2112088486
  0.1006000000	  0.1405869185	 18.2166239158
  0.0989000000	  0.1365951240	 18.1867126220
  0.1005000000	  0.1379551797	 18.1666554638
  0.1021000000	  0.1444141227	 18.0598027845
  0.0974000000	  0.1347040224	 18.3078018254
  0.0990000000	  0.1359602253	 18.2046889262
  0.0991000000	  0.1392104765	 18.1506650066
  0.1025000000	  0.1411749020	 18.1841359056
  0.1009000000	  0.1391333095	 18.2250070783
  0.0991000000	  0.1389259605	 18.1806788090
  0.1000000000	  0.1428116803	 18.1870937876
  0.1007000000	  0.1401327589	 18.1654673800
  0.1029000000	  0.1411897131	 18.1518845616
  0.0987000000	  0.1345547124	 18.2344202034
  0.1010000000	  0.1395747639	 18.1949106090
  0.0986000000	  0.1321156928	 18.2065782483
  0.0991000000	  0.1385308480	 18.2777726256
  0.1011000000	  0.1412256052	 18.1526187085
  0.0983000000	  0.1404679797	 18.1970946210
  0.1036000000	  0.1409815290	 18.1998654662
  0.1001000000	  0.1419632382	 18.2111345160
  0.1027000000	  0.1416557127	 18.1083274883
  0.0993000000	  0.1412962615	 18.1352790000
  0.0994000000	  0.1358178879	 18.2096616927
  0.1019000000	  0.1404387597	 18.1633176354
  0.0987000000	  0.1396316373	 18.1484897263
  0.1004000000	  0.1370310479	 18.2334199219
  0.0946000000	  0.1350887756	 18.2389062216
  0.1000000000	  0.1367263131	 18.1614542966
  0.1011000000	  0.1379883761	 18.1765991665
  0.1003000000	  0.1403660027	 18.2675619513
  0.1007000000	  0.1390992804	 18.1681584461
  0.1024000000	  0.1428486636	 18.1102954594
  0.0992000000	  0.1364974028	 18.2492606688
  0.0992000000	  0.1308767877	 18.2162295156
  0.1003000000	  0.1396341124	 18.1466176448
  0.0972000000	  0.1346672284	 18.1540967467
  0.1024000000	  0.1431359019	 18.1398921600
  0.0972000000	  0.1298118056	 18.2276271830
  0.1010000000	  0.1372187901	 18.2275183548
  0.0981000000	  0.1418172971	 18.1338256959
  0.0986000000	  0.1406724332	 18.1803604726
  0.0990000000	  0.1386837588	 18.2214051721
  0.0994000000	  0.1361060832	 18.2622263953
  0.1009000000	  0.1385704620	 18.1652423301
  0.1008000000	  0.1378119953	 18.2283458333
  0.0990000000	  0.1379659781	 18.1867403723
  0.1048000000	  0.1410548942	 18.1814322138
  0.1003000000	  0.1391961533	 18.1301444438
  0.0986000000	  0.1345425352	 18.2075569089
  0.1031000000	  0.1418346536	 18.0891482682
  0.1009000000	  0.1418192713	 18.1231970632
  0.0984000000	  0.1346205167	 18.2350113064
  0.1003000000	  0.1377650570	 18.1889427832
  0.1000000000	  0.1417171110	 18.0930979917
  0.1012000000	  0.1399660554	 18.1530573105
  0.1014000000	  0.1392770216	 18.1720340445
  0.1022000000	  0.1405207117	 18.1975774539
  0.0998000000	  0.1370309984	 18.1875811269
  0.0961000000	  0.1338613050	 18.2155347592
  0.1030000000	  0.1405650818	 18.1765499566
  0.1022000000	  0.1423244928	 18.1897703700
  0.0999000000	  0.1378887552	 18.1571956404
  0.1018000000	  0.1425904499	 18.0648944400
  0.0980000000	  0.1392255712	 18.1173043985
  0.1006000000	  0.1383446049	 18.1716356427
  0.1019000000	  0.1410052220	 18.1580733004
  0.1005000000	  0.1373278755	 18.2361687862
  0.0991000000	  0.1347749308	 18.2600872971
  0.0999000000	  0.1364365836	 18.2260847659
  0.0981000000	  0.1327549664	 18.2966145760
  0.0981000000	  0.1425863765	 18.1012570613
  0.0946000000	  0.1340573285	 18.1767193524
  0.0988000000	  0.1427575097	 18.1350017613
  0.1017000000	  0.1396385643	 18.1399966136
  0.1022000000	  0.1415157431	 18.1501529853
  0.0993000000	  0.1383608623	 18.1842977707
  0.0993000000	  0.1399529192	 18.1908772672
  0.1022000000	  0.1420901953	 18.1354671869
  0.1009000000	  0.1436427616	 18.1393955096
  0.0992000000	  0.1394460778	 18.2037014863
  0.0959000000	  0.1406687486	 18.1294708736
  0.1011000000	  0.1370888494	 18.2173153088
  0.1026000000	  0.1361117739	 18.2059143914
  0.0997000000	  0.1307684428	 18.2324876717
  0.1006000000	  0.1434819766	 18.1861910362
  0.0997000000	  0.1380856253	 18.1326105815
  0.1028000000	  0.1362494194	 18.1865699436
  0.0981000000	  0.1387170197	 18.1041864990
  0.0994000000	  0.1404603161	 18.2669535217
  0.0987000000	  0.1346678431	 18.2370907685
  0.0988000000	  0.1381336821	 18.2594829699
  0.0997000000	  0.1363514889	 18.1933764344
  0.0986000000	  0.1343084623	 18.2187076778
  0.1002000000	  0.1323799761	 18.2581423548
  0.0998000000	  0.1440894171	 18.1006847658
  0.0985000000	  0.1400367892	 18.0291910762
  0.0981000000	  0.1340154696	 18.1870124867
  0.1013000000	  0.1424072531	 18.0878218786
  0.1001000000	  0.1308953467	 18.2636115612
  0.0997000000	  0.1370302170	 18.2301089352
  0.1001000000	  0.1383015247	 18.1578273153
  0.1013000000	  0.1370397703	 18.2359197812
  0.0979000000	  0.1349085562	 18.3741564223
  0.0978000000	  0.1365897578	 18.2157622974
  0.0980000000	  0.1395813181	 18.1583628834
  0.0965000000	  0.1313357065	 18.2215448497
  0.1007000000	  0.1435161171	 18.1326731184
  0.0985000000	  0.1328837594	 18.2315101096
  0.0987000000	  0.1392228045	 18.1611859583
  0.1019000000	  0.1384934540	 18.1944005475
  0.1015000000	  0.1392850992	 18.2725675542
  0.1014000000	  0.1398215043	 18.2169880255
  0.0985000000	  0.1414760345	 18.2073650470
  0.0976000000	  0.1399502824	 18.0754588650
  0.0968000000	  0.1381913159	 18.2125178554
  0.0993000000	  0.1397399381	 18.1413671191
  0.0969000000	  0.1393464028	 18.2009978144
  0.0960000000	  0.1346867099	 18.2520448128
  0.0991000000	  0.1403100253	 18.1413816657
  0.0952000000	  0.1319382308	 18.2908723948
  0.1024000000	  0.1419413943	 18.1209868406
  0.1006000000	  0.1375711102	 18.2612703585
  0.1029000000	  0.1441170416	 18.1438316393
  0.1016000000	  0.1388004940	 18.1560802866
  0.1012000000	  0.1410153182	 18.1946465215
  0.0998000000	  0.1401866515	 18.2036769549
  0.0949000000	  0.1345598392	 18.2276165607
  0.0983000000	  0.1358688779	 18.2028980531
  0.0974000000	  0.1409907272	 18.1793450576
  0.1022000000	  0.1386690736	 18.1868313606
  0.1022000000	  0.1365221695	 18.2682403456
  0.0993000000	  0.1341126177	 18.1987292578
  0.0977000000	  0.1361196946	 18.1441977786
  0.1002000000	  0.1433515173	 18.1104314258
  0.1007000000	  0.1359366324	 18.2054712795
  0.1008000000	  0.1396143210	 18.1842539210
  0.1010000000	  0.1418505528	 18.0581760878
  0.1010000000	  0.1389022341	 18.1927713806
  0.1061000000	  0.1456147050	 18.1181561130
  0.0985000000	  0.1381499419	 18.2400462048
  0.0997000000	  0.1331004538	 18.2108538306
  0.0979000000	  0.1394721868	 18.1239350507
  0.0966000000	  0.1347045911	 18.1935887324
  0.1009000000	  0.1398272380	 18.2041642910
  0.0999000000	  0.1374237950	 18.1943858191
  0.0984000000	  0.1363193460	 18.2212815541
  0.0995000000	  0.1360145968	 18.2158672833
  0.1003000000	  0.1423745150	 18.1717573595
  0.0989000000	  0.1401596123	 18.1847245347
  0.0995000000	  0.1393210778	 18.1264628391
  0.0994000000	  0.1394488256	 18.2182237723
  0.0992000000	  0.1380462675	 18.2252029775
  0.0978000000	  0.1371588590	 18.2189155580
  0.0984000000	  0.1406334641	 18.1494960382
  0.1009000000	  0.1359986970	 18.2075428006
  0.0958000000	  0.1385963871	 18.3420643279
  0.0980000000	  0.1391711345	 18.1116009799
  0.1002000000	  0.1396483875	 18.2021331779
  0.1019000000	  0.1398417131	 18.1925213919
  0.0970000000	  0.1439360175	 18.0678431724
  0.1011000000	  0.1403053650	 18.1210849119
  0.0988000000	  0.1367583872	 18.2122079231
  0.0962000000	  0.1370225701	 18.2272617968
  0.0995000000	  0.1401668492	 18.1985564415
  0.1008000000	  0.1386677311	 18.1704240735
  0.0998000000	  0.1398182063	 18.1459267177
  0.1011000000	  0.1410916219	 18.2121927991
  0.1015000000	  0.1377014727	 18.1947524304
  0.1010000000	  0.1387484353	 18.1918614815
  0.0987000000	  0.1410696416	 18.1545767468
  0.0974000000	  0.1378798133	 18.1626460366
  0.0998000000	  0.1381072653	 18.1793848186
  0.0999000000	  0.1362423183	 18.2144394991
  0.0990000000	  0.1372886957	 18.1681886109
  0.0965000000	  0.1312656653	 18.1962803973
  0.0991000000	  0.1442032798	 18.0162557468
  0.0978000000	  0.1333815473	 18.3012035979
  0.0978000000	  0.1371483332	 18.1801347687
  0.0993000000	  0.1372194523	 18.1964264531
  0.0985000000	  0.1428965210	 18.1116291306
  0.1020000000	  0.1432860018	 18.1470254909
  0.0998000000	  0.1438175902	 18.0870190632
  0.0998000000	  0.1377965070	 18.1378371859
  0.1004000000	  0.1373601894	 18.2318330314
  0.1006000000	  0.1388825854	 18.1863211047
  0.1008000000	  0.1349323809	 18.2120446963
  0.1010000000	  0.1415452116	 18.1824528109
  0.1031000000	  0.1361369220	 18.2081249811
  0.1004000000	  0.1397839859	 18.2046219231
  0.0999000000	  0.1415080179	 18.1534033449
  0.0997000000	  0.1409820372	 18.1196111045
  0.0996000000	  0.1391723394	 18.2387244210
  0.1017000000	  0.1380973412	 18.1892351582
  0.0992000000	  0.1385691397	 18.1535014821
  0.1015000000	  0.1388388336	 18.2573011922
  0.1029000000	  0.1376970275	 18.2108148044
  0.0969000000	  0.1373970142	 18.1859261602
  0.0990000000	  0.1397662259	 18.1989880722
  0.1019000000	  0.1364531686	 18.2331011818
  0.1017000000	  0.1410867778	 18.1906135256
  0.1011000000	  0.1443423739	 18.1139612240
  0.0992000000	  0.1385996540	 18.2466055838
  0.0999000000	  0.1372236941	 18.2791882337
  0.0979000000	  0.1360230540	 18.2089346106
  0.0988000000	  0.1357084716	 18.1850280719
  0.0989000000	  0.1391349989	 18.1486724845
  0.0992000000	  0.1428605708	 18.1237462255
  0.1004000000	  0.1423009922	 18.1975478271
  0.0999000000	  0.1398484796	 18.1983414098
  0.0992000000	  0.1387708246	 18.2218541106
  0.0978000000	  0.1374786840	 18.2164396610
  0.0982000000	  0.1408895437	 18.1035579915
  0.0982000000	  0.1365468738	 18.2277277616
  0.1002000000	  0.1389237681	 18.1429811472
  0.0998000000	  0.1417840359	 18.0597935861
  0.0949000000	  0.1388530659	 18.1397759100
  0.0977000000	  0.1363856094	 18.2297827575
  0.1006000000	  0.1434215127	 18.1315505247
  0.0982000000	  0.1365386332	 18.1746014756
  0.0980000000	  0.1400446536	 18.1417427918
  0.0989000000	  0.1380256899	 18.1887947271
  0.0993000000	  0.1378942085	 18.2143715031
  0.0993000000	  0.1358781214	 18.2488309775
  0.0995000000	  0.1453122697	 18.0903474524
  0.0983000000	  0.1356129369	 18.2215844082
  0.1007000000	  0.1386164823	 18.2767362295
  0.0989000000	  0.1358235596	 18.1400966822
  0.1044000000	  0.1439875853	 18.2045831031
  0.1012000000	  0.1353866842	 18.1943961144
  0.0995000000	  0.1365124916	 18.1933410382
  0.1003000000	  0.1393692142	 18.1257403039
  0.0989000000	  0.1311872737	 18.2276229910
  0.0987000000	  0.1374673048	 18.2369380667
  0.1014000000	  0.1401913482	 18.2707956573
  0.0978000000	  0.1348074989	 18.1344746924
  0.0966000000	  0.1368257211	 18.2028344457
  0.0994000000	  0.1362256421	 18.1696224681
  0.1019000000	  0.1441727124	 18.1717196537
  0.0960000000	  0.1318364946	 18.2390140669
  0.0999000000	  0.1385784322	 18.2370347647
