  0.1020000000	  0.1417338212	 18.2177191360
  0.0982000000	  0.1334585922	 18.2008058694
  0.0998000000	  0.1349781782	 18.1871542887
  0.1001000000	  0.1389740276	 18.0467587635
  0.0959000000	  0.1349987344	 18.2985480205
  0.1002000000	  0.1396912456	 18.1877558956
  0.1015000000	  0.1377338863	 18.3417768604
  0.1028000000	  0.1394957912	 18.2129275052
  0.1012000000	  0.1387089711	 18.2006922985
  0.0991000000	  0.1353712342	 18.2274847914
  0.0995000000	  0.1386719569	 18.2033658261
  0.0981000000	  0.1361904967	 18.2903633689
  0.1008000000	  0.1364663748	 18.2903507463
  0.1006000000	  0.1362860311	 18.2106976864
  0.0981000000	  0.1392626232	 18.1344375503
  0.0990000000	  0.1368726644	 18.2738151594
  0.0960000000	  0.1395797718	 18.1994122461
  0.0988000000	  0.1409606115	 18.1335858683
  0.0980000000	  0.1400477656	 18.1874666153
  0.0997000000	  0.1378582458	 18.2720217828
  0.0971000000	  0.1326630403	 18.2458440728
  0.0999000000	  0.1381958560	 18.2706729389
  0.1010000000	  0.1384719223	 18.2406212115
  0.1019000000	  0.1417688999	 18.0754936182
  0.1016000000	  0.1415488681	 18.0232870313
  0.1001000000	  0.1410264960	 18.1065687133
  0.1008000000	  0.1428621364	 18.0977800022
  0.0972000000	  0.1361597878	 18.2236705428
  0.1026000000	  0.1405008025	 18.2069169628
  0.0996000000	  0.1425966351	 18.1947386495
  0.1001000000	  0.1392320914	 18.1267673817
  0.0992000000	  0.1413666710	 18.1539694980
  0.1006000000	  0.1409215267	 18.1286944533
  0.1003000000	  0.1367648178	 18.2021568363
  0.1013000000	  0.1362880139	 18.2319533907
  0.1005000000	  0.1416697330	 18.0647731666
  0.1006000000	  0.1415399734	 18.1602882480
  0.1025000000	  0.1378687850	 18.2258304379
  0.1021000000	  0.1471649862	 18.1190915217
  0.0965000000	  0.1372120464	 18.1782920661
  0.1001000000	  0.1426681170	 18.1771383990
  0.0998000000	  0.1355077012	 18.1326209731
  0.1020000000	  0.1444003579	 18.0800624666
  0.1012000000	  0.1395779227	 18.1645905556
  0.0996000000	  0.1403129474	 18.0746772868
  0.0988000000	  0.1388904173	 18.1747883333
  0.1025000000	  0.1392219405	 18.2449329456
  0.1009000000	  0.1369242247	 18.1258434623
  0.1009000000	  0.1382039384	 18.2695432291
  0.1004000000	  0.1379045156	 18.2205787030
  0.0999000000	  0.1346928226	 18.2120294806
  0.0993000000	  0.1360054315	 18.2673551579
  0.1019000000	  0.1396413100	 18.2698792457
  0.0974000000	  0.1363730801	 18.0145704767
  0.1007000000	  0.1425632396	 18.1560998050
  0.0996000000	  0.1377724262	 18.3007283615
  0.1013000000	  0.1367442683	 18.2157715360
  0.1000000000	  0.1412096856	 18.1069465332
  0.0970000000	  0.1414255279	 18.1266680114
  0.1024000000	  0.1389217396	 18.1978599193
  0.1008000000	  0.1415483514	 18.1996010479
  0.0975000000	  0.1388660661	 18.2181331931
  0.0977000000	  0.1390857298	 18.1280899938
  0.1010000000	  0.1394569790	 18.3094428954
  0.1013000000	  0.1380399734	 18.0941486363
  0.0979000000	  0.1372210380	 18.1819736941
  0.1015000000	  0.1406466252	 18.2553702310
  0.1007000000	  0.1378096963	 18.1041901956
  0.0992000000	  0.1366752537	 18.2283332541
  0.1009000000	  0.1351884939	 18.2176928527
  0.0968000000	  0.1316037092	 18.3987572592
  0.0998000000	  0.1395972872	 18.1434908813
  0.1027000000	  0.1389139252	 18.2035169247
  0.1004000000	  0.1350035464	 18.2987867099
  0.1018000000	  0.1394432408	 18.3635854627
  0.1004000000	  0.1428256266	 18.1072969833
  0.0984000000	  0.1382053769	 18.2453086561
  0.1000000000	  0.1422009796	 18.0770596933
  0.1014000000	  0.1383895287	 18.1909133708
  0.1018000000	  0.1359984154	 18.2400451530
  0.0973000000	  0.1371482492	 18.2805632505
  0.1023000000	  0.1406900744	 18.2353587033
  0.1010000000	  0.1423731427	 18.1589740222
  0.1009000000	  0.1328144412	 18.2629530069
  0.0987000000	  0.1364801972	 18.1554026596
  0.1025000000	  0.1371194640	 18.1959174671
  0.0978000000	  0.1393468609	 18.1496115223
  0.1001000000	  0.1382843660	 18.1662860422
  0.0991000000	  0.1337256797	 18.2969635534
  0.1017000000	  0.1443653287	 18.1456106452
  0.0972000000	  0.1343871020	 18.2442322287
  0.0997000000	  0.1377110329	 18.1837959311
  0.1020000000	  0.1415102177	 18.2660713074
  0.1026000000	  0.1412685962	 18.0925414436
  0.0979000000	  0.1402178874	 18.2560203530
  0.1045000000	  0.1422303232	 18.1718421633
  0.0995000000	  0.1383896984	 18.2687826201
  0.1006000000	  0.1431066630	 18.1357757633
  0.0998000000	  0.1405450870	 18.0867477334
  0.1009000000	  0.1389929198	 18.1225210012
  0.0989000000	  0.1370268218	 18.2365290552
  0.1011000000	  0.1430876252	 18.1120660251
  0.1010000000	  0.1374119278	 18.0938474178
  0.1032000000	  0.1408802018	 18.1729075967
  0.0990000000	  0.1388932659	 18.3453742995
  0.1029000000	  0.1397975788	 18.1723361878
  0.0994000000	  0.1432683265	 18.1728606086
  0.0975000000	  0.1353014998	 18.2018378455
  0.1002000000	  0.1396214195	 18.3041732176
  0.0999000000	  0.1383043512	 18.1273331362
  0.1004000000	  0.1417032349	 18.1144445657
  0.0984000000	  0.1368415309	 18.1126394979
  0.0982000000	  0.1403204054	 18.0898129193
  0.0982000000	  0.1409811520	 18.1493102381
  0.0988000000	  0.1372522863	 18.1170027599
  0.1007000000	  0.1364553785	 18.1446982125
  0.0985000000	  0.1332015055	 18.2175552702
  0.1018000000	  0.1384091390	 18.2253650152
  0.0973000000	  0.1399062830	 18.1156059172
  0.1017000000	  0.1409741770	 18.2395875015
  0.1009000000	  0.1372995918	 18.1516334195
  0.0997000000	  0.1385128836	 18.3181745977
  0.1017000000	  0.1421946112	 18.1270384581
  0.0976000000	  0.1376760935	 18.1085562622
  0.1012000000	  0.1406725979	 18.2386148126
  0.1006000000	  0.1392056299	 18.0567424602
  0.1025000000	  0.1355755887	 18.1279348115
  0.1039000000	  0.1399186997	 18.2515441236
  0.1008000000	  0.1390121001	 18.3021624159
  0.0959000000	  0.1357191492	 18.2110969823
  0.1002000000	  0.1414612095	 18.1222712903
  0.0976000000	  0.1350329753	 18.1453760385
  0.1007000000	  0.1411618139	 18.1905843742
  0.0981000000	  0.1385525911	 18.1281948869
  0.0992000000	  0.1376836666	 18.2539963947
  0.0997000000	  0.1372249348	 18.2904934242
  0.1009000000	  0.1377446364	 18.1832911807
  0.1002000000	  0.1369984280	 18.2598998564
  0.0956000000	  0.1327435873	 18.1622318458
  0.0995000000	  0.1373168348	 18.2559514978
  0.0979000000	  0.1343319753	 18.1920968747
  0.0962000000	  0.1363123920	 18.1805857519
  0.0974000000	  0.1317664978	 18.1767150873
  0.1032000000	  0.1367745152	 18.2858536024
  0.1011000000	  0.1386092413	 18.2067589350
  0.0962000000	  0.1363653006	 18.1209569301
  0.1009000000	  0.1370200954	 18.2020040101
  0.1038000000	  0.1393040109	 18.1822288929
  0.0990000000	  0.1338829134	 18.2091421525
  0.1000000000	  0.1414784599	 18.1641282089
  0.1001000000	  0.1380426949	 18.2497591652
  0.0961000000	  0.1360595812	 18.0186148862
  0.0976000000	  0.1360153533	 18.1218038085
  0.1017000000	  0.1450168382	 18.0643360707
  0.0998000000	  0.1334417443	 18.1839997039
  0.0973000000	  0.1378585652	 18.2046483573
  0.1010000000	  0.1387701359	 18.2308037840
  0.0967000000	  0.1383836480	 18.0862343589
  0.0988000000	  0.1353940560	 18.2246422885
  0.0976000000	  0.1350387481	 18.1863715141
  0.0996000000	  0.1430016882	 18.2058462194
  0.1020000000	  0.1409033729	 18.0844344382
  0.1016000000	  0.1398402170	 18.1563711231
  0.0987000000	  0.1372977037	 18.2534178611
  0.1005000000	  0.1359695837	 18.2775599496
  0.0983000000	  0.1456119463	 17.9795280436
  0.0987000000	  0.1360690119	 18.2135409909
  0.0974000000	  0.1337753325	 18.1554688146
  0.0972000000	  0.1348890705	 18.1713958806
  0.1012000000	  0.1374612241	 18.2419423553
  0.1013000000	  0.1391156415	 18.2303980383
  0.0976000000	  0.1369479930	 18.2290353893
  0.0977000000	  0.1356127562	 18.1313621740
  0.0988000000	  0.1364121997	 18.2469896165
  0.1001000000	  0.1347797451	 18.1340504213
  0.0992000000	  0.1468334209	 18.0846694986
  0.0995000000	  0.1373063277	 18.2443651833
  0.1038000000	  0.1376955439	 18.2147788622
  0.1000000000	  0.1418428493	 18.1307123420
  0.1017000000	  0.1375498369	 18.2310280773
  0.1004000000	  0.1435086059	 18.1214590955
  0.1010000000	  0.1393122162	 18.2558368463
  0.1005000000	  0.1414786825	 18.1887717675
  0.1010000000	  0.1377162813	 18.2596042311
  0.1003000000	  0.1418347522	 18.1919361062
  0.0988000000	  0.1386256143	 18.2427205770
  0.1032000000	  0.1412944374	 18.1626392245
  0.1023000000	  0.1352663801	 18.1925213582
  0.0950000000	  0.1372380442	 18.2304827266
  0.1022000000	  0.1446226096	 18.1111850277
  0.0970000000	  0.1364830676	 18.1461347897
  0.0991000000	  0.1425160891	 18.1579154710
  0.0998000000	  0.1381768767	 18.2558722893
  0.1010000000	  0.1411113126	 18.2357080122
  0.1012000000	  0.1380107685	 18.2556393871
  0.1005000000	  0.1402379830	 18.1890461967
  0.0993000000	  0.1390552810	 18.2097915199
  0.0976000000	  0.1359068629	 18.1818900694
  0.1009000000	  0.1395528458	 18.2762595562
  0.1029000000	  0.1363053482	 18.2981092571
  0.1026000000	  0.1419258847	 18.0615987290
  0.1016000000	  0.1379306163	 18.2422319825
  0.0986000000	  0.1407457944	 18.0594941317
  0.1028000000	  0.1413955937	 18.1886579018
  0.1014000000	  0.1407604503	 18.2044233807
  0.1001000000	  0.1393138859	 18.1595302965
  0.0984000000	  0.1370912279	 18.2750143155
  0.0987000000	  0.1381128805	 18.2373118714
  0.1005000000	  0.1398221668	 18.2386773363
  0.1044000000	  0.1410192002	 18.1906926383
  0.0990000000	  0.1431657686	 18.0290057295
  0.1001000000	  0.1400099122	 18.2023125304
  0.0973000000	  0.1349163808	 18.2237247508
  0.0977000000	  0.1386189052	 18.1759268724
  0.0988000000	  0.1428814779	 18.1442105449
  0.0988000000	  0.1367940576	 18.1079970612
  0.1006000000	  0.1427130418	 18.1548229153
  0.0991000000	  0.1367685011	 18.2534979309
  0.1020000000	  0.1386465941	 18.2630202065
  0.1016000000	  0.1395112756	 18.2577329926
  0.1027000000	  0.1399711867	 18.1809836647
  0.0966000000	  0.1368302941	 18.1307635082
  0.0980000000	  0.1406439133	 18.2213543846
  0.0996000000	  0.1358241067	 18.1235247370
  0.1013000000	  0.1426358500	 18.1630880737
  0.1007000000	  0.1360505908	 18.2427237018
  0.0978000000	  0.1365904843	 18.1519231139
  0.1002000000	  0.1373227214	 18.2060485955
  0.1007000000	  0.1420520709	 18.2584930648
  0.1001000000	  0.1321972986	 18.1826743851
  0.0995000000	  0.1397139356	 18.1286033597
  0.1036000000	  0.1430030938	 18.0988583974
  0.0988000000	  0.1459926330	 18.0482174026
  0.0973000000	  0.1392316621	 18.0440584053
  0.0997000000	  0.1382446696	 18.1135698247
  0.1012000000	  0.1431437662	 18.1749724375
  0.0985000000	  0.1302646078	 18.3104597315
  0.1012000000	  0.1424894166	 18.1768742499
  0.1012000000	  0.1428205033	 18.1879712697
  0.0993000000	  0.1409329701	 18.2658919959
  0.1005000000	  0.1344338779	 18.0551849969
  0.1006000000	  0.1350384856	 18.3191187446
  0.1004000000	  0.1400854816	 17.9446177277
  0.0989000000	  0.1406066785	 18.2113179213
  0.0995000000	  0.1392951306	 18.1619958712
  0.0996000000	  0.1365267349	 18.2721674066
  0.1018000000	  0.1412775476	 18.1853401003
  0.0983000000	  0.1383060361	 18.1584761507
  0.1020000000	  0.1398253976	 18.2275541459
  0.1042000000	  0.1409148405	 18.2140489577
  0.1002000000	  0.1476862011	 18.0026637766
  0.1001000000	  0.1371321520	 18.2075003421
  0.0999000000	  0.1396865426	 18.1880305491
  0.0978000000	  0.1416519288	 18.1969700646
  0.0979000000	  0.1378412902	 18.1420440848
  0.0989000000	  0.1370973509	 18.1670631732
  0.1011000000	  0.1377728221	 18.0804711808
  0.0987000000	  0.1380931675	 18.1639155176
  0.1006000000	  0.1371009907	 18.1631606273
  0.1021000000	  0.1354111630	 18.3078867751
  0.1010000000	  0.1354820855	 18.1784172363
  0.0994000000	  0.1316614448	 18.2621345630
  0.0972000000	  0.1368446887	 18.1028001327
  0.0969000000	  0.1373542896	 18.1622954385
  0.1010000000	  0.1363621192	 18.1326906178
  0.1032000000	  0.1394786834	 18.1893418473
  0.1008000000	  0.1404147430	 18.0652144205
  0.0973000000	  0.1342028836	 18.2587015402
  0.1041000000	  0.1404177598	 18.1145189211
  0.1011000000	  0.1439564316	 18.1983136099
  0.1015000000	  0.1376799947	 18.2496610636
  0.0993000000	  0.1378981873	 18.2296496266
  0.0991000000	  0.1351778919	 18.2268289292
  0.0977000000	  0.1296681246	 18.2567550783
  0.0966000000	  0.1351067619	 18.2762624890
  0.0999000000	  0.1439862918	 18.1673715040
  0.1012000000	  0.1390642897	 18.2853392721
  0.0983000000	  0.1366213156	 18.2034804073
  0.0973000000	  0.1352624568	 18.2643251983
  0.1007000000	  0.1435464532	 18.1074798361
  0.0998000000	  0.1375110946	 18.1821840498
  0.0984000000	  0.1331775309	 18.3380662883
  0.0993000000	  0.1350077599	 18.1608111452
  0.0972000000	  0.1419185320	 18.1136623526
  0.1019000000	  0.1375036627	 18.2770019954
  0.1015000000	  0.1392246180	 18.3665756423
  0.0959000000	  0.1419739616	 18.0972345172
  0.1034000000	  0.1424241103	 18.1263357955
  0.0992000000	  0.1382703563	 18.2928672050
  0.1050000000	  0.1447461952	 18.1516155825
  0.1020000000	  0.1387455852	 18.2216048428
  0.0993000000	  0.1351693121	 18.1515917174
  0.1026000000	  0.1459410561	 18.2110903238
  0.1022000000	  0.1433421632	 18.1942472408
  0.1003000000	  0.1401566991	 18.1616457805
  0.0953000000	  0.1345862389	 18.3227409307
  0.0987000000	  0.1400360756	 18.0428367832
  0.0985000000	  0.1369496586	 18.1164315525
  0.0994000000	  0.1401352369	 18.1389285495
  0.1017000000	  0.1386874628	 18.2552669312
  0.1016000000	  0.1372148933	 18.2034473717
  0.1059000000	  0.1365976631	 18.3499574776
  0.0998000000	  0.1404970170	 18.2584908531
  0.0992000000	  0.1410225960	 18.1926412554
  0.0989000000	  0.1399067276	 18.1205354722
  0.1007000000	  0.1360066390	 18.2268697820
  0.0998000000	  0.1324726486	 18.2200968708
  0.0994000000	  0.1424997744	 18.0578725169
  0.0976000000	  0.1350763098	 18.2205353992
  0.1009000000	  0.1367972238	 18.1747597666
  0.1005000000	  0.1414579392	 18.1289379438
  0.0992000000	  0.1389785650	 18.1558097609
  0.0953000000	  0.1329521442	 18.3162053490
  0.1000000000	  0.1393003834	 18.2138054605
  0.0990000000	  0.1380340863	 18.1366882464
  0.0999000000	  0.1362611408	 18.2984149882
  0.1006000000	  0.1405229379	 18.1798693435
  0.1002000000	  0.1377497206	 18.1682097982
  0.1005000000	  0.1403480426	 18.2124207502
  0.0952000000	  0.1348515680	 18.2297366682
  0.0990000000	  0.1295917846	 18.2935687722
  0.0978000000	  0.1362501898	 18.2146950910
  0.0998000000	  0.1443025941	 18.2466560254
  0.1021000000	  0.1433153388	 18.1008048407
  0.1029000000	  0.1385594862	 18.2562407671
  0.1020000000	  0.1379318407	 18.2400108884
  0.0993000000	  0.1382823379	 18.1586115339
  0.0983000000	  0.1383020072	 18.1714216017
  0.1000000000	  0.1383385524	 18.2004953245
  0.1022000000	  0.1405732998	 18.2215051630
  0.0996000000	  0.1377347705	 18.2312734718
  0.1004000000	  0.1417842049	 18.1312242451
  0.1023000000	  0.1416803942	 18.2027949461
  0.1030000000	  0.1449314473	 18.0904923174
  0.1005000000	  0.1420044122	 18.0105343326
  0.0994000000	  0.1300701519	 18.2464911223
  0.0985000000	  0.1351535561	 18.1458126019
  0.1014000000	  0.1484632969	 18.1538400150
  0.0984000000	  0.1376813513	 18.1788581726
  0.0990000000	  0.1392595042	 18.1244473715
  0.0977000000	  0.1350883514	 18.1982305038
  0.1007000000	  0.1378155775	 18.1728794685
  0.0975000000	  0.1371037083	 18.1818045858
  0.1018000000	  0.1363923618	 18.1223325124
  0.0970000000	  0.1312330767	 18.1862936833
  0.0987000000	  0.1403653703	 18.2229331025
  0.1009000000	  0.1447680601	 18.0538241779
  0.1042000000	  0.1427039091	 18.1925607676
  0.0974000000	  0.1399694126	 18.1018428140
  0.1009000000	  0.1420700112	 18.3465301183
  0.0988000000	  0.1364496373	 18.2684561504
  0.0995000000	  0.1413233679	 18.0792649150
  0.0977000000	  0.1334218465	 18.2437575806
  0.1001000000	  0.1384426975	 18.2278734577
  0.1024000000	  0.1448239578	 18.0866355609
  0.0997000000	  0.1386846570	 18.1651662379
  0.0986000000	  0.1384068942	 18.1846431355
  0.1030000000	  0.1371195209	 18.1477539470
  0.1005000000	  0.1414974836	 18.2036379675
  0.1024000000	  0.1444566343	 18.0808348068
  0.1026000000	  0.1424468012	 18.1082602966
  0.1008000000	  0.1394037679	 18.1195004061
  0.1016000000	  0.1413893019	 18.1677884723
  0.1011000000	  0.1366200374	 18.1454803159
  0.1004000000	  0.1354921122	 18.1529394407
  0.1019000000	  0.1445607856	 18.1765091047
  0.1012000000	  0.1401242949	 18.2548925973
  0.1021000000	  0.1434789686	 18.2017390213
  0.1006000000	  0.1450506834	 18.1261252319
  0.1002000000	  0.1379505564	 18.0738530047
  0.0975000000	  0.1355276488	 18.1516001757
  0.0981000000	  0.1358156239	 18.2886109806
  0.1014000000	  0.1401054322	 18.2713016756
  0.1004000000	  0.1375192816	 18.2659791683
  0.0991000000	  0.1366002181	 18.2249870779
  0.0986000000	  0.1353886380	 18.3471533626
  0.0990000000	  0.1354070922	 18.2883012261
  0.0961000000	  0.1362838418	 18.0435789733
  0.1009000000	  0.1338601788	 18.3282800790
  0.0991000000	  0.1397498425	 18.0346958583
  0.0977000000	  0.1390740669	 18.2199640193
  0.0993000000	  0.1384236242	 18.3762222419
  0.0999000000	  0.1399518151	 18.0764227581
  0.0983000000	  0.1418958681	 18.1183640158
  0.1001000000	  0.1440042720	 18.1047677004
  0.1013000000	  0.1392633324	 18.3595984208
  0.0993000000	  0.1410656776	 18.1414427662
  0.1020000000	  0.1376251659	 18.2224753368
  0.0979000000	  0.1351331464	 18.2660198152
  0.1010000000	  0.1388684003	 18.2612622504
  0.1017000000	  0.1382182570	 18.2144601164
  0.1037000000	  0.1384459590	 18.1938726552
  0.0994000000	  0.1384761598	 18.1676651322
  0.1002000000	  0.1362558612	 18.2378234442
  0.0985000000	  0.1412418973	 18.1297456057
  0.0999000000	  0.1368741162	 18.1610509802
  0.0983000000	  0.1378339138	 18.1400996174
  0.0967000000	  0.1382474591	 18.2500307552
  0.0989000000	  0.1369516502	 18.2636223543
  0.1008000000	  0.1376627493	 18.1838001046
  0.1016000000	  0.1432496918	 18.1501966009
  0.0984000000	  0.1345472297	 18.2034930557
  0.1006000000	  0.1349035381	 18.1990782256
  0.0979000000	  0.1406458621	 18.2464140616
  0.1039000000	  0.1418241940	 18.1753616157
  0.0984000000	  0.1374810225	 18.1573767975
  0.1012000000	  0.1313377365	 18.3525303822
  0.0974000000	  0.1360446209	 18.3378133718
  0.1013000000	  0.1419496656	 18.1564393887
  0.0996000000	  0.1439255491	 18.1934214820
  0.0971000000	  0.1354934878	 18.2376929331
  0.0991000000	  0.1332893536	 18.1593612273
  0.1000000000	  0.1346842101	 18.3566871957
  0.0971000000	  0.1390882498	 18.1404876961
  0.0974000000	  0.1294205828	 18.2319830317
  0.0980000000	  0.1356031357	 18.1355189017
  0.0984000000	  0.1339843807	 18.3155302574
  0.0959000000	  0.1366218086	 18.3081725101
  0.0982000000	  0.1342629550	 18.1340062170
  0.0973000000	  0.1324519759	 18.3112730241
  0.0984000000	  0.1396093355	 18.1466295118
  0.1015000000	  0.1383276561	 18.2353397215
  0.1005000000	  0.1363151569	 18.0835479928
  0.1008000000	  0.1385109225	 18.1772991201
  0.0989000000	  0.1412132326	 18.1252620135
  0.1015000000	  0.1426196331	 18.1028917378
  0.0953000000	  0.1308738424	 18.2641366002
  0.0993000000	  0.1357664498	 18.2130394262
  0.1019000000	  0.1406039195	 18.2018586737
  0.0991000000	  0.1381585924	 18.1459215549
  0.0997000000	  0.1390137520	 18.0930047281
  0.1011000000	  0.1404169380	 18.1106773732
  0.0989000000	  0.1426432364	 18.1716742389
  0.1003000000	  0.1386347553	 18.0946973450
  0.1010000000	  0.1404114770	 18.1668936158
  0.0982000000	  0.1381343565	 18.1952659941
  0.0990000000	  0.1405963684	 18.1059261204
  0.0992000000	  0.1387987772	 18.2314185839
  0.0984000000	  0.1435095805	 18.2822105554
  0.1011000000	  0.1423864460	 18.1295337721
  0.1000000000	  0.1377478528	 18.2223647026
  0.1011000000	  0.1441672426	 18.2093042275
  0.0993000000	  0.1368211664	 18.2981150237
  0.1004000000	  0.1408910328	 18.1848385553
  0.1012000000	  0.1409567269	 18.1236008330
  0.0974000000	  0.1385658713	 18.1487745540
  0.1009000000	  0.1344259470	 18.1446816661
  0.1006000000	  0.1412161232	 18.2693534747
  0.0991000000	  0.1359711160	 18.2424292242
  0.1021000000	  0.1393259306	 18.2230914160
  0.1019000000	  0.1387630080	 18.1042651827
  0.1020000000	  0.1387889222	 18.1650945596
  0.1003000000	  0.1406119894	 18.2792394301
  0.1019000000	  0.1458768576	 18.0419463941
  0.1008000000	  0.1390958639	 18.2936644501
  0.1032000000	  0.1388541468	 18.2772787124
  0.0986000000	  0.1427988967	 18.2460804101
  0.0999000000	  0.1314664705	 18.2980423575
  0.0980000000	  0.1363417626	 18.2563960458
  0.0988000000	  0.1400375149	 18.2825793662
  0.1030000000	  0.1451661069	 18.0750179485
  0.0944000000	  0.1370585336	 18.1858365830
  0.0999000000	  0.1374739396	 18.0500387133
  0.0955000000	  0.1375320376	 18.1357765505
  0.0986000000	  0.1372746207	 18.1365618921
  0.0963000000	  0.1329671898	 18.2511724738
  0.1013000000	  0.1402822938	 18.1207343607
  0.1021000000	  0.1386172122	 17.9874004468
  0.0995000000	  0.1367379808	 18.0608668958
  0.0968000000	  0.1325814794	 18.1959025972
  0.0989000000	  0.1426827968	 18.2306002646
  0.0961000000	  0.1342599819	 18.1753732337
  0.0985000000	  0.1397446353	 18.1787882789
  0.0985000000	  0.1370426001	 18.0938859132
  0.1015000000	  0.1408634289	 18.1570501059
  0.1005000000	  0.1377170234	 18.2823995919
  0.0995000000	  0.1390689833	 18.1459344014
  0.1001000000	  0.1375723738	 18.2279575753
  0.0971000000	  0.1374560469	 18.1613485014
  0.0983000000	  0.1365453652	 18.2245401524
  0.0986000000	  0.1405505486	 18.1673616561
  0.0975000000	  0.1401662924	 18.1968394544
  0.1000000000	  0.1400111818	 18.1051049449
  0.0990000000	  0.1450392549	 18.0220892099
  0.0976000000	  0.1412343393	 18.1044688025
  0.0990000000	  0.1425281284	 18.0844028767
  0.0987000000	  0.1412215843	 18.0819515805
  0.0999000000	  0.1374248888	 18.1291081802
  0.1003000000	  0.1403218348	 18.0421570570
  0.1017000000	  0.1422658948	 18.2077865286
  0.1003000000	  0.1439642814	 18.2309883279
  0.0984000000	  0.1364794379	 18.1678128815
  0.0991000000	  0.1446366880	 18.0053241007
  0.1034000000	  0.1407665275	 18.2395705465
  0.1010000000	  0.1389823082	 18.2018942922
  0.1019000000	  0.1409537746	 18.2065127567
  0.0978000000	  0.1398328002	 18.2159467972
  0.0963000000	  0.1379242436	 18.1949654348
  0.1026000000	  0.1366485946	 18.1685101022
  0.0982000000	  0.1357785803	 18.1539771786
  0.1010000000	  0.1455820885	 18.2816664804
  0.1010000000	  0.1384393857	 18.1153568449
  0.0980000000	  0.1407263155	 18.1249472644
  0.0979000000	  0.1367742233	 18.1000332478
  0.1024000000	  0.1427527039	 18.2229960304
  0.1008000000	  0.1406596255	 18.2934269539
  0.0997000000	  0.1443194044	 18.0800520934
  0.0992000000	  0.1443503295	 18.0817362384
  0.0988000000	  0.1360303677	 18.2654535177
  0.1007000000	  0.1325066504	 18.1770078321
  0.0969000000	  0.1401506265	 18.0997713433
  0.1005000000	  0.1405047545	 18.2906853792
  0.0977000000	  0.1385317306	 18.1567914147
  0.1025000000	  0.1407092365	 18.3023234102
  0.0991000000	  0.1417485796	 18.0950053084
  0.1009000000	  0.1429887233	 18.0078618906
  0.1010000000	  0.1432605967	 18.0474798618
  0.0956000000	  0.1290449735	 18.2900273824
  0.1020000000	  0.1396595818	 18.2415455905
  0.0984000000	  0.1413625620	 18.1324693177
  0.1001000000	  0.1352321613	 18.3177024248
  0.1002000000	  0.1414427638	 18.1777447985
  0.1013000000	  0.1383520454	 18.2771368439
  0.0993000000	  0.1425392619	 18.1703638011
  0.1028000000	  0.1460826572	 18.0277528452
  0.0991000000	  0.1400592666	 18.3087883155
  0.1014000000	  0.1390158515	 18.0703413084
  0.0990000000	  0.1358107119	 18.2566811341
  0.0964000000	  0.1439552026	 17.9896419424
  0.1043000000	  0.1417098820	 18.1156243977
  0.1009000000	  0.1369238204	 18.2217946163
  0.1019000000	  0.1406286002	 18.2742753202
  0.1018000000	  0.1411527728	 18.1410188604
  0.1003000000	  0.1407826484	 18.0427048904
  0.1001000000	  0.1343456205	 18.2358653639
  0.0992000000	  0.1423238122	 18.1849272847
  0.1013000000	  0.1340182430	 18.1543690625
  0.1015000000	  0.1469709567	 18.1239756071
  0.1023000000	  0.1406093161	 18.2917867296
  0.1007000000	  0.1427245573	 18.2220580812
  0.1031000000	  0.1402831606	 18.1881047899
  0.1025000000	  0.1468488987	 18.0498655767
  0.0994000000	  0.1387081795	 18.2127440665
  0.0974000000	  0.1386602349	 18.1258067558
  0.0958000000	  0.1354846954	 18.1586096021
  0.1008000000	  0.1433366615	 18.2065636281
  0.0970000000	  0.1329646565	 18.2900538291
  0.0975000000	  0.1345708470	 18.1880766341
  0.0998000000	  0.1354920837	 18.3139147228
  0.0981000000	  0.1452510749	 18.0044112387
  0.0983000000	  0.1376638788	 18.2297292283
  0.1007000000	  0.1352426714	 18.1290205290
  0.1010000000	  0.1390409287	 18.1725785762
  0.1012000000	  0.1386894639	 18.2558833957
  0.1013000000	  0.1337419262	 18.1636223040
  0.1009000000	  0.1380376652	 18.2181402967
  0.1020000000	  0.1411356132	 18.1816414184
  0.0996000000	  0.1437505600	 18.0826562866
  0.1019000000	  0.1374653143	 18.3819426459
  0.1043000000	  0.1374493763	 18.2218653150
  0.1004000000	  0.1403486525	 18.2149972197
  0.1027000000	  0.1367855848	 18.2427933872
  0.1016000000	  0.1428670171	 18.1595640628
  0.1003000000	  0.1404520672	 18.1873092027
  0.0998000000	  0.1399530149	 18.2030403215
  0.0999000000	  0.1363227653	 18.1520249830
  0.0989000000	  0.1407886776	 18.2616688538
  0.0994000000	  0.1416985958	 18.1298636198
  0.1004000000	  0.1354939108	 18.3232516388
  0.1000000000	  0.1415774442	 18.2042706389
  0.0994000000	  0.1347457344	 18.1390377762
  0.1028000000	  0.1399292202	 18.2553286517
  0.1015000000	  0.1480594816	 18.1089062402
  0.1009000000	  0.1424779941	 18.0549149984
  0.1026000000	  0.1402689558	 18.1638583346
  0.1006000000	  0.1393128851	 18.1315724479
  0.0972000000	  0.1331054015	 18.1635967057
  0.1014000000	  0.1410772620	 18.0864210203
  0.1029000000	  0.1426524671	 18.1000094681
  0.1012000000	  0.1393110541	 18.2581189406
  0.1006000000	  0.1356866066	 18.2454720512
  0.0991000000	  0.1383078848	 18.1796216846
  0.0977000000	  0.1354680528	 18.2237162913
  0.1004000000	  0.1364933850	 18.1303746284
  0.0995000000	  0.1332727818	 18.2349324495
  0.1022000000	  0.1442683726	 18.1353386164
  0.0961000000	  0.1411123899	 18.2450059605
  0.1009000000	  0.1386849750	 18.1703979367
  0.0954000000	  0.1398579293	 18.1537883301
  0.1013000000	  0.1424406842	 18.1722047233
  0.0977000000	  0.1395259473	 18.1436661761
  0.1032000000	  0.1402168698	 18.2509637376
  0.1010000000	  0.1389077509	 18.1913767711
  0.0990000000	  0.1425212264	 18.1401787432
  0.0995000000	  0.1367429942	 18.2623481854
  0.0992000000	  0.1402056412	 18.1552952214
  0.1018000000	  0.1406528987	 18.1445284601
  0.1009000000	  0.1411083031	 18.1900138459
  0.1005000000	  0.1419446794	 18.1964458568
  0.0987000000	  0.1373036952	 18.2545874228
  0.0968000000	  0.1406699521	 18.0987367420
  0.1035000000	  0.1385472791	 18.1597303059
  0.0976000000	  0.1420219398	 18.1285046745
  0.1002000000	  0.1422957663	 18.1375505525
  0.1013000000	  0.1433940107	 18.1201966373
  0.0996000000	  0.1432533004	 18.1425766696
  0.1010000000	  0.1381638485	 18.1856499869
  0.1013000000	  0.1407264576	 18.2071199915
  0.0971000000	  0.1352479136	 18.2009070193
  0.0989000000	  0.1371266600	 18.1727879851
  0.1015000000	  0.1389027932	 18.1526513379
  0.0982000000	  0.1373435073	 18.1103000094
  0.1027000000	  0.1426195021	 18.0858107237
  0.0989000000	  0.1400366608	 18.1160471288
  0.1013000000	  0.1355269809	 18.1910412978
  0.0935000000	  0.1387388674	 18.0553746979
  0.0993000000	  0.1386609725	 18.1635318784
  0.0991000000	  0.1407336656	 17.9988720718
  0.1021000000	  0.1307972543	 18.2471694234
  0.1009000000	  0.1443611694	 18.1365100111
  0.1009000000	  0.1366141655	 18.1001626959
  0.1006000000	  0.1350124986	 18.2664549657
  0.0968000000	  0.1388870776	 18.2971374408
  0.0998000000	  0.1427977289	 18.1111728593
  0.0967000000	  0.1351886250	 18.4050976151
  0.0999000000	  0.1401508247	 18.1474019137
  0.0983000000	  0.1348459823	 18.2846428635
  0.0979000000	  0.1383272589	 18.2020653727
  0.1007000000	  0.1456181201	 18.0999647679
  0.0993000000	  0.1371809547	 18.1347101681
  0.1000000000	  0.1406009446	 18.1057761688
  0.1012000000	  0.1398767147	 18.1295041784
  0.1026000000	  0.1411509625	 18.1543317616
  0.1009000000	  0.1436006302	 18.1871092095
  0.0983000000	  0.1415656293	 17.9623624391
  0.1014000000	  0.1409650777	 18.1456580763
  0.0992000000	  0.1424059149	 18.1440135789
  0.0979000000	  0.1365333250	 18.1723860619
  0.1005000000	  0.1418254456	 18.2079877951
  0.0974000000	  0.1372054377	 18.1794117734
  0.1044000000	  0.1423372752	 18.1991076110
  0.1028000000	  0.1419773783	 18.1245638229
  0.0987000000	  0.1375780603	 18.2450670938
  0.0972000000	  0.1376152856	 18.1571902774
  0.0975000000	  0.1325621602	 18.3120667342
  0.1004000000	  0.1384316984	 18.1669039135
  0.1034000000	  0.1398856118	 18.2489219573
  0.0992000000	  0.1403446202	 18.2266268546
  0.1014000000	  0.1382006473	 18.1966534725
  0.0995000000	  0.1360222744	 18.3227895649
  0.1012000000	  0.1431404775	 18.1886822369
  0.0977000000	  0.1374867678	 18.2403686677
  0.1027000000	  0.1402061401	 18.0994640744
  0.1021000000	  0.1427340563	 18.1876794680
  0.1007000000	  0.1415625344	 18.2068172961
  0.0986000000	  0.1415589528	 18.1097897591
  0.1002000000	  0.1409353514	 18.1181464690
  0.0997000000	  0.1401785331	 18.1015335360
  0.1001000000	  0.1400099690	 18.1902460429
  0.0964000000	  0.1357007340	 18.2171631722
  0.1008000000	  0.1428435670	 18.1774923399
  0.1029000000	  0.1382751446	 18.1909826539
  0.0984000000	  0.1368064390	 18.1477282849
  0.1010000000	  0.1332116189	 18.2807244727
  0.1010000000	  0.1366696455	 18.1632634895
  0.1014000000	  0.1379902695	 18.1419358514
  0.0992000000	  0.1423066784	 18.0701811022
  0.1045000000	  0.1426651874	 18.1815924684
  0.1002000000	  0.1373909761	 18.0068931260
  0.1012000000	  0.1417693550	 18.1354577614
  0.0991000000	  0.1362758241	 18.1586112579
  0.0986000000	  0.1339606941	 18.2960902207
  0.1020000000	  0.1410629099	 18.1210432975
  0.0961000000	  0.1443266478	 18.0709260497
  0.0979000000	  0.1404388742	 18.1351015741
  0.1021000000	  0.1379476682	 18.2169983831
  0.0994000000	  0.1391248059	 18.1630152021
  0.1015000000	  0.1380778097	 18.2180481553
  0.1002000000	  0.1409732824	 18.0856402807
  0.0952000000	  0.1385123829	 18.1618568132
  0.0974000000	  0.1331052211	 18.2602805143
  0.0986000000	  0.1371695017	 18.2379399497
  0.1015000000	  0.1395842053	 18.1310143487
  0.0986000000	  0.1395011071	 18.0403442436
  0.0994000000	  0.1387753939	 18.2812859395
  0.1027000000	  0.1453000877	 18.0922521863
  0.1001000000	  0.1409140161	 18.1874188354
  0.0972000000	  0.1437369040	 18.2284908698
  0.1007000000	  0.1353608221	 18.0931767848
  0.0997000000	  0.1399123884	 18.2454078549
  0.0982000000	  0.1388077443	 18.1561395927
  0.1001000000	  0.1346512759	 18.1991295848
  0.0991000000	  0.1414858695	 18.1055648767
  0.1012000000	  0.1385410046	 18.1685904408
  0.1006000000	  0.1357964988	 18.2874189065
  0.1011000000	  0.1471107021	 18.0116863421
  0.0983000000	  0.1377329919	 18.1134516793
  0.0985000000	  0.1341051757	 18.2071855918
  0.1018000000	  0.1414761004	 18.0921909729
  0.0978000000	  0.1329523085	 18.1951761701
  0.0988000000	  0.1360859872	 18.1690431761
  0.0974000000	  0.1354391499	 18.2340594554
  0.1030000000	  0.1406062104	 18.1672625764
  0.0993000000	  0.1431494952	 18.2256427943
  0.1037000000	  0.1345872906	 18.1962207876
  0.0980000000	  0.1372530826	 18.2165442133
  0.1023000000	  0.1393281655	 18.0074565094
  0.1011000000	  0.1438581683	 18.1470916962
  0.1023000000	  0.1399423291	 18.2041823869
  0.1028000000	  0.1440761858	 18.1894735991
  0.0979000000	  0.1385506058	 18.2916258340
  0.1001000000	  0.1384961376	 18.2010060869
  0.1012000000	  0.1411811420	 18.2222672457
  0.0987000000	  0.1394912383	 18.0684293744
  0.0997000000	  0.1387748664	 18.1866002036
  0.1019000000	  0.1409754121	 18.1750042476
  0.0995000000	  0.1383130767	 18.2094173956
  0.0995000000	  0.1373020692	 18.2980599119
  0.1002000000	  0.1373025323	 18.0813810352
  0.0997000000	  0.1336757537	 18.2934323063
  0.1002000000	  0.1351971880	 18.1300061783
  0.1011000000	  0.1438471490	 18.0598764821
  0.0969000000	  0.1362725056	 18.2290035764
  0.0963000000	  0.1377984337	 18.1417206800
  0.0975000000	  0.1348783793	 18.1627664702
  0.0971000000	  0.1379958340	 18.2213235540
  0.0994000000	  0.1403779393	 18.2716716568
  0.1021000000	  0.1463960687	 18.1851593129
  0.1021000000	  0.1387932738	 18.2273725311
  0.1005000000	  0.1434034000	 17.9772079648
  0.1011000000	  0.1382307634	 18.2156003018
  0.0968000000	  0.1345764878	 18.0995849287
  0.0996000000	  0.1377154519	 18.0769118735
  0.0986000000	  0.1436317801	 18.1755405031
  0.0997000000	  0.1377188047	 18.1402498295
  0.0971000000	  0.1354095292	 18.1748359992
  0.1025000000	  0.1455192151	 18.1196944967
  0.1003000000	  0.1405227964	 18.0930097782
  0.1005000000	  0.1446164072	 18.1743798657
  0.0982000000	  0.1427199156	 18.0752538988
  0.0998000000	  0.1438756919	 18.0790613683
  0.0980000000	  0.1415735108	 18.1237840532
  0.0989000000	  0.1418242207	 18.1109255255
  0.1045000000	  0.1424285259	 18.0982284628
  0.1001000000	  0.1381993795	 18.1336551533
  0.0994000000	  0.1388951395	 18.0921124007
  0.1009000000	  0.1394059800	 18.1913481541
  0.0969000000	  0.1358775327	 18.1959996262
  0.1054000000	  0.1441228421	 18.2326975484
  0.1004000000	  0.1359302305	 18.2032370103
  0.1018000000	  0.1488589352	 18.3248344341
  0.1000000000	  0.1378261623	 18.2061588601
  0.1028000000	  0.1399243123	 18.2833774819
  0.0987000000	  0.1368291468	 18.0669838659
  0.0986000000	  0.1364572003	 18.1986453581
  0.0993000000	  0.1389886126	 18.1864950030
  0.0987000000	  0.1355472000	 18.1908135561
  0.1011000000	  0.1358700675	 18.1173021527
  0.0985000000	  0.1390044313	 18.1055463672
  0.0997000000	  0.1359168729	 18.2492722362
  0.1027000000	  0.1449680336	 18.1079114637
  0.0999000000	  0.1353339218	 18.2506571700
  0.1008000000	  0.1402600349	 18.1416988215
  0.1018000000	  0.1451183855	 18.1660231868
  0.0968000000	  0.1392598256	 18.2808468583
  0.1030000000	  0.1369361514	 18.2523578001
  0.0981000000	  0.1348471892	 18.3796420585
  0.1006000000	  0.1393276360	 18.1912001262
  0.0996000000	  0.1348521206	 18.2800785290
  0.1000000000	  0.1341317279	 18.2019973021
  0.1006000000	  0.1338901278	 18.2046862947
  0.1012000000	  0.1406901715	 18.1017152053
  0.0996000000	  0.1403757683	 18.2024599860
  0.1012000000	  0.1385605747	 18.1978231329
  0.1020000000	  0.1458279580	 18.2482382198
  0.0993000000	  0.1307720312	 18.3302881140
  0.0991000000	  0.1344443326	 18.2507384670
  0.1031000000	  0.1423299272	 18.1804200736
  0.1003000000	  0.1402896585	 18.2473299084
  0.1019000000	  0.1379774963	 18.1779761351
  0.0974000000	  0.1388235547	 18.1163379740
  0.1006000000	  0.1383085803	 18.1693912590
  0.0991000000	  0.1380121648	 18.1049921260
  0.0988000000	  0.1321941355	 18.3658923520
  0.1046000000	  0.1398360925	 18.2056251929
  0.0990000000	  0.1346973194	 18.3013498189
  0.0987000000	  0.1384158330	 18.1481444899
  0.1007000000	  0.1381671307	 18.2952748087
  0.1021000000	  0.1469456186	 18.1012435970
  0.0981000000	  0.1354728940	 18.2322067626
  0.1016000000	  0.1381383094	 18.2100527543
  0.0983000000	  0.1388579352	 18.1031138107
  0.1008000000	  0.1416432725	 18.1036836447
  0.1002000000	  0.1424372293	 18.0702889536
  0.1008000000	  0.1408998598	 18.1238641969
  0.0991000000	  0.1384973160	 18.2344034365
  0.1026000000	  0.1400863230	 18.2227002290
  0.0991000000	  0.1373062723	 18.2023454783
  0.0979000000	  0.1344016463	 18.1644438100
  0.1010000000	  0.1402805082	 18.1731563617
  0.1011000000	  0.1382674793	 18.1828444807
  0.1008000000	  0.1394874514	 18.2976117608
  0.0995000000	  0.1376607998	 18.2697084813
  0.0998000000	  0.1473733544	 18.0219998221
  0.0986000000	  0.1395586001	 18.2431940726
  0.1007000000	  0.1422780904	 18.0896816179
  0.1001000000	  0.1378280228	 18.1760779879
  0.1015000000	  0.1399573087	 18.1607659645
  0.0969000000	  0.1378991591	 18.1133058691
  0.0977000000	  0.1438279871	 18.1544798757
  0.0970000000	  0.1415980998	 18.1628001809
  0.1006000000	  0.1359519877	 18.1889275047
  0.0930000000	  0.1311460595	 18.3175189898
  0.1005000000	  0.1427843729	 18.1214065936
  0.1018000000	  0.1403698874	 17.9779275353
  0.1001000000	  0.1379613943	 18.1443469262
  0.0999000000	  0.1402273622	 18.1865842954
  0.1002000000	  0.1453798548	 18.0389625724
  0.1015000000	  0.1419672049	 18.1444828535
  0.0969000000	  0.1386803855	 18.2482710795
  0.0985000000	  0.1378333970	 18.2214578641
  0.1006000000	  0.1364088549	 18.2865934796
  0.0991000000	  0.1422117091	 18.3231021816
  0.0982000000	  0.1390286733	 18.1779432150
  0.1015000000	  0.1387569178	 18.2307199111
  0.0996000000	  0.1380834825	 18.2639048673
  0.0984000000	  0.1331268140	 18.2414923489
  0.1024000000	  0.1463340714	 18.1589747259
  0.0989000000	  0.1375972778	 18.1560533484
  0.0991000000	  0.1380930170	 18.1770005839
  0.1002000000	  0.1361413716	 18.1700000958
  0.1017000000	  0.1391999910	 18.3464380411
  0.1021000000	  0.1405156448	 18.1132285066
  0.1005000000	  0.1353850311	 18.2276006861
  0.1031000000	  0.1391136914	 18.1727310385
  0.0998000000	  0.1363058006	 18.2713631188
  0.1032000000	  0.1421989927	 18.1399325688
  0.1051000000	  0.1401182186	 18.2618046248
  0.0994000000	  0.1401133852	 18.1392302529
  0.1010000000	  0.1370309780	 18.1317405633
  0.0970000000	  0.1454422670	 18.0381178137
  0.0990000000	  0.1376807573	 18.3600030852
  0.1048000000	  0.1437407604	 18.1940265188
  0.0981000000	  0.1305320881	 18.2362561675
  0.0971000000	  0.1344458968	 18.1120937723
  0.0997000000	  0.1430402193	 18.0627917684
  0.1005000000	  0.1410038929	 18.1246994569
  0.0977000000	  0.1334621242	 18.1869273575
  0.1023000000	  0.1401853259	 18.2608047881
  0.0992000000	  0.1434400397	 18.0191148648
  0.1032000000	  0.1399288794	 18.0890102602
  0.1005000000	  0.1402307628	 18.1966528692
  0.1005000000	  0.1384311539	 18.1536516553
  0.0983000000	  0.1402320167	 18.1156616206
  0.0995000000	  0.1367105755	 18.1155472676
  0.1011000000	  0.1404974585	 18.2176437566
  0.0990000000	  0.1365604363	 18.2034138782
  0.0955000000	  0.1297137756	 18.3008597812
  0.0996000000	  0.1436104796	 18.0174935107
  0.1021000000	  0.1438936980	 18.0593573799
  0.0998000000	  0.1366749100	 18.1619117205
  0.1004000000	  0.1421429173	 18.1686571108
  0.0974000000	  0.1404147012	 18.1700997438
  0.0995000000	  0.1415987159	 18.2841424817
  0.0993000000	  0.1424785400	 18.1869311327
  0.0998000000	  0.1357891719	 18.1760142077
  0.0984000000	  0.1384292265	 18.1311291541
  0.0996000000	  0.1343718445	 18.1568673753
  0.0978000000	  0.1384143978	 18.1509142011
  0.1005000000	  0.1339378941	 18.1924149401
  0.1018000000	  0.1360605936	 18.1101961109
  0.1009000000	  0.1355472859	 18.2282502609
  0.0987000000	  0.1388843600	 18.2498240605
  0.0988000000	  0.1435768718	 18.1534826691
  0.0980000000	  0.1390744475	 18.1605535321
  0.0963000000	  0.1401124925	 18.2328189270
  0.1007000000	  0.1390347159	 18.1367308945
  0.0996000000	  0.1426480373	 18.0218379306
  0.1015000000	  0.1384633808	 18.1953472116
  0.1011000000	  0.1387597461	 18.2807260853
  0.0992000000	  0.1354943283	 18.2394461498
  0.1016000000	  0.1390823631	 18.0545773701
  0.1002000000	  0.1430694357	 18.0131527636
  0.1008000000	  0.1408238733	 18.1438857686
  0.1005000000	  0.1408892554	 18.0526877597
  0.0990000000	  0.1362257699	 18.3046813845
  0.1023000000	  0.1395072233	 18.1847850605
  0.0983000000	  0.1380065287	 18.1142406065
  0.0996000000	  0.1341241753	 18.3193995032
  0.1005000000	  0.1412599497	 18.1283917715
  0.1006000000	  0.1378471630	 18.2453953843
  0.1011000000	  0.1414705115	 18.1902867408
  0.1013000000	  0.1377080657	 18.1806290833
  0.0965000000	  0.1329747493	 18.2875644448
  0.1028000000	  0.1369226972	 18.1595041096
  0.0967000000	  0.1318585059	 18.1999962072
  0.0993000000	  0.1383780772	 18.2257679722
  0.0967000000	  0.1345016236	 18.1209024409
  0.1047000000	  0.1414788599	 18.1328495134
  0.0969000000	  0.1382191207	 18.1791068347
  0.0996000000	  0.1423246773	 18.1246067055
  0.1016000000	  0.1365379211	 18.2229144239
  0.0998000000	  0.1386291629	 18.2591189827
  0.1001000000	  0.1374689534	 18.1672157686
  0.1022000000	  0.1380657280	 18.0745134631
  0.0987000000	  0.1392632302	 18.1853555526
  0.0972000000	  0.1354634715	 18.2482628754
  0.0985000000	  0.1388151148	 18.0481331661
  0.0999000000	  0.1375523058	 18.2585957047
  0.1033000000	  0.1421873451	 18.2290297462
  0.0981000000	  0.1425928884	 18.2495270601
  0.1016000000	  0.1409811838	 18.1324617585
  0.1014000000	  0.1439248955	 18.0608513329
  0.0983000000	  0.1430373016	 18.2600964898
  0.0992000000	  0.1389310697	 18.2849233264
  0.1021000000	  0.1412699868	 18.2336763875
  0.1023000000	  0.1414583957	 18.1197916161
  0.1018000000	  0.1384978769	 18.1530162229
  0.1014000000	  0.1368522080	 18.3754304639
  0.1006000000	  0.1413913095	 18.0956851588
  0.0992000000	  0.1424930788	 18.2554095677
  0.0993000000	  0.1388116482	 18.1215103994
  0.1003000000	  0.1435422814	 18.1591780389
  0.1009000000	  0.1421603720	 18.1884367654
  0.1025000000	  0.1381926490	 18.1268505278
  0.1025000000	  0.1429078718	 18.0824905892
  0.1026000000	  0.1411272772	 18.2171903830
  0.0983000000	  0.1396335391	 18.2641264020
  0.0976000000	  0.1355455169	 18.1545472621
  0.1021000000	  0.1456586290	 18.0483995756
  0.1003000000	  0.1377953303	 18.0895312837
  0.1001000000	  0.1410011983	 18.0502480242
  0.0997000000	  0.1399862811	 18.2438027360
  0.0985000000	  0.1377472042	 18.2076422539
  0.0991000000	  0.1397913458	 18.0727049375
  0.0992000000	  0.1386509314	 18.1528302969
  0.0983000000	  0.1370403446	 18.1059814126
  0.1005000000	  0.1375595502	 18.2634707782
  0.1018000000	  0.1414269107	 18.0505708170
  0.0996000000	  0.1417967213	 18.0264809889
  0.1026000000	  0.1412341543	 18.2948836359
  0.1001000000	  0.1397087742	 18.2830234476
  0.0980000000	  0.1391463145	 18.1449330021
  0.0975000000	  0.1296312311	 18.1942531725
  0.0982000000	  0.1352490356	 18.3220320857
  0.0986000000	  0.1376580044	 18.1440464478
  0.1025000000	  0.1422858201	 18.1166770941
  0.1015000000	  0.1411916277	 18.2018834086
  0.0966000000	  0.1377321375	 18.2719044201
  0.1034000000	  0.1467080800	 18.0891035468
  0.0965000000	  0.1377574441	 18.0957423287
  0.0987000000	  0.1407233424	 18.1959418733
  0.1005000000	  0.1345561503	 18.1055466765
  0.0975000000	  0.1322729018	 18.2688154625
  0.1016000000	  0.1385732471	 18.1568517226
  0.1000000000	  0.1329942641	 18.2659180216
  0.0975000000	  0.1331942181	 18.1878426743
  0.1002000000	  0.1335710470	 18.2562632393
  0.0979000000	  0.1326677635	 18.2638176301
  0.0992000000	  0.1388985733	 18.2181345102
  0.1003000000	  0.1423992275	 18.1817694481
  0.0988000000	  0.1373013129	 18.2508575286
  0.0986000000	  0.1379607941	 18.1323080335
  0.1012000000	  0.1353943505	 18.3972009468
  0.1022000000	  0.1429462365	 18.2225479295
  0.1033000000	  0.1434457982	 18.1344694830
  0.1000000000	  0.1367007665	 18.1921669569
  0.0986000000	  0.1422300565	 18.2122933841
  0.1002000000	  0.1402709314	 18.1041149878
  0.1030000000	  0.1396997679	 18.1994337740
  0.0972000000	  0.1355763773	 18.1939232458
  0.1003000000	  0.1370176582	 18.1672108517
  0.1024000000	  0.1431887549	 18.1665638372
  0.1011000000	  0.1395558503	 18.2310332299
  0.0991000000	  0.1433653306	 18.1461957137
  0.1010000000	  0.1381813927	 18.0408423781
  0.0995000000	  0.1411951291	 18.1453124310
  0.0984000000	  0.1403645792	 18.1619017463
  0.1013000000	  0.1443319460	 18.1394542787
  0.0969000000	  0.1408450277	 18.1193874843
  0.0995000000	  0.1427439280	 18.1066630830
  0.0978000000	  0.1419214331	 18.2146198485
  0.1014000000	  0.1378689005	 18.1399585409
  0.1019000000	  0.1389202560	 18.2189418747
  0.1006000000	  0.1408906267	 18.1804426186
  0.1000000000	  0.1352775010	 18.1452924340
  0.1021000000	  0.1363650718	 18.1984233551
  0.1010000000	  0.1405449791	 18.1395565175
  0.1006000000	  0.1330877498	 18.2838148317
  0.0974000000	  0.1364498225	 18.1190286681
  0.0957000000	  0.1411560146	 18.1472079780
  0.1023000000	  0.1457390846	 18.0769150132
  0.1002000000	  0.1405434354	 18.1205252278
  0.0992000000	  0.1405002495	 18.2009402168
  0.0983000000	  0.1412703932	 18.1144904425
  0.0964000000	  0.1396066530	 18.3151816385
  0.1000000000	  0.1392714599	 18.0727398907
  0.0989000000	  0.1362146915	 18.0499543221
  0.0990000000	  0.1417352539	 18.2440930632
  0.1020000000	  0.1362183200	 18.1358135936
