  0.1401515152	264.0000000000	 38.2575757576
  0.1390728477	151.0000000000	 66.8874172185
  0.1259541985	262.0000000000	 38.5496183206
  0.1304347826	138.0000000000	 73.1884057971
  0.1192842942	1006.0000000000	 10.0397614314
  0.1390728477	151.0000000000	 66.8874172185
  0.1146881288	994.0000000000	 10.1609657948
  0.1115241636	269.0000000000	 37.5464684015
  0.1198347107	242.0000000000	 41.7355371901
  0.1219211823	812.0000000000	 12.4384236453
  0.1219008264	484.0000000000	 20.8677685950
  0.1197718631	526.0000000000	 19.2015209125
  0.1220095694	418.0000000000	 24.1626794258
  0.1176470588	374.0000000000	 27.0053475936
  0.1228501229	407.0000000000	 24.8157248157
  0.2087604846	1073.0000000000	  9.4128611370
  0.1048543689	515.0000000000	 19.6116504854
  0.1119658120	1170.0000000000	  8.6324786325
  0.1060070671	566.0000000000	 17.8445229682
  0.1075794621	409.0000000000	 24.6943765281
  0.1288209607	458.0000000000	 22.0524017467
  0.1092150171	586.0000000000	 17.2354948805
  0.1355932203	472.0000000000	 21.3983050847
  0.1126126126	222.0000000000	 45.4954954955
  0.1305418719	812.0000000000	 12.4384236453
  0.1306306306	1110.0000000000	  9.0990990991
  0.1263157895	190.0000000000	 53.1578947368
  0.1117533719	519.0000000000	 19.4605009634
  0.1140939597	298.0000000000	 33.8926174497
  0.1367521368	117.0000000000	 86.3247863248
  0.1384615385	195.0000000000	 51.7948717949
  0.1225000000	400.0000000000	 25.2500000000
  0.1366120219	183.0000000000	 55.1912568306
  0.1262626263	198.0000000000	 51.0101010101
  0.1866226259	1211.0000000000	  8.3402146986
  0.1591666667	1200.0000000000	  8.4166666667
  0.1021194605	519.0000000000	 19.4605009634
  0.1245937161	923.0000000000	 10.9425785482
  0.1232876712	146.0000000000	 69.1780821918
  0.1064718163	479.0000000000	 21.0855949896
  0.1142857143	350.0000000000	 28.8571428571
  0.1086142322	267.0000000000	 37.8277153558
  0.1301775148	169.0000000000	 59.7633136095
  0.1449275362	138.0000000000	 73.1884057971
  0.1162790698	172.0000000000	 58.7209302326
  0.1301724138	1160.0000000000	  8.7068965517
  0.1270207852	433.0000000000	 23.3256351039
  0.1120448179	357.0000000000	 28.2913165266
  0.1190476190	672.0000000000	 15.0297619048
  0.1411764706	170.0000000000	 59.4117647059
  0.1186943620	337.0000000000	 29.9703264095
  0.1172491545	887.0000000000	 11.3866967306
  0.1070336391	654.0000000000	 15.4434250765
  0.1273617915	1429.0000000000	  7.0678796361
  0.1200000000	200.0000000000	 50.5000000000
  0.1325203252	1230.0000000000	  8.2113821138
  0.1072056239	569.0000000000	 17.7504393673
  0.1388888889	144.0000000000	 70.1388888889
  0.1173752311	1082.0000000000	  9.3345656192
  0.1232227488	211.0000000000	 47.8672985782
  0.1739130435	138.0000000000	 73.1884057971
  0.1086021505	930.0000000000	 10.8602150538
  0.1375000000	160.0000000000	 63.1250000000
  0.1129207383	921.0000000000	 10.9663409338
  0.1200000000	200.0000000000	 50.5000000000
  0.1019900498	402.0000000000	 25.1243781095
  0.1150684932	365.0000000000	 27.6712328767
  0.1320346320	462.0000000000	 21.8614718615
  0.1304347826	138.0000000000	 73.1884057971
  0.1107205624	569.0000000000	 17.7504393673
  0.1471428571	1400.0000000000	  7.2142857143
  0.1120689655	812.0000000000	 12.4384236453
  0.1279069767	602.0000000000	 16.7774086379
  0.1205357143	224.0000000000	 45.0892857143
  0.0996119017	773.0000000000	 13.0659767141
  0.1083123426	397.0000000000	 25.4408060453
  0.1125654450	382.0000000000	 26.4397905759
  0.1129883844	947.0000000000	 10.6652587117
  0.1084745763	295.0000000000	 34.2372881356
  0.1212121212	165.0000000000	 61.2121212121
  0.1284916201	716.0000000000	 14.1061452514
  0.1233183857	892.0000000000	 11.3228699552
  0.0864197531	243.0000000000	 41.5637860082
  0.1319444444	144.0000000000	 70.1388888889
  0.1225296443	253.0000000000	 39.9209486166
  0.1197183099	142.0000000000	 71.1267605634
  0.1147540984	244.0000000000	 41.3934426230
  0.0647058824	170.0000000000	 59.4117647059
  0.1167048055	437.0000000000	 23.1121281465
  0.1181818182	550.0000000000	 18.3636363636
  0.1073446328	177.0000000000	 57.0621468927
  0.1173469388	784.0000000000	 12.8826530612
  0.1129707113	717.0000000000	 14.0864714086
  0.1173469388	196.0000000000	 51.5306122449
  0.0732600733	273.0000000000	 36.9963369963
  0.1178160920	348.0000000000	 29.0229885057
  0.1080586081	546.0000000000	 18.4981684982
  0.1503759398	133.0000000000	 75.9398496241
  0.1247863248	1170.0000000000	  8.6324786325
  0.1578947368	133.0000000000	 75.9398496241
  0.1164021164	189.0000000000	 53.4391534392
  0.1165254237	944.0000000000	 10.6991525424
  0.1367521368	1170.0000000000	  8.6324786325
  0.1164772727	1056.0000000000	  9.5643939394
  0.1213720317	379.0000000000	 26.6490765172
  0.1287375415	1204.0000000000	  8.3887043189
  0.1205673759	141.0000000000	 71.6312056738
  0.1214285714	840.0000000000	 12.0238095238
  0.1051980198	808.0000000000	 12.5000000000
  0.1183431953	169.0000000000	 59.7633136095
  0.1104294479	326.0000000000	 30.9815950920
  0.1157407407	216.0000000000	 46.7592592593
  0.1151515152	165.0000000000	 61.2121212121
  0.1250000000	248.0000000000	 40.7258064516
  0.1192052980	151.0000000000	 66.8874172185
  0.1082802548	628.0000000000	 16.0828025478
  0.1050632911	790.0000000000	 12.7848101266
  0.1304347826	138.0000000000	 73.1884057971
  0.0765765766	222.0000000000	 45.4954954955
  0.1523178808	151.0000000000	 66.8874172185
  0.1145996860	637.0000000000	 15.8555729984
  0.1100000000	500.0000000000	 20.2000000000
  0.1258278146	151.0000000000	 66.8874172185
  0.1121495327	535.0000000000	 18.8785046729
  0.1076066790	539.0000000000	 18.7384044527
  0.1016949153	708.0000000000	 14.2655367232
  0.1036414566	357.0000000000	 28.2913165266
  0.1020408163	1029.0000000000	  9.8153547133
  0.1226415094	318.0000000000	 31.7610062893
  0.1320754717	159.0000000000	 63.5220125786
  0.1156069364	173.0000000000	 58.3815028902
  0.1033994334	706.0000000000	 14.3059490085
  0.1338028169	142.0000000000	 71.1267605634
  0.1073446328	354.0000000000	 28.5310734463
  0.1234693878	980.0000000000	 10.3061224490
  0.1226252159	579.0000000000	 17.4438687392
  0.1279620853	211.0000000000	 47.8672985782
  0.1139896373	386.0000000000	 26.1658031088
  0.1076624636	1031.0000000000	  9.7963142580
  0.0801526718	262.0000000000	 38.5496183206
  0.1127272727	550.0000000000	 18.3636363636
  0.1155433287	727.0000000000	 13.8927097662
  0.1014492754	690.0000000000	 14.6376811594
  0.1245465538	827.0000000000	 12.2128174123
  0.1122994652	374.0000000000	 27.0053475936
  0.1093474427	567.0000000000	 17.8130511464
  0.1338028169	1136.0000000000	  8.8908450704
  0.1147308782	1412.0000000000	  7.1529745042
  0.1197552448	1144.0000000000	  8.8286713287
  0.1384615385	195.0000000000	 51.7948717949
  0.1049180328	305.0000000000	 33.1147540984
  0.1360544218	147.0000000000	 68.7074829932
  0.1452282158	241.0000000000	 41.9087136929
  0.1155963303	545.0000000000	 18.5321100917
  0.1735537190	121.0000000000	 83.4710743802
  0.1180555556	144.0000000000	 70.1388888889
  0.1170731707	205.0000000000	 49.2682926829
  0.1280991736	242.0000000000	 41.7355371901
  0.0666666667	315.0000000000	 32.0634920635
  0.0710382514	183.0000000000	 55.1912568306
  0.1100000000	400.0000000000	 25.2500000000
  0.1164122137	524.0000000000	 19.2748091603
  0.1171875000	128.0000000000	 78.9062500000
  0.1353491721	1389.0000000000	  7.2714182865
  0.1107594937	316.0000000000	 31.9620253165
  0.1222707424	916.0000000000	 11.0262008734
  0.1182170543	516.0000000000	 19.5736434109
  0.1278195489	133.0000000000	 75.9398496241
  0.1033623910	803.0000000000	 12.5778331258
  0.2434729812	1647.0000000000	  6.1323618701
  0.1278195489	133.0000000000	 75.9398496241
  0.1081081081	259.0000000000	 38.9961389961
  0.1388888889	144.0000000000	 70.1388888889
  0.1063829787	188.0000000000	 53.7234042553
  0.1221719457	221.0000000000	 45.7013574661
  0.1190476190	672.0000000000	 15.0297619048
  0.0823970037	267.0000000000	 37.8277153558
  0.1130742049	283.0000000000	 35.6890459364
  0.1351351351	222.0000000000	 45.4954954955
  0.1186440678	767.0000000000	 13.1681877445
  0.1118210863	313.0000000000	 32.2683706070
  0.1051314143	799.0000000000	 12.6408010013
  0.1179039301	229.0000000000	 44.1048034934
  0.1114683816	933.0000000000	 10.8252947481
  0.1036036036	444.0000000000	 22.7477477477
  0.1205673759	141.0000000000	 71.6312056738
  0.1455938697	261.0000000000	 38.6973180077
  0.1060126582	632.0000000000	 15.9810126582
  0.1388888889	144.0000000000	 70.1388888889
  0.1085271318	387.0000000000	 26.0981912145
  0.1053677932	503.0000000000	 20.0795228628
  0.1133333333	150.0000000000	 67.3333333333
  0.1250000000	144.0000000000	 70.1388888889
  0.1250000000	224.0000000000	 45.0892857143
  0.1327586207	1160.0000000000	  8.7068965517
  0.1165644172	163.0000000000	 61.9631901840
  0.1503759398	133.0000000000	 75.9398496241
  0.1395348837	129.0000000000	 78.2945736434
  0.1366666667	1200.0000000000	  8.4166666667
  0.1091703057	458.0000000000	 22.0524017467
  0.1098901099	182.0000000000	 55.4945054945
  0.1456953642	151.0000000000	 66.8874172185
  0.0807174888	223.0000000000	 45.2914798206
  0.1085814361	571.0000000000	 17.6882661996
  0.1092150171	293.0000000000	 34.4709897611
  0.1299915038	1177.0000000000	  8.5811384877
  0.1141439206	403.0000000000	 25.0620347395
  0.1854304636	151.0000000000	 66.8874172185
  0.1149425287	174.0000000000	 58.0459770115
  0.1017964072	668.0000000000	 15.1197604790
  0.1212723658	1006.0000000000	 10.0397614314
  0.1071428571	672.0000000000	 15.0297619048
  0.1206030151	199.0000000000	 50.7537688442
  0.0934065934	182.0000000000	 55.4945054945
  0.1533333333	1200.0000000000	  8.4166666667
  0.1245421245	546.0000000000	 18.4981684982
  0.1120000000	625.0000000000	 16.1600000000
  0.1231884058	138.0000000000	 73.1884057971
  0.1493775934	1205.0000000000	  8.3817427386
  0.1527777778	144.0000000000	 70.1388888889
  0.1176470588	238.0000000000	 42.4369747899
  0.1240310078	129.0000000000	 78.2945736434
  0.1860465116	129.0000000000	 78.2945736434
  0.1670792079	808.0000000000	 12.5000000000
  0.1134259259	432.0000000000	 23.3796296296
  0.1239669421	242.0000000000	 41.7355371901
  0.1069364162	346.0000000000	 29.1907514451
  0.1091703057	229.0000000000	 44.1048034934
  0.1127819549	133.0000000000	 75.9398496241
  0.1206896552	812.0000000000	 12.4384236453
  0.1220930233	172.0000000000	 58.7209302326
  0.1055155875	417.0000000000	 24.2206235012
  0.1156716418	268.0000000000	 37.6865671642
  0.1107491857	921.0000000000	 10.9663409338
  0.1299145299	1170.0000000000	  8.6324786325
  0.1147540984	183.0000000000	 55.1912568306
  0.1388888889	144.0000000000	 70.1388888889
  0.1311475410	183.0000000000	 55.1912568306
  0.1238223419	743.0000000000	 13.5935397039
  0.1086956522	368.0000000000	 27.4456521739
  0.1129568106	903.0000000000	 11.1849390919
  0.1122448980	490.0000000000	 20.6122448980
  0.1038461538	260.0000000000	 38.8461538462
  0.1065989848	788.0000000000	 12.8172588832
  0.1184738956	996.0000000000	 10.1405622490
  0.1187500000	160.0000000000	 63.1250000000
  0.1240105541	379.0000000000	 26.6490765172
  0.1194029851	536.0000000000	 18.8432835821
  0.1304347826	138.0000000000	 73.1884057971
  0.1264367816	174.0000000000	 58.0459770115
  0.2340311326	1863.0000000000	  5.4213633924
  0.1157232704	795.0000000000	 12.7044025157
  0.1117021277	564.0000000000	 17.9078014184
  0.1312500000	160.0000000000	 63.1250000000
  0.1115498519	1013.0000000000	  9.9703849951
  0.1222410866	589.0000000000	 17.1477079796
  0.1366120219	183.0000000000	 55.1912568306
  0.1084812623	507.0000000000	 19.9211045365
  0.1229946524	187.0000000000	 54.0106951872
  0.1049504950	505.0000000000	 20.0000000000
  0.1326164875	279.0000000000	 36.2007168459
  0.1066481994	722.0000000000	 13.9889196676
  0.1388888889	144.0000000000	 70.1388888889
  0.1325757576	264.0000000000	 38.2575757576
  0.1503759398	133.0000000000	 75.9398496241
  0.0986547085	446.0000000000	 22.6457399103
  0.1255605381	223.0000000000	 45.2914798206
  0.1033834586	532.0000000000	 18.9849624060
  0.1235294118	170.0000000000	 59.4117647059
  0.1250000000	184.0000000000	 54.8913043478
  0.1220238095	672.0000000000	 15.0297619048
  0.1654135338	133.0000000000	 75.9398496241
  0.1192052980	151.0000000000	 66.8874172185
  0.1161290323	155.0000000000	 65.1612903226
  0.1175742574	808.0000000000	 12.5000000000
  0.1173469388	588.0000000000	 17.1768707483
  0.1370967742	124.0000000000	 81.4516129032
  0.1202185792	183.0000000000	 55.1912568306
  0.1311475410	183.0000000000	 55.1912568306
  0.1139896373	193.0000000000	 52.3316062176
  0.1125827815	151.0000000000	 66.8874172185
  0.1538461538	117.0000000000	 86.3247863248
  0.1060240964	415.0000000000	 24.3373493976
  0.1173708920	213.0000000000	 47.4178403756
  0.1155462185	952.0000000000	 10.6092436975
  0.1374045802	131.0000000000	 77.0992366412
  0.1128775835	629.0000000000	 16.0572337043
  0.1102150538	372.0000000000	 27.1505376344
  0.1250000000	560.0000000000	 18.0357142857
  0.1078199052	844.0000000000	 11.9668246445
  0.1194968553	159.0000000000	 63.5220125786
  0.1131498471	327.0000000000	 30.8868501529
  0.1098484848	528.0000000000	 19.1287878788
  0.1166253102	403.0000000000	 25.0620347395
  0.1140350877	456.0000000000	 22.1491228070
  0.1014492754	345.0000000000	 29.2753623188
  0.1176470588	170.0000000000	 59.4117647059
  0.1987951807	1328.0000000000	  7.6054216867
  0.1101449275	345.0000000000	 29.2753623188
  0.1159420290	138.0000000000	 73.1884057971
  0.1121495327	642.0000000000	 15.7320872274
  0.1154761905	840.0000000000	 12.0238095238
  0.1099163680	837.0000000000	 12.0669056153
  0.1305637982	337.0000000000	 29.9703264095
  0.1317934783	1472.0000000000	  6.8614130435
  0.1145320197	812.0000000000	 12.4384236453
  0.1257142857	1050.0000000000	  9.6190476190
  0.1297709924	131.0000000000	 77.0992366412
  0.1146881288	497.0000000000	 20.3219315895
  0.1250000000	224.0000000000	 45.0892857143
  0.1037037037	270.0000000000	 37.4074074074
  0.1098765432	810.0000000000	 12.4691358025
  0.1666666667	144.0000000000	 70.1388888889
  0.1058823529	170.0000000000	 59.4117647059
  0.1176470588	153.0000000000	 66.0130718954
  0.1067125645	581.0000000000	 17.3838209983
  0.1220423412	803.0000000000	 12.5778331258
  0.1571627260	719.0000000000	 14.0472878999
  0.1078167116	371.0000000000	 27.2237196765
  0.1456953642	151.0000000000	 66.8874172185
  0.1151315789	608.0000000000	 16.6118421053
  0.1225540680	971.0000000000	 10.4016477858
  0.1145194274	489.0000000000	 20.6543967280
  0.1116389549	421.0000000000	 23.9904988124
  0.1250000000	144.0000000000	 70.1388888889
  0.2373188406	1656.0000000000	  6.0990338164
  0.2525951557	867.0000000000	 11.6493656286
  0.2015151515	1320.0000000000	  7.6515151515
  0.1399787911	943.0000000000	 10.7104984093
  0.1065573770	488.0000000000	 20.6967213115
  0.1068702290	393.0000000000	 25.6997455471
  0.1009900990	505.0000000000	 20.0000000000
  0.1140684411	526.0000000000	 19.2015209125
  0.1175438596	570.0000000000	 17.7192982456
  0.1235294118	170.0000000000	 59.4117647059
  0.1472868217	129.0000000000	 78.2945736434
  0.1046931408	277.0000000000	 36.4620938628
  0.1523178808	151.0000000000	 66.8874172185
  0.0790960452	531.0000000000	 19.0207156309
  0.1282051282	468.0000000000	 21.5811965812
  0.1043083900	441.0000000000	 22.9024943311
  0.1155778894	199.0000000000	 50.7537688442
  0.1736111111	144.0000000000	 70.1388888889
  0.1173184358	716.0000000000	 14.1061452514
  0.0822784810	316.0000000000	 31.9620253165
  0.1228915663	830.0000000000	 12.1686746988
  0.1197916667	576.0000000000	 17.5347222222
  0.1087378641	515.0000000000	 19.6116504854
  0.1282442748	1310.0000000000	  7.7099236641
  0.1238805970	1340.0000000000	  7.5373134328
  0.1428571429	133.0000000000	 75.9398496241
  0.1187500000	160.0000000000	 63.1250000000
  0.1094091904	457.0000000000	 22.1006564551
  0.1169154229	402.0000000000	 25.1243781095
  0.0990099010	404.0000000000	 25.0000000000
  0.1390134529	223.0000000000	 45.2914798206
  0.1156250000	1280.0000000000	  7.8906250000
  0.1342975207	484.0000000000	 20.8677685950
  0.1133333333	450.0000000000	 22.4444444444
  0.1094276094	1188.0000000000	  8.5016835017
  0.1527777778	144.0000000000	 70.1388888889
  0.1259079903	826.0000000000	 12.2276029056
  0.0826446281	242.0000000000	 41.7355371901
  0.1719613260	1448.0000000000	  6.9751381215
  0.1279317697	469.0000000000	 21.5351812367
  0.1216931217	189.0000000000	 53.4391534392
  0.1149110807	731.0000000000	 13.8166894665
  0.1089108911	505.0000000000	 20.0000000000
  0.1263940520	269.0000000000	 37.5464684015
  0.1325757576	264.0000000000	 38.2575757576
  0.1250000000	224.0000000000	 45.0892857143
  0.1241379310	1160.0000000000	  8.7068965517
  0.1121387283	865.0000000000	 11.6763005780
  0.1041055718	682.0000000000	 14.8093841642
  0.1079754601	815.0000000000	 12.3926380368
  0.1146496815	157.0000000000	 64.3312101911
  0.1131498471	327.0000000000	 30.8868501529
  0.1250000000	816.0000000000	 12.3774509804
  0.1030701754	912.0000000000	 11.0745614035
  0.1341463415	164.0000000000	 61.5853658537
  0.1177347243	671.0000000000	 15.0521609538
  0.1144278607	201.0000000000	 50.2487562189
  0.1315789474	114.0000000000	 88.5964912281
  0.2046004843	826.0000000000	 12.2276029056
  0.0654761905	168.0000000000	 60.1190476190
  0.1188811189	286.0000000000	 35.3146853147
  0.1259500543	921.0000000000	 10.9663409338
  0.1054131054	351.0000000000	 28.7749287749
  0.1687500000	160.0000000000	 63.1250000000
  0.1401179941	1356.0000000000	  7.4483775811
  0.1120218579	366.0000000000	 27.5956284153
  0.0654761905	168.0000000000	 60.1190476190
  0.1172413793	290.0000000000	 34.8275862069
  0.1431564246	1432.0000000000	  7.0530726257
  0.1326259947	377.0000000000	 26.7904509284
  0.1146496815	628.0000000000	 16.0828025478
  0.1056803170	757.0000000000	 13.3421400264
  0.1069518717	561.0000000000	 18.0035650624
  0.1102449889	898.0000000000	 11.2472160356
  0.1164021164	945.0000000000	 10.6878306878
  0.1172413793	290.0000000000	 34.8275862069
  0.1367521368	117.0000000000	 86.3247863248
  0.1500000000	160.0000000000	 63.1250000000
  0.1238738739	444.0000000000	 22.7477477477
  0.1140350877	684.0000000000	 14.7660818713
  0.1376811594	138.0000000000	 73.1884057971
  0.1104199067	643.0000000000	 15.7076205288
  0.1034482759	464.0000000000	 21.7672413793
  0.1358024691	162.0000000000	 62.3456790123
  0.1150000000	200.0000000000	 50.5000000000
  0.1102150538	744.0000000000	 13.5752688172
  0.1096121417	593.0000000000	 17.0320404722
  0.1161616162	792.0000000000	 12.7525252525
  0.1070983811	803.0000000000	 12.5778331258
  0.1124497992	498.0000000000	 20.2811244980
  0.1390728477	151.0000000000	 66.8874172185
  0.0921409214	738.0000000000	 13.6856368564
  0.1046728972	535.0000000000	 18.8785046729
  0.1159420290	345.0000000000	 29.2753623188
  0.1159830269	707.0000000000	 14.2857142857
  0.1209439528	339.0000000000	 29.7935103245
  0.1219211823	812.0000000000	 12.4384236453
  0.1366906475	139.0000000000	 72.6618705036
  0.1269487751	449.0000000000	 22.4944320713
  0.1028225806	496.0000000000	 20.3629032258
  0.1062355658	433.0000000000	 23.3256351039
  0.1151515152	495.0000000000	 20.4040404040
  0.1210191083	785.0000000000	 12.8662420382
  0.1305803571	896.0000000000	 11.2723214286
  0.1129707113	239.0000000000	 42.2594142259
  0.1402027027	592.0000000000	 17.0608108108
  0.1240310078	129.0000000000	 78.2945736434
  0.1111111111	432.0000000000	 23.3796296296
  0.1070983811	803.0000000000	 12.5778331258
  0.1038961039	308.0000000000	 32.7922077922
  0.1148148148	270.0000000000	 37.4074074074
  0.1158238173	613.0000000000	 16.4763458401
  0.0976562500	256.0000000000	 39.4531250000
  0.1167664671	334.0000000000	 30.2395209581
  0.1325966851	181.0000000000	 55.8011049724
  0.1216848674	641.0000000000	 15.7566302652
  0.0838095238	525.0000000000	 19.2380952381
  0.1052631579	665.0000000000	 15.1879699248
  0.1095505618	712.0000000000	 14.1853932584
  0.1586345382	996.0000000000	 10.1405622490
  0.1570247934	121.0000000000	 83.4710743802
  0.1095152603	557.0000000000	 18.1328545781
  0.1317829457	129.0000000000	 78.2945736434
  0.1063829787	188.0000000000	 53.7234042553
  0.1078014184	705.0000000000	 14.3262411348
  0.1098748261	719.0000000000	 14.0472878999
  0.1174603175	315.0000000000	 32.0634920635
  0.0684410646	263.0000000000	 38.4030418251
  0.1451612903	186.0000000000	 54.3010752688
  0.1408024224	1321.0000000000	  7.6457229372
  0.1366120219	183.0000000000	 55.1912568306
  0.1200000000	200.0000000000	 50.5000000000
  0.1259541985	262.0000000000	 38.5496183206
  0.1094890511	411.0000000000	 24.5742092457
  0.1293103448	1160.0000000000	  8.7068965517
  0.1432274789	1543.0000000000	  6.5456902139
  0.1176470588	170.0000000000	 59.4117647059
  0.1352941176	170.0000000000	 59.4117647059
  0.1739130435	138.0000000000	 73.1884057971
  0.1201298701	616.0000000000	 16.3961038961
  0.1171003717	538.0000000000	 18.7732342007
  0.1194029851	603.0000000000	 16.7495854063
  0.1114551084	646.0000000000	 15.6346749226
  0.1098484848	264.0000000000	 38.2575757576
  0.1119133574	277.0000000000	 36.4620938628
  0.1237785016	307.0000000000	 32.8990228013
  0.1059479554	538.0000000000	 18.7732342007
  0.1340909091	440.0000000000	 22.9545454545
  0.1084337349	415.0000000000	 24.3373493976
  0.1033755274	474.0000000000	 21.3080168776
  0.1213872832	346.0000000000	 29.1907514451
  0.1578947368	133.0000000000	 75.9398496241
  0.1245136187	257.0000000000	 39.2996108949
  0.1102040816	490.0000000000	 20.6122448980
  0.1857734807	1448.0000000000	  6.9751381215
  0.1083150985	914.0000000000	 11.0503282276
  0.1192307692	260.0000000000	 38.8461538462
  0.1030303030	660.0000000000	 15.3030303030
  0.1101449275	345.0000000000	 29.2753623188
  0.1136919315	818.0000000000	 12.3471882641
  0.1258278146	151.0000000000	 66.8874172185
  0.1231155779	1194.0000000000	  8.4589614740
  0.1115173675	547.0000000000	 18.4643510055
  0.1250000000	144.0000000000	 70.1388888889
  0.1248206600	697.0000000000	 14.4906743185
  0.1313269494	731.0000000000	 13.8166894665
  0.1212121212	264.0000000000	 38.2575757576
  0.1213872832	519.0000000000	 19.4605009634
  0.1336760925	389.0000000000	 25.9640102828
  0.1104000000	625.0000000000	 16.1600000000
  0.1660623640	1379.0000000000	  7.3241479333
  0.1353383459	133.0000000000	 75.9398496241
  0.1818181818	121.0000000000	 83.4710743802
  0.1137566138	378.0000000000	 26.7195767196
  0.1200000000	200.0000000000	 50.5000000000
  0.1231884058	138.0000000000	 73.1884057971
  0.1243523316	386.0000000000	 26.1658031088
  0.1388888889	144.0000000000	 70.1388888889
  0.1118493909	903.0000000000	 11.1849390919
  0.1352941176	170.0000000000	 59.4117647059
  0.1279069767	1290.0000000000	  7.8294573643
  0.1370967742	124.0000000000	 81.4516129032
  0.1325966851	181.0000000000	 55.8011049724
  0.1129326047	549.0000000000	 18.3970856102
  0.1153846154	234.0000000000	 43.1623931624
  0.1231884058	138.0000000000	 73.1884057971
  0.1000000000	410.0000000000	 24.6341463415
  0.1192307692	260.0000000000	 38.8461538462
  0.1250000000	160.0000000000	 63.1250000000
  0.1173633441	622.0000000000	 16.2379421222
  0.1254237288	295.0000000000	 34.2372881356
  0.1109530583	703.0000000000	 14.3669985775
  0.1146245059	253.0000000000	 39.9209486166
  0.1087866109	239.0000000000	 42.2594142259
  0.1109298532	613.0000000000	 16.4763458401
  0.2140825036	1406.0000000000	  7.1834992888
  0.1250000000	200.0000000000	 50.5000000000
  0.1457055215	652.0000000000	 15.4907975460
  0.1164658635	249.0000000000	 40.5622489960
  0.1185770751	253.0000000000	 39.9209486166
  0.1177685950	484.0000000000	 20.8677685950
  0.1005917160	507.0000000000	 19.9211045365
  0.1169590643	171.0000000000	 59.0643274854
  0.1267605634	213.0000000000	 47.4178403756
  0.1176470588	170.0000000000	 59.4117647059
  0.1317733990	812.0000000000	 12.4384236453
  0.1170018282	547.0000000000	 18.4643510055
  0.1156250000	640.0000000000	 15.7812500000
  0.1176470588	170.0000000000	 59.4117647059
  0.1714285714	105.0000000000	 96.1904761905
  0.1088328076	634.0000000000	 15.9305993691
  0.1361256545	191.0000000000	 52.8795811518
  0.1119005329	563.0000000000	 17.9396092362
  0.1129707113	239.0000000000	 42.2594142259
  0.1825726141	1205.0000000000	  8.3817427386
  0.1265822785	158.0000000000	 63.9240506329
  0.1314935065	616.0000000000	 16.3961038961
  0.1071071071	999.0000000000	 10.1101101101
  0.1136363636	220.0000000000	 45.9090909091
  0.1208053691	149.0000000000	 67.7852348993
  0.1043219076	671.0000000000	 15.0521609538
  0.1281169390	1163.0000000000	  8.6844368014
  0.1085164835	728.0000000000	 13.8736263736
  0.1408450704	923.0000000000	 10.9425785482
  0.1324503311	151.0000000000	 66.8874172185
  0.1250000000	200.0000000000	 50.5000000000
  0.1179039301	687.0000000000	 14.7016011645
  0.1448275862	1160.0000000000	  8.7068965517
  0.1977660972	1522.0000000000	  6.6360052562
  0.1269230769	260.0000000000	 38.8461538462
  0.1262975779	578.0000000000	 17.4740484429
  0.1214953271	107.0000000000	 94.3925233645
  0.0470588235	170.0000000000	 59.4117647059
  0.1115241636	269.0000000000	 37.5464684015
  0.1096345515	602.0000000000	 16.7774086379
  0.1323722149	763.0000000000	 13.2372214941
  0.1274900398	251.0000000000	 40.2390438247
  0.1362068966	1160.0000000000	  8.7068965517
  0.1099656357	291.0000000000	 34.7079037801
  0.1194184839	963.0000000000	 10.4880581516
  0.1319444444	144.0000000000	 70.1388888889
  0.1381692573	1158.0000000000	  8.7219343696
  0.1150000000	200.0000000000	 50.5000000000
  0.1511194030	1072.0000000000	  9.4216417910
  0.1057192374	577.0000000000	 17.5043327556
  0.1180400891	449.0000000000	 22.4944320713
  0.1312500000	160.0000000000	 63.1250000000
  0.1036269430	193.0000000000	 52.3316062176
  0.1250000000	160.0000000000	 63.1250000000
  0.1200000000	450.0000000000	 22.4444444444
  0.2277867528	1857.0000000000	  5.4388799138
  0.1290322581	124.0000000000	 81.4516129032
  0.1312500000	320.0000000000	 31.5625000000
  0.1173708920	213.0000000000	 47.4178403756
  0.1297709924	655.0000000000	 15.4198473282
  0.1323210412	461.0000000000	 21.9088937093
  0.1456953642	151.0000000000	 66.8874172185
  0.1022727273	616.0000000000	 16.3961038961
  0.1255813953	215.0000000000	 46.9767441860
  0.1235632184	348.0000000000	 29.0229885057
  0.1276595745	282.0000000000	 35.8156028369
  0.1290322581	186.0000000000	 54.3010752688
  0.1154362416	745.0000000000	 13.5570469799
  0.1562500000	160.0000000000	 63.1250000000
  0.1090146751	477.0000000000	 21.1740041929
  0.1578947368	133.0000000000	 75.9398496241
  0.1095305832	703.0000000000	 14.3669985775
  0.1130434783	345.0000000000	 29.2753623188
  0.1200000000	200.0000000000	 50.5000000000
  0.1213592233	206.0000000000	 49.0291262136
  0.1302931596	921.0000000000	 10.9663409338
  0.1121764142	1043.0000000000	  9.6836049856
  0.1317829457	129.0000000000	 78.2945736434
  0.1625000000	160.0000000000	 63.1250000000
  0.1250000000	144.0000000000	 70.1388888889
  0.1228070175	912.0000000000	 11.0745614035
  0.1004070556	737.0000000000	 13.7042062415
  0.1186440678	295.0000000000	 34.2372881356
  0.1205357143	224.0000000000	 45.0892857143
  0.1182795699	279.0000000000	 36.2007168459
  0.2190635452	1794.0000000000	  5.6298773690
  0.1213768116	552.0000000000	 18.2971014493
  0.1187904968	463.0000000000	 21.8142548596
  0.1178160920	348.0000000000	 29.0229885057
  0.1202185792	183.0000000000	 55.1912568306
  0.1052631579	646.0000000000	 15.6346749226
  0.1221441125	1138.0000000000	  8.8752196837
  0.1330275229	218.0000000000	 46.3302752294
  0.1129476584	363.0000000000	 27.8236914601
  0.0754716981	159.0000000000	 63.5220125786
  0.1050788091	571.0000000000	 17.6882661996
  0.1187500000	160.0000000000	 63.1250000000
  0.1181102362	254.0000000000	 39.7637795276
  0.1376811594	138.0000000000	 73.1884057971
  0.1146666667	375.0000000000	 26.9333333333
  0.1255411255	693.0000000000	 14.5743145743
  0.2354272779	1767.0000000000	  5.7159026599
  0.1137724551	167.0000000000	 60.4790419162
  0.1166666667	180.0000000000	 56.1111111111
  0.1319444444	144.0000000000	 70.1388888889
  0.1200000000	550.0000000000	 18.3636363636
  0.1042780749	748.0000000000	 13.5026737968
  0.1327014218	422.0000000000	 23.9336492891
  0.1098130841	428.0000000000	 23.5981308411
  0.1068376068	468.0000000000	 21.5811965812
  0.1131313131	495.0000000000	 20.4040404040
  0.1075110457	679.0000000000	 14.8748159057
  0.1091160221	724.0000000000	 13.9502762431
  0.1153546376	1283.0000000000	  7.8721745908
  0.1187904968	463.0000000000	 21.8142548596
  0.1064552661	883.0000000000	 11.4382785957
  0.1570247934	121.0000000000	 83.4710743802
  0.1070175439	570.0000000000	 17.7192982456
  0.1001926782	519.0000000000	 19.4605009634
  0.1120331950	241.0000000000	 41.9087136929
  0.1269035533	197.0000000000	 51.2690355330
  0.1171875000	256.0000000000	 39.4531250000
  0.1470588235	170.0000000000	 59.4117647059
  0.1308116627	1269.0000000000	  7.9590228526
  0.1082872928	905.0000000000	 11.1602209945
  0.1252955083	846.0000000000	 11.9385342790
  0.1114864865	296.0000000000	 34.1216216216
  0.1145374449	227.0000000000	 44.4933920705
  0.1428571429	168.0000000000	 60.1190476190
  0.1250000000	200.0000000000	 50.5000000000
  0.1398747390	958.0000000000	 10.5427974948
  0.1058020478	293.0000000000	 34.4709897611
  0.1247165533	441.0000000000	 22.9024943311
  0.1213872832	173.0000000000	 58.3815028902
  0.1190082645	1210.0000000000	  8.3471074380
  0.1256830601	183.0000000000	 55.1912568306
  0.1774193548	124.0000000000	 81.4516129032
  0.1098130841	428.0000000000	 23.5981308411
  0.1605504587	1090.0000000000	  9.2660550459
  0.1130434783	460.0000000000	 21.9565217391
  0.1346362649	921.0000000000	 10.9663409338
  0.1137440758	211.0000000000	 47.8672985782
  0.1139240506	395.0000000000	 25.5696202532
  0.1059972106	717.0000000000	 14.0864714086
  0.1091405184	733.0000000000	 13.7789904502
  0.1226158038	367.0000000000	 27.5204359673
  0.1162790698	215.0000000000	 46.9767441860
  0.1187500000	160.0000000000	 63.1250000000
  0.1041666667	288.0000000000	 35.0694444444
  0.1128205128	585.0000000000	 17.2649572650
  0.1079365079	315.0000000000	 32.0634920635
  0.1175000000	400.0000000000	 25.2500000000
  0.1101152369	781.0000000000	 12.9321382843
  0.1362088536	881.0000000000	 11.4642451759
  0.1179039301	229.0000000000	 44.1048034934
  0.1341880342	1170.0000000000	  8.6324786325
  0.1500000000	200.0000000000	 50.5000000000
  0.1027190332	331.0000000000	 30.5135951662
  0.1294117647	170.0000000000	 59.4117647059
  0.1066282421	347.0000000000	 29.1066282421
  0.1250000000	200.0000000000	 50.5000000000
  0.0819672131	183.0000000000	 55.1912568306
  0.1041666667	240.0000000000	 42.0833333333
  0.1104651163	172.0000000000	 58.7209302326
  0.1212121212	495.0000000000	 20.4040404040
  0.1151515152	165.0000000000	 61.2121212121
  0.1028571429	700.0000000000	 14.4285714286
  0.1116883117	385.0000000000	 26.2337662338
  0.1256830601	183.0000000000	 55.1912568306
  0.1083743842	203.0000000000	 49.7536945813
  0.1079258010	593.0000000000	 17.0320404722
  0.1025104603	478.0000000000	 21.1297071130
  0.1043956044	728.0000000000	 13.8736263736
  0.0798319328	238.0000000000	 42.4369747899
  0.1310043668	229.0000000000	 44.1048034934
  0.1968503937	1270.0000000000	  7.9527559055
  0.1087613293	331.0000000000	 30.5135951662
  0.1456953642	151.0000000000	 66.8874172185
  0.1063291139	395.0000000000	 25.5696202532
  0.1120757695	1267.0000000000	  7.9715864246
  0.1048158640	353.0000000000	 28.6118980170
  0.0957142857	700.0000000000	 14.4285714286
  0.1376811594	138.0000000000	 73.1884057971
  0.1208053691	149.0000000000	 67.7852348993
  0.1137339056	466.0000000000	 21.6738197425
  0.1278195489	133.0000000000	 75.9398496241
  0.1075268817	651.0000000000	 15.5145929339
  0.1141304348	184.0000000000	 54.8913043478
  0.1086956522	184.0000000000	 54.8913043478
  0.1625418060	1495.0000000000	  6.7558528428
  0.1101871102	481.0000000000	 20.9979209979
  0.1290322581	310.0000000000	 32.5806451613
  0.1127819549	399.0000000000	 25.3132832080
  0.0751173709	213.0000000000	 47.4178403756
  0.1190476190	294.0000000000	 34.3537414966
  0.1177884615	416.0000000000	 24.2788461538
  0.1706989247	744.0000000000	 13.5752688172
  0.1143695015	341.0000000000	 29.6187683284
  0.1023809524	420.0000000000	 24.0476190476
  0.1438848921	139.0000000000	 72.6618705036
  0.1214713430	1169.0000000000	  8.6398631309
  0.1117647059	170.0000000000	 59.4117647059
  0.1067961165	618.0000000000	 16.3430420712
  0.1452991453	117.0000000000	 86.3247863248
  0.1175898931	1029.0000000000	  9.8153547133
  0.1408333333	1200.0000000000	  8.4166666667
  0.1264822134	253.0000000000	 39.9209486166
  0.1324503311	151.0000000000	 66.8874172185
  0.1201612903	1240.0000000000	  8.1451612903
  0.1156250000	320.0000000000	 31.5625000000
  0.0732984293	191.0000000000	 52.8795811518
  0.0977198697	307.0000000000	 32.8990228013
  0.0854870775	503.0000000000	 20.0795228628
  0.1142322097	534.0000000000	 18.9138576779
  0.1255474453	685.0000000000	 14.7445255474
  0.1068965517	290.0000000000	 34.8275862069
  0.1135857461	449.0000000000	 22.4944320713
  0.1159874608	638.0000000000	 15.8307210031
  0.1151315789	304.0000000000	 33.2236842105
  0.1036036036	222.0000000000	 45.4954954955
  0.1243243243	185.0000000000	 54.5945945946
  0.1042471042	259.0000000000	 38.9961389961
  0.1203007519	798.0000000000	 12.6566416040
  0.1178247734	993.0000000000	 10.1711983887
  0.1176470588	357.0000000000	 28.2913165266
  0.1173708920	852.0000000000	 11.8544600939
  0.1116389549	421.0000000000	 23.9904988124
  0.1222222222	360.0000000000	 28.0555555556
  0.1067193676	253.0000000000	 39.9209486166
  0.1258278146	151.0000000000	 66.8874172185
  0.1257861635	159.0000000000	 63.5220125786
  0.1081967213	610.0000000000	 16.5573770492
  0.1236673774	469.0000000000	 21.5351812367
  0.1080617496	583.0000000000	 17.3241852487
  0.1223404255	752.0000000000	 13.4308510638
  0.0968660969	351.0000000000	 28.7749287749
  0.1220472441	762.0000000000	 13.2545931759
  0.1015873016	630.0000000000	 16.0317460317
  0.1407766990	206.0000000000	 49.0291262136
  0.1111111111	378.0000000000	 26.7195767196
  0.1406628941	1237.0000000000	  8.1649151172
  0.1469696970	1320.0000000000	  7.6515151515
  0.1190476190	672.0000000000	 15.0297619048
  0.1486486486	148.0000000000	 68.2432432432
  0.1227722772	505.0000000000	 20.0000000000
  0.1047008547	468.0000000000	 21.5811965812
  0.1227336123	717.0000000000	 14.0864714086
  0.1232227488	211.0000000000	 47.8672985782
  0.1708008505	1411.0000000000	  7.1580439405
  0.1244239631	217.0000000000	 46.5437788018
  0.1072727273	550.0000000000	 18.3636363636
  0.1165048544	206.0000000000	 49.0291262136
  0.1051851852	675.0000000000	 14.9629629630
  0.1118820468	1153.0000000000	  8.7597571552
  0.0790190736	367.0000000000	 27.5204359673
  0.1187500000	320.0000000000	 31.5625000000
  0.1235294118	170.0000000000	 59.4117647059
  0.1051344743	409.0000000000	 24.6943765281
  0.1782945736	129.0000000000	 78.2945736434
  0.1000000000	640.0000000000	 15.7812500000
  0.1065292096	582.0000000000	 17.3539518900
  0.1312500000	160.0000000000	 63.1250000000
  0.1223404255	188.0000000000	 53.7234042553
  0.1374407583	211.0000000000	 47.8672985782
  0.1139240506	632.0000000000	 15.9810126582
  0.1550387597	129.0000000000	 78.2945736434
  0.1173913043	1150.0000000000	  8.7826086957
  0.1045871560	545.0000000000	 18.5321100917
  0.1296296296	270.0000000000	 37.4074074074
  0.1094339623	795.0000000000	 12.7044025157
  0.1240157480	1016.0000000000	  9.9409448819
  0.0865384615	312.0000000000	 32.3717948718
  0.1187500000	160.0000000000	 63.1250000000
  0.0902777778	288.0000000000	 35.0694444444
  0.1138790036	281.0000000000	 35.9430604982
  0.1240310078	129.0000000000	 78.2945736434
  0.1148825065	766.0000000000	 13.1853785901
  0.1145533141	1388.0000000000	  7.2766570605
  0.1257861635	159.0000000000	 63.5220125786
  0.1151832461	382.0000000000	 26.4397905759
  0.1066350711	844.0000000000	 11.9668246445
  0.1116504854	412.0000000000	 24.5145631068
  0.1124497992	249.0000000000	 40.5622489960
  0.1271186441	236.0000000000	 42.7966101695
  0.1038186158	838.0000000000	 12.0525059666
  0.1084010840	738.0000000000	 13.6856368564
  0.1231671554	341.0000000000	 29.6187683284
  0.1160609613	853.0000000000	 11.8405627198
  0.1317829457	129.0000000000	 78.2945736434
  0.1236559140	186.0000000000	 54.3010752688
  0.1156069364	173.0000000000	 58.3815028902
  0.1153846154	442.0000000000	 22.8506787330
  0.1118690314	733.0000000000	 13.7789904502
  0.1205357143	224.0000000000	 45.0892857143
  0.1235294118	170.0000000000	 59.4117647059
  0.1058951965	916.0000000000	 11.0262008734
  0.1208333333	1200.0000000000	  8.4166666667
  0.1002673797	748.0000000000	 13.5026737968
  0.1286549708	171.0000000000	 59.0643274854
  0.1320754717	159.0000000000	 63.5220125786
  0.1240310078	129.0000000000	 78.2945736434
  0.1144278607	201.0000000000	 50.2487562189
  0.1276923077	650.0000000000	 15.5384615385
  0.1117647059	170.0000000000	 59.4117647059
  0.1264367816	261.0000000000	 38.6973180077
  0.1119658120	1170.0000000000	  8.6324786325
  0.1142857143	175.0000000000	 57.7142857143
  0.1250000000	160.0000000000	 63.1250000000
  0.1449275362	138.0000000000	 73.1884057971
  0.1111111111	306.0000000000	 33.0065359477
  0.1028315946	671.0000000000	 15.0521609538
  0.1114864865	296.0000000000	 34.1216216216
  0.1101694915	472.0000000000	 21.3983050847
  0.1135531136	546.0000000000	 18.4981684982
  0.1401273885	157.0000000000	 64.3312101911
  0.1161904762	525.0000000000	 19.2380952381
  0.1094890511	959.0000000000	 10.5318039625
  0.1040816327	490.0000000000	 20.6122448980
  0.1121323529	544.0000000000	 18.5661764706
  0.1169590643	342.0000000000	 29.5321637427
  0.1314285714	1050.0000000000	  9.6190476190
  0.1275167785	149.0000000000	 67.7852348993
  0.1341256367	1178.0000000000	  8.5738539898
  0.1250000000	1160.0000000000	  8.7068965517
  0.1084558824	1088.0000000000	  9.2830882353
  0.1304347826	138.0000000000	 73.1884057971
  0.1204188482	191.0000000000	 52.8795811518
  0.1091314031	449.0000000000	 22.4944320713
  0.1280353201	453.0000000000	 22.2958057395
  0.1076923077	455.0000000000	 22.1978021978
  0.1139240506	395.0000000000	 25.5696202532
  0.1185944363	683.0000000000	 14.7877013177
  0.1231884058	138.0000000000	 73.1884057971
  0.1304347826	138.0000000000	 73.1884057971
  0.1535714286	560.0000000000	 18.0357142857
  0.1091617934	513.0000000000	 19.6881091618
  0.1071428571	224.0000000000	 45.0892857143
  0.1146245059	253.0000000000	 39.9209486166
  0.1198275862	1160.0000000000	  8.7068965517
  0.1164383562	292.0000000000	 34.5890410959
  0.1112737921	683.0000000000	 14.7877013177
  0.1090909091	220.0000000000	 45.9090909091
  0.1379310345	1160.0000000000	  8.7068965517
  0.1275571600	831.0000000000	 12.1540312876
  0.1166032953	789.0000000000	 12.8010139417
  0.1340782123	1074.0000000000	  9.4040968343
  0.1240310078	129.0000000000	 78.2945736434
  0.1191489362	235.0000000000	 42.9787234043
  0.1388888889	144.0000000000	 70.1388888889
  0.1449275362	138.0000000000	 73.1884057971
  0.0849420849	259.0000000000	 38.9961389961
  0.1176470588	153.0000000000	 66.0130718954
  0.1128048780	328.0000000000	 30.7926829268
  0.1164658635	249.0000000000	 40.5622489960
  0.1228070175	171.0000000000	 59.0643274854
  0.1282051282	117.0000000000	 86.3247863248
  0.1260964912	912.0000000000	 11.0745614035
  0.1067761807	487.0000000000	 20.7392197125
  0.1060903733	509.0000000000	 19.8428290766
  0.1158536585	328.0000000000	 30.7926829268
  0.1319444444	144.0000000000	 70.1388888889
  0.1034482759	232.0000000000	 43.5344827586
  0.1143958869	778.0000000000	 12.9820051414
  0.1376811594	138.0000000000	 73.1884057971
  0.1570247934	121.0000000000	 83.4710743802
  0.1098081023	938.0000000000	 10.7675906183
  0.1134020619	291.0000000000	 34.7079037801
  0.1107954545	352.0000000000	 28.6931818182
  0.1142857143	245.0000000000	 41.2244897959
  0.1183127572	972.0000000000	 10.3909465021
  0.1190476190	714.0000000000	 14.1456582633
  0.1375321337	778.0000000000	 12.9820051414
  0.1320754717	477.0000000000	 21.1740041929
  0.1072796935	522.0000000000	 19.3486590038
  0.1132812500	256.0000000000	 39.4531250000
  0.1232876712	219.0000000000	 46.1187214612
  0.1235294118	170.0000000000	 59.4117647059
  0.1428571429	133.0000000000	 75.9398496241
  0.1321033210	1355.0000000000	  7.4538745387
  0.1412371134	970.0000000000	 10.4123711340
  0.1304347826	138.0000000000	 73.1884057971
  0.0739130435	230.0000000000	 43.9130434783
  0.1061093248	311.0000000000	 32.4758842444
  0.1166666667	420.0000000000	 24.0476190476
  0.1081967213	610.0000000000	 16.5573770492
  0.1197183099	142.0000000000	 71.1267605634
  0.1965811966	117.0000000000	 86.3247863248
  0.1287878788	264.0000000000	 38.2575757576
  0.1071428571	896.0000000000	 11.2723214286
  0.1250000000	200.0000000000	 50.5000000000
  0.1153846154	884.0000000000	 11.4253393665
  0.1144164760	437.0000000000	 23.1121281465
  0.1146560319	1003.0000000000	 10.0697906281
  0.0471014493	276.0000000000	 36.5942028986
  0.1134453782	238.0000000000	 42.4369747899
  0.1162790698	258.0000000000	 39.1472868217
  0.1278195489	133.0000000000	 75.9398496241
  0.1127694859	603.0000000000	 16.7495854063
  0.1375000000	160.0000000000	 63.1250000000
  0.1278195489	133.0000000000	 75.9398496241
  0.1295487627	687.0000000000	 14.7016011645
  0.1072796935	522.0000000000	 19.3486590038
  0.1128205128	390.0000000000	 25.8974358974
  0.1428571429	133.0000000000	 75.9398496241
  0.1536082474	970.0000000000	 10.4123711340
  0.1205273070	531.0000000000	 19.0207156309
  0.1356783920	199.0000000000	 50.7537688442
  0.1208053691	149.0000000000	 67.7852348993
  0.1157894737	1045.0000000000	  9.6650717703
  0.1213389121	478.0000000000	 21.1297071130
  0.1117318436	179.0000000000	 56.4245810056
  0.1312500000	160.0000000000	 63.1250000000
  0.1178781925	509.0000000000	 19.8428290766
  0.1105263158	380.0000000000	 26.5789473684
  0.1165919283	223.0000000000	 45.2914798206
  0.1472868217	129.0000000000	 78.2945736434
  0.1018518519	324.0000000000	 31.1728395062
  0.1036789298	299.0000000000	 33.7792642140
  0.0644257703	357.0000000000	 28.2913165266
  0.1012987013	770.0000000000	 13.1168831169
  0.1358024691	162.0000000000	 62.3456790123
  0.1094793057	749.0000000000	 13.4846461949
  0.1213872832	173.0000000000	 58.3815028902
  0.0877192982	399.0000000000	 25.3132832080
  0.1300000000	200.0000000000	 50.5000000000
  0.1158940397	302.0000000000	 33.4437086093
  0.1057692308	624.0000000000	 16.1858974359
  0.1387755102	490.0000000000	 20.6122448980
  0.1302083333	192.0000000000	 52.6041666667
  0.1275510204	196.0000000000	 51.5306122449
  0.1456953642	151.0000000000	 66.8874172185
  0.1187335092	379.0000000000	 26.6490765172
  0.1155015198	329.0000000000	 30.6990881459
  0.1473282443	1310.0000000000	  7.7099236641
  0.1118012422	322.0000000000	 31.3664596273
  0.1160000000	500.0000000000	 20.2000000000
  0.1081081081	222.0000000000	 45.4954954955
  0.1045241810	641.0000000000	 15.7566302652
  0.1014492754	414.0000000000	 24.3961352657
  0.1501028101	1459.0000000000	  6.9225496916
  0.1124260355	338.0000000000	 29.8816568047
  0.1168831169	154.0000000000	 65.5844155844
  0.1171548117	239.0000000000	 42.2594142259
  0.1137440758	211.0000000000	 47.8672985782
  0.1152416357	269.0000000000	 37.5464684015
  0.1298701299	231.0000000000	 43.7229437229
  0.1191709845	386.0000000000	 26.1658031088
  0.1189710611	311.0000000000	 32.4758842444
  0.1474820144	834.0000000000	 12.1103117506
  0.1136363636	616.0000000000	 16.3961038961
  0.1160000000	500.0000000000	 20.2000000000
  0.1231884058	138.0000000000	 73.1884057971
  0.1352941176	170.0000000000	 59.4117647059
  0.0746753247	308.0000000000	 32.7922077922
  0.1176470588	374.0000000000	 27.0053475936
  0.1250000000	264.0000000000	 38.2575757576
  0.1150159744	313.0000000000	 32.2683706070
  0.1119402985	268.0000000000	 37.6865671642
  0.1096774194	930.0000000000	 10.8602150538
  0.1284916201	179.0000000000	 56.4245810056
  0.1184466019	515.0000000000	 19.6116504854
  0.1263736264	182.0000000000	 55.4945054945
  0.1056603774	530.0000000000	 19.0566037736
  0.1137026239	1029.0000000000	  9.8153547133
  0.1169811321	265.0000000000	 38.1132075472
  0.1090487239	431.0000000000	 23.4338747100
  0.1058823529	340.0000000000	 29.7058823529
  0.1102497847	1161.0000000000	  8.6993970715
  0.1119221411	411.0000000000	 24.5742092457
  0.1458333333	144.0000000000	 70.1388888889
  0.1231884058	138.0000000000	 73.1884057971
  0.1156138260	839.0000000000	 12.0381406436
  0.0500000000	240.0000000000	 42.0833333333
  0.1067961165	206.0000000000	 49.0291262136
  0.2321016166	866.0000000000	 11.6628175520
  0.1153081511	503.0000000000	 20.0795228628
  0.1251682369	743.0000000000	 13.5935397039
  0.1031746032	252.0000000000	 40.0793650794
  0.1085858586	792.0000000000	 12.7525252525
  0.1489361702	1128.0000000000	  8.9539007092
