0.105051000000000	12137	82.4751000000000
0.102570000000000	24471	40.9056000000000
0.102607000000000	6520	153.528000000000
0.107433000000000	30689	32.6176000000000
0.101881000000000	11219	89.2236000000000
0.101403000000000	12544	79.7991000000000
0.103473000000000	6881	145.473000000000
0.103604000000000	5299	188.904000000000
0.0915348000000000	2906	344.460000000000
0.108789000000000	19956	50.1604000000000
0.101870000000000	10052	99.5822000000000
0.103353000000000	3609	277.362000000000
0.104662000000000	3239	309.046000000000
0.101294000000000	20564	48.6773000000000
0.102259000000000	12879	77.7234000000000
0.104088000000000	4525	221.215000000000
0.103458000000000	3470	288.473000000000
0.0972316000000000	7405	135.179000000000
0.101018000000000	12087	82.8162000000000
0.103096000000000	5878	170.296000000000
0.101457000000000	9472	105.680000000000
0.103885000000000	19050	52.5459000000000
0.100924000000000	21006	47.6531000000000
0.101403000000000	18027	55.5278000000000
0.102412000000000	7421	134.887000000000
0.101873000000000	15431	64.8694000000000
0.103988000000000	3385	295.716000000000
0.103663000000000	19573	51.1419000000000
0.106699000000000	2090	478.947000000000
0.105239000000000	33172	30.1761000000000
0.102620000000000	3664	273.199000000000
0.102166000000000	21514	46.5278000000000
0.102268000000000	13005	76.9704000000000
0.103123000000000	4131	242.314000000000
0.100387000000000	12143	82.4343000000000
0.103636000000000	2750	364
0.101230000000000	18048	55.4632000000000
0.102090000000000	10716	93.4117000000000
0.102674000000000	3964	252.523000000000
0.101663000000000	9561	104.696000000000
0.103406000000000	3288	304.440000000000
0.105614000000000	2102	476.213000000000
0.103142000000000	4615	216.901000000000
0.101973000000000	10542	94.9535000000000
0.101931000000000	10409	96.1668000000000
0.101450000000000	14480	69.1298000000000
0.102035000000000	7272	137.651000000000
0.105915000000000	18496	54.1198000000000
0.104088000000000	17197	58.2078000000000
0.104370000000000	3181	314.681000000000
0.107348000000000	2953	338.977000000000
0.101567000000000	7660	130.679000000000
0.106708000000000	23972	41.7570000000000
0.101406000000000	14940	67.0013000000000
0.104668000000000	4863	205.840000000000
0.101811000000000	12867	77.7959000000000
0.101809000000000	14812	67.5803000000000
0.0938086000000000	6396	156.504000000000
0.101432000000000	21157	47.3129000000000
0.102385000000000	22308	44.8718000000000
0.101579000000000	17415	57.4792000000000
0.101153000000000	21156	47.3152000000000
0.105516000000000	5203	192.389000000000
0.105737000000000	2109	474.633000000000
0.101673000000000	9088	110.145000000000
0.101659000000000	10850	92.2581000000000
0.101420000000000	15559	64.3358000000000
0.101366000000000	15666	63.8963000000000
0.103217000000000	19493	51.3518000000000
0.102092000000000	12479	80.2148000000000
0.104674000000000	11875	84.2947000000000
0.106043000000000	2565	390.253000000000
0.103769000000000	2149	465.798000000000
0.101402000000000	19191	52.1599000000000
0.103415000000000	5241	190.994000000000
0.103711000000000	31395	31.8841000000000
0.105051000000000	12137	82.4751000000000
0.101545000000000	9188	108.946000000000
0.112308000000000	13187	75.9081000000000
0.104532000000000	2449	408.738000000000
0.105051000000000	12137	82.4751000000000
0.102163000000000	25156	39.7917000000000
0.103004000000000	26533	37.7266000000000
0.101983000000000	25465	39.3089000000000
0.104809000000000	2433	411.426000000000
0.103979000000000	16186	61.8436000000000
0.103319000000000	2923	342.456000000000
0.102926000000000	12951	77.2913000000000
0.102816000000000	4474	223.737000000000
0.102514000000000	25577	39.1367000000000
0.0955403000000000	5830	171.698000000000
0.101343000000000	19725	50.7478000000000
0.108131000000000	2312	432.958000000000
0.103028000000000	16345	61.2420000000000
0.103469000000000	6543	152.988000000000
0.100906000000000	18433	54.3048000000000
0.101163000000000	18139	55.1850000000000
0.102283000000000	21949	45.6057000000000
0.108014000000000	2009	498.258000000000
0.101795000000000	15374	65.1099000000000
0.101172000000000	16467	60.7882000000000
0.102606000000000	17923	55.8500000000000
0.101460000000000	13976	71.6228000000000
0.101388000000000	11599	86.3005000000000
0.102506000000000	12370	80.9216000000000
0.101954000000000	9161	109.268000000000
0.104925000000000	2335	428.694000000000
0.101837000000000	14808	67.5986000000000
0.107450000000000	2094	478.032000000000
0.101939000000000	9594	104.336000000000
0.103616000000000	8020	124.813000000000
0.101237000000000	17622	56.8040000000000
0.103891000000000	2570	389.494000000000
0.102497000000000	11093	90.2371000000000
0.107513000000000	2409	415.525000000000
0.101834000000000	17725	56.4739000000000
0.101891000000000	8038	124.533000000000
0.105819000000000	29059	34.4472000000000
0.103307000000000	11248	88.9936000000000
0.102898000000000	16599	60.3048000000000
0.101141000000000	12705	78.7879000000000
0.102042000000000	14298	70.0098000000000
0.102074000000000	14029	71.3522000000000
0.102485000000000	10099	99.1187000000000
0.103737000000000	5967	167.756000000000
0.0936675000000000	3790	264.116000000000
0.103869000000000	18870	53.0472000000000
0.101629000000000	16334	61.2832000000000
0.102134000000000	5483	182.564000000000
0.104862000000000	2756	363.208000000000
0.104723000000000	4870	205.544000000000
0.100219000000000	15556	64.3482000000000
0.116822000000000	21032	47.5941000000000
0.101032000000000	22874	43.7615000000000
0.101515000000000	19534	51.2440000000000
0.102498000000000	16215	61.7330000000000
0.102161000000000	14066	71.1645000000000
0.0937960000000000	4755	210.515000000000
0.102338000000000	7016	142.674000000000
0.118337000000000	2045	489.487000000000
0.107126000000000	21330	46.9292000000000
0.101591000000000	11123	89.9937000000000
0.103148000000000	5972	167.616000000000
0.101678000000000	7986	125.344000000000
0.104745000000000	12096	82.7546000000000
0.104757000000000	3742	267.504000000000
0.106793000000000	33682	29.7191000000000
0.105051000000000	12137	82.4751000000000
0.101532000000000	14685	68.1648000000000
0.103226000000000	10075	99.3548000000000
0.101380000000000	17104	58.5243000000000
0.103669000000000	9048	110.632000000000
0.101705000000000	4985	200.802000000000
0.103574000000000	4953	202.100000000000
0.104157000000000	21602	46.3383000000000
0.102798000000000	4932	202.960000000000
0.105342000000000	16774	59.6757000000000
0.108580000000000	2063	485.216000000000
0.101319000000000	16522	60.5859000000000
0.105745000000000	20209	49.5324000000000
0.102510000000000	20076	49.8605000000000
0.101639000000000	22511	44.4671000000000
0.102059000000000	11121	90.0099000000000
0.102074000000000	13549	73.8800000000000
0.104059000000000	3277	305.462000000000
0.0913728000000000	6862	145.876000000000
0.110046000000000	33186	30.1633000000000
0.104315000000000	4496	222.642000000000
0.104468000000000	31311	31.9696000000000
0.102481000000000	17047	58.7200000000000
0.103893000000000	3802	263.282000000000
0.105013000000000	3571	280.314000000000
0.102859000000000	19133	52.3180000000000
0.106061000000000	2574	388.889000000000
0.102160000000000	19117	52.3618000000000
0.104882000000000	4691	213.387000000000
0.105263000000000	2071	483.341000000000
0.103915000000000	4138	241.904000000000
0.112469000000000	2045	489.487000000000
0.101607000000000	11515	86.9301000000000
0.105042000000000	17631	56.7750000000000
0.109059000000000	2815	355.595000000000
0.102560000000000	6133	163.215000000000
0.106706000000000	3683	271.789000000000
0.102807000000000	11721	85.4023000000000
0.102154000000000	8262	121.157000000000
0.103448000000000	4785	209.195000000000
0.104490000000000	18662	53.6384000000000
0.101867000000000	9748	102.688000000000
0.101560000000000	18009	55.5833000000000
0.103496000000000	2174	460.442000000000
0.107459000000000	27750	36.0721000000000
0.103853000000000	2388	419.179000000000
0.105047000000000	3408	293.721000000000
0.100574000000000	13592	73.6463000000000
0.101882000000000	9511	105.247000000000
0.102422000000000	15485	64.6432000000000
0.101231000000000	21278	47.0439000000000
0.101418000000000	23270	43.0168000000000
0.103219000000000	11897	84.1389000000000
0.103662000000000	8055	124.271000000000
0.101763000000000	9699	103.207000000000
0.101995000000000	16040	62.4065000000000
0.104384000000000	9216	108.615000000000
0.101918000000000	7663	130.628000000000
0.103029000000000	14559	68.7547000000000
0.104055000000000	26880	37.2396000000000
0.103175000000000	4158	240.741000000000
0.102892000000000	7746	129.228000000000
0.101871000000000	23785	42.0853000000000
0.106358000000000	3366	297.386000000000
0.101804000000000	11139	89.8644000000000
0.101243000000000	15685	63.8189000000000
0.104746000000000	2339	427.961000000000
0.102071000000000	21485	46.5906000000000
0.101820000000000	17639	56.7492000000000
0.101460000000000	15553	64.3606000000000
0.110513000000000	2045	489.487000000000
0.103906000000000	2637	379.598000000000
0.105288000000000	2137	468.414000000000
0.105832000000000	3052	327.982000000000
0.105051000000000	12137	82.4751000000000
0.105772000000000	3101	322.799000000000
0.102655000000000	7082	141.344000000000
0.110005000000000	2009	498.258000000000
0.105359000000000	3863	259.125000000000
0.102722000000000	19139	52.3016000000000
0.106217000000000	3201	312.715000000000
0.101308000000000	13069	76.5935000000000
0.108027000000000	19782	50.6016000000000
0.103175000000000	20092	49.8208000000000
0.100623000000000	23434	42.7157000000000
0.101682000000000	11772	85.0323000000000
0.103117000000000	26824	37.3173000000000
0.101549000000000	21369	46.8436000000000
0.104294000000000	2282	438.650000000000
0.112018000000000	2696	371.291000000000
0.101272000000000	21072	47.5038000000000
0.0892403000000000	3541	282.689000000000
0.102472000000000	7241	138.241000000000
0.102657000000000	6624	151.117000000000
0.104977000000000	3315	301.961000000000
0.103610000000000	7480	133.824000000000
0.101669000000000	20616	48.5545000000000
0.103704000000000	3780	264.815000000000
0.102412000000000	16131	62.0544000000000
0.105905000000000	3607	277.516000000000
0.101218000000000	21597	46.3490000000000
0.105848000000000	2069	483.809000000000
0.107269000000000	5668	176.606000000000
0.101395000000000	21579	46.3877000000000
0.100656000000000	19969	50.1277000000000
0.107456000000000	2280	439.035000000000
0.104704000000000	22874	43.7615000000000
0.101399000000000	16440	60.8881000000000
0.103191000000000	5892	169.891000000000
0.101938000000000	22190	45.1104000000000
0.101414000000000	14140	70.7921000000000
0.102306000000000	24505	40.8488000000000
0.110145000000000	2070	483.575000000000
0.103957000000000	2982	335.681000000000
0.102953000000000	4808	208.195000000000
0.101434000000000	15202	65.8466000000000
0.102342000000000	5423	184.584000000000
0.100881000000000	24861	40.2639000000000
0.102595000000000	19923	50.2434000000000
0.102066000000000	25366	39.4623000000000
0.101885000000000	7057	141.845000000000
0.105023000000000	2628	380.898000000000
0.103316000000000	4162	240.509000000000
0.102652000000000	10180	98.3301000000000
0.105637000000000	7611	131.520000000000
0.102730000000000	12489	80.1505000000000
0.103346000000000	28748	34.8198000000000
0.106159000000000	2939	340.592000000000
0.104949000000000	2344	427.048000000000
0.105353000000000	4110	243.552000000000
0.102558000000000	4144	241.554000000000
0.104045000000000	6699	149.425000000000
0.101990000000000	11158	89.7114000000000
0.102513000000000	8038	124.533000000000
0.105010000000000	7266	137.765000000000
0.102904000000000	16530	60.5566000000000
0.102384000000000	7677	130.389000000000
0.104444000000000	3600	278.056000000000
0.101207000000000	8784	113.957000000000
0.106371000000000	9260	108.099000000000
0.103769000000000	4616	216.854000000000
0.111935000000000	29517	33.9127000000000
0.105051000000000	12137	82.4751000000000
0.105314000000000	2070	483.575000000000
0.101966000000000	20546	48.7199000000000
0.102412000000000	17205	58.1808000000000
0.103600000000000	2722	367.744000000000
0.103419000000000	4680	213.889000000000
0.105737000000000	24684	40.5526000000000
0.101627000000000	14386	69.5815000000000
0.102691000000000	17616	56.8233000000000
0.104797000000000	29438	34.0037000000000
0.103235000000000	8873	112.814000000000
0.105623000000000	2045	489.487000000000
0.103839000000000	27090	36.9509000000000
0.107309000000000	2572	389.191000000000
0.101395000000000	15622	64.0763000000000
0.101508000000000	13861	72.2170000000000
0.101791000000000	8429	118.757000000000
0.101697000000000	10610	94.3450000000000
0.107298000000000	29749	33.6482000000000
0.103878000000000	23412	42.7559000000000
0.103421000000000	3829	261.426000000000
0.101960000000000	23107	43.3202000000000
0.104256000000000	3501	285.918000000000
0.103370000000000	5727	174.786000000000
0.103573000000000	2771	361.241000000000
0.100968000000000	21581	46.3834000000000
0.0920245000000000	3749	267.005000000000
0.102592000000000	16707	59.9150000000000
0.102735000000000	7349	136.209000000000
0.102342000000000	7172	139.571000000000
0.103215000000000	11229	89.1442000000000
0.105154000000000	2406	416.043000000000
0.101723000000000	22581	44.3293000000000
0.106138000000000	26409	37.9037000000000
0.101148000000000	14375	69.6348000000000
0.108706000000000	2033	492.376000000000
0.101035000000000	13045	76.7344000000000
0.105389000000000	2097	477.349000000000
0.102143000000000	18856	53.0866000000000
0.103694000000000	2247	445.483000000000
0.101381000000000	20270	49.3833000000000
0.103792000000000	5010	199.800000000000
0.102662000000000	4734	211.449000000000
0.101425000000000	12985	77.0889000000000
0.105786000000000	2921	342.691000000000
0.102564000000000	6981	143.389000000000
0.103083000000000	8304	120.544000000000
0.101909000000000	18958	52.8009000000000
0.105812000000000	2013	497.268000000000
0.0954412000000000	3751	266.862000000000
0.104813000000000	3387	295.542000000000
0.105493000000000	8702	115.031000000000
0.103439000000000	3722	268.941000000000
0.101605000000000	14891	67.2218000000000
0.100967000000000	15619	64.0886000000000
0.106646000000000	27746	36.0773000000000
0.103709000000000	7010	142.796000000000
0.105589000000000	28450	35.1845000000000
0.105161000000000	2054	487.342000000000
0.101554000000000	9591	104.369000000000
0.105364000000000	2610	383.525000000000
0.101319000000000	12130	82.5227000000000
0.101147000000000	16827	59.4877000000000
0.103407000000000	31874	31.4049000000000
0.102597000000000	4698	213.069000000000
0.103874000000000	2917	343.161000000000
0.102373000000000	14076	71.1140000000000
0.105756000000000	2884	347.087000000000
0.101409000000000	9723	102.952000000000
0.103214000000000	4263	234.811000000000
0.103132000000000	5013	199.681000000000
0.106187000000000	2279	439.228000000000
0.104034000000000	3768	265.658000000000
0.102827000000000	5660	176.855000000000
0.104918000000000	2440	410.246000000000
0.0855856000000000	3330	300.601000000000
0.104508000000000	17635	56.7621000000000
0.104464000000000	29503	33.9288000000000
0.102828000000000	12166	82.2785000000000
0.100950000000000	11055	90.5473000000000
0.101519000000000	16194	61.8130000000000
0.102486000000000	14480	69.1298000000000
0.102458000000000	20096	49.8109000000000
0.105522000000000	29520	33.9092000000000
0.102114000000000	12486	80.1698000000000
0.105399000000000	26689	37.5061000000000
0.102771000000000	3717	269.303000000000
0.104129000000000	16566	60.4250000000000
0.101176000000000	18878	53.0247000000000
0.102861000000000	10101	99.0991000000000
0.103635000000000	5365	186.580000000000
0.101536000000000	13542	73.9182000000000
0.108147000000000	2062	485.451000000000
0.104149000000000	2410	415.353000000000
0.101549000000000	18986	52.7231000000000
0.101264000000000	12660	79.0679000000000
0.102452000000000	8892	112.573000000000
0.104190000000000	8091	123.718000000000
0.101945000000000	10643	94.0524000000000
0.105097000000000	2217	451.511000000000
0.105070000000000	5444	183.872000000000
0.103839000000000	4064	246.309000000000
0.101550000000000	10645	94.0348000000000
0.102719000000000	22070	45.3557000000000
0.103647000000000	4332	231.071000000000
0.101021000000000	23797	42.0641000000000
0.101264000000000	21518	46.5192000000000
0.105671000000000	2063	485.216000000000
0.103862000000000	13672	73.2153000000000
0.105817000000000	10641	94.0701000000000
0.102098000000000	17395	57.5453000000000
0.103655000000000	10699	93.5601000000000
0.101917000000000	8399	119.181000000000
0.101082000000000	17006	58.8616000000000
0.100871000000000	15951	62.7547000000000
0.103113000000000	3084	324.578000000000
0.101376000000000	11847	84.4940000000000
0.102091000000000	22098	45.2982000000000
0.105112000000000	6945	144.132000000000
0.103400000000000	7795	128.416000000000
0.0885798000000000	2732	366.398000000000
0.104750000000000	5432	184.278000000000
0.106178000000000	2072	483.108000000000
0.103233000000000	3526	283.891000000000
0.102150000000000	9163	109.244000000000
0.104381000000000	16162	61.9354000000000
0.101576000000000	20753	48.2340000000000
0.108017000000000	2083	480.557000000000
0.103268000000000	7253	138.012000000000
0.102242000000000	9546	104.861000000000
0.105075000000000	2798	357.756000000000
0.102207000000000	5166	193.767000000000
0.110836000000000	2021	495.299000000000
0.104161000000000	3485	287.231000000000
0.101188000000000	16247	61.6114000000000
0.104386000000000	3602	277.901000000000
0.105665000000000	21218	47.1769000000000
0.102486000000000	3620	276.519000000000
0.105263000000000	2261	442.724000000000
0.101041000000000	15083	66.3661000000000
0.101570000000000	24899	40.2024000000000
0.105410000000000	2514	398.170000000000
0.103240000000000	2809	356.355000000000
0.102713000000000	3797	263.629000000000
0.101961000000000	24990	40.0560000000000
0.102599000000000	6540	153.058000000000
0.103342000000000	5864	170.703000000000
0.105623000000000	2045	489.487000000000
0.102141000000000	17231	58.0930000000000
0.107610000000000	2444	409.574000000000
0.102469000000000	8666	115.509000000000
0.104102000000000	7387	135.508000000000
0.103369000000000	12199	82.0559000000000
0.102212000000000	13247	75.5643000000000
0.103853000000000	2985	335.343000000000
0.103198000000000	8256	121.245000000000
0.104109000000000	2872	348.538000000000
0.101409000000000	13342	75.0262000000000
0.101334000000000	14388	69.5719000000000
0.101810000000000	11492	87.1041000000000
0.105184000000000	2662	376.033000000000
0.102557000000000	7469	134.021000000000
0.0917120000000000	2944	340.014000000000
0.102656000000000	7267	137.746000000000
0.100540000000000	14810	67.5895000000000
0.104391000000000	2232	448.477000000000
0.102144000000000	7695	130.084000000000
0.101874000000000	7362	135.968000000000
0.101796000000000	16484	60.7256000000000
0.107733000000000	3750	266.933000000000
0.101357000000000	18943	52.8427000000000
0.101966000000000	14907	67.1497000000000
0.101890000000000	7037	142.248000000000
0.104194000000000	5269	189.979000000000
0.107589000000000	2082	480.788000000000
0.108194000000000	3161	316.672000000000
0.104146000000000	4052	247.038000000000
0.101221000000000	18346	54.5623000000000
0.103596000000000	3031	330.254000000000
0.102183000000000	6459	154.978000000000
0.102324000000000	24393	41.0364000000000
0.102029000000000	13898	72.0248000000000
0.106355000000000	2266	441.748000000000
0.0877483000000000	2416	414.321000000000
0.105549000000000	4055	246.856000000000
0.106270000000000	3397	294.672000000000
0.102699000000000	7040	142.188000000000
0.104007000000000	5365	186.580000000000
0.102631000000000	18893	52.9826000000000
0.102316000000000	15413	64.9452000000000
0.101243000000000	14559	68.7547000000000
0.102225000000000	15417	64.9283000000000
0.117775000000000	29030	34.4816000000000
0.112511000000000	2222	450.495000000000
0.101726000000000	14657	68.2950000000000
0.102777000000000	26864	37.2618000000000
0.101908000000000	10637	94.1055000000000
0.104831000000000	3043	328.952000000000
0.113095000000000	16915	59.1782000000000
0.106230000000000	2231	448.678000000000
0.105097000000000	19601	51.0688000000000
0.105741000000000	2421	413.466000000000
0.0874456000000000	2756	363.208000000000
0.102046000000000	19256	51.9838000000000
0.102807000000000	8764	114.217000000000
0.101224000000000	10541	94.9625000000000
0.101288000000000	23922	41.8443000000000
0.106565000000000	2224	450.090000000000
0.103603000000000	28503	35.1191000000000
0.109109000000000	31189	32.0946000000000
0.104834000000000	20232	49.4761000000000
0.103804000000000	23477	42.6375000000000
0.104972000000000	2172	460.866000000000
0.103093000000000	4559	219.566000000000
0.101258000000000	22981	43.5577000000000
0.106431000000000	14244	70.2752000000000
0.103083000000000	4055	246.856000000000
0.104146000000000	2026	494.077000000000
0.101901000000000	7890	126.869000000000
0.101720000000000	15926	62.8532000000000
0.104107000000000	2094	478.032000000000
0.104285000000000	3711	269.739000000000
0.103326000000000	3668	272.901000000000
0.104469000000000	3580	279.609000000000
0.100545000000000	12482	80.1955000000000
0.109344000000000	14843	67.4392000000000
0.101594000000000	14991	66.7734000000000
0.101617000000000	15273	65.5405000000000
0.104565000000000	3089	324.053000000000
0.110005000000000	2009	498.258000000000
0.103464000000000	8892	112.573000000000
0.0944444000000000	3960	252.778000000000
0.102061000000000	11258	88.9145000000000
0.101805000000000	19449	51.4679000000000
0.103019000000000	9406	106.421000000000
0.104472000000000	20886	47.9268000000000
0.100829000000000	22920	43.6736000000000
0.100936000000000	15703	63.7458000000000
0.101888000000000	9481	105.580000000000
0.102303000000000	7468	134.039000000000
0.103433000000000	4631	216.152000000000
0.103027000000000	3601	277.978000000000
0.101929000000000	12597	79.4634000000000
0.101670000000000	10721	93.3682000000000
0.102975000000000	4302	232.682000000000
0.102259000000000	16781	59.6508000000000
0.103550000000000	2028	493.590000000000
0.103545000000000	13936	71.8284000000000
0.101530000000000	16340	61.2607000000000
0.102703000000000	4995	200.400000000000
0.102603000000000	11949	83.7727000000000
0.101144000000000	15473	64.6933000000000
0.108706000000000	2033	492.376000000000
0.104911000000000	4032	248.264000000000
0.101177000000000	26004	38.4941000000000
0.109834000000000	2349	426.139000000000
0.108363000000000	24095	41.5439000000000
0.101137000000000	19973	50.1177000000000
0.101204000000000	16363	61.1746000000000
0.105354000000000	2895	345.769000000000
0.101797000000000	10629	94.1763000000000
0.106203000000000	2015	496.774000000000
0.100867000000000	14762	67.8092000000000
0.102759000000000	4603	217.467000000000
0.106121000000000	2761	362.550000000000
0.102245000000000	7795	128.416000000000
0.103625000000000	3117	321.142000000000
0.107358000000000	2161	463.211000000000
0.101779000000000	9835	101.779000000000
0.101675000000000	12776	78.3500000000000
0.101025000000000	22242	45.0049000000000
0.105499000000000	5128	195.203000000000
0.102342000000000	21780	45.9596000000000
0.101646000000000	17866	56.0282000000000
0.101499000000000	16276	61.5016000000000
0.101443000000000	13653	73.3172000000000
0.104143000000000	5214	191.983000000000
0.105339000000000	8316	120.370000000000
0.100927000000000	16834	59.4630000000000
0.103651000000000	5615	178.272000000000
0.101708000000000	7669	130.525000000000
0.102427000000000	9724	102.941000000000
0.101765000000000	14671	68.2298000000000
0.102219000000000	9059	110.498000000000
0.102070000000000	11982	83.5420000000000
0.102155000000000	19578	51.1288000000000
0.101732000000000	18647	53.6816000000000
0.102502000000000	8234	121.569000000000
0.102634000000000	19360	51.7045000000000
0.101355000000000	12619	79.3248000000000
0.101949000000000	16469	60.7809000000000
0.104551000000000	3032	330.145000000000
0.104606000000000	27140	36.8828000000000
0.104398000000000	34474	29.0364000000000
0.105580000000000	2993	334.447000000000
0.100903000000000	18384	54.4495000000000
0.102061000000000	8103	123.534000000000
0.111026000000000	36469	27.4480000000000
0.102283000000000	9767	102.488000000000
0.103910000000000	3811	262.661000000000
0.102425000000000	11218	89.2316000000000
0.103169000000000	14074	71.1241000000000
0.102243000000000	9096	110.048000000000
0.113489000000000	2009	498.258000000000
0.107968000000000	13680	73.1725000000000
0.102414000000000	5634	177.671000000000
0.101634000000000	17012	58.8408000000000
0.101032000000000	10848	92.2751000000000
0.100862000000000	19254	51.9892000000000
0.114499000000000	34629	28.9064000000000
0.111351000000000	37916	26.4005000000000
0.103322000000000	9572	104.576000000000
0.101049000000000	22494	44.5008000000000
0.100966000000000	15629	64.0476000000000
0.101734000000000	8768	114.165000000000
0.102567000000000	9389	106.614000000000
0.103554000000000	2279	439.228000000000
0.107961000000000	21443	46.6819000000000
0.102718000000000	5481	182.631000000000
0.102942000000000	18933	52.8706000000000
0.107022000000000	2065	484.746000000000
0.101709000000000	12870	77.7778000000000
0.101811000000000	13309	75.2123000000000
0.105493000000000	2749	364.132000000000
0.101363000000000	8948	111.869000000000
0.105459000000000	30827	32.4715000000000
0.101885000000000	13790	72.5888000000000
0.104733000000000	4860	205.967000000000
0.102726000000000	7301	137.105000000000
0.101396000000000	21993	45.5145000000000
0.101750000000000	12511	80.0096000000000
0.105893000000000	3343	299.432000000000
0.100674000000000	22548	44.3942000000000
0.101064000000000	15792	63.3865000000000
0.100891000000000	11557	86.6142000000000
0.103330000000000	5855	170.965000000000
0.103762000000000	4067	246.127000000000
0.106393000000000	32192	31.0947000000000
0.103440000000000	23927	41.8356000000000
0.102741000000000	10288	97.2978000000000
0.103849000000000	4988	200.682000000000
0.103714000000000	2989	334.895000000000
0.101020000000000	13829	72.3841000000000
0.102797000000000	20059	49.9028000000000
0.104945000000000	27500	36.4000000000000
0.102070000000000	8504	117.709000000000
0.102686000000000	17091	58.5688000000000
0.102590000000000	22010	45.4793000000000
0.104143000000000	4369	229.114000000000
0.103154000000000	3519	284.456000000000
0.102736000000000	4020	249.005000000000
0.101616000000000	8355	119.808000000000
0.103790000000000	2322	431.094000000000
0.103147000000000	3432	291.667000000000
0.104606000000000	5363	186.649000000000
0.103901000000000	2435	411.088000000000
0.101819000000000	19466	51.4230000000000
0.102486000000000	13514	74.0713000000000
0.103712000000000	13065	76.6169000000000
0.103604000000000	5743	174.299000000000
0.109352000000000	2021	495.299000000000
0.102585000000000	3753	266.720000000000
0.104902000000000	9752	102.646000000000
0.101665000000000	18256	54.8313000000000
0.101131000000000	23168	43.2061000000000
0.116156000000000	17356	57.6746000000000
0.101895000000000	15938	62.8059000000000
0.101886000000000	9913	100.979000000000
0.104148000000000	13212	75.7645000000000
0.103821000000000	16461	60.8104000000000
0.101818000000000	17276	57.9417000000000
0.101664000000000	12256	81.6743000000000
0.110503000000000	2009	498.258000000000
0.103733000000000	10421	96.0560000000000
0.104015000000000	4932	202.960000000000
0.102166000000000	9465	105.758000000000
0.103079000000000	5782	173.123000000000
0.105656000000000	5092	196.583000000000
0.101868000000000	10975	91.2073000000000
0.103290000000000	3921	255.292000000000
0.104377000000000	2376	421.296000000000
0.103635000000000	16587	60.3485000000000
0.104485000000000	2096	477.576000000000
0.101683000000000	10218	97.9644000000000
0.101402000000000	19901	50.2990000000000
0.102922000000000	18140	55.1819000000000
0.104795000000000	11699	85.5629000000000
0.101651000000000	13812	72.4732000000000
0.102833000000000	7342	136.339000000000
0.103204000000000	5213	192.020000000000
0.102704000000000	12424	80.5699000000000
0.100998000000000	17129	58.4389000000000
0.101317000000000	19365	51.6912000000000
0.101577000000000	13064	76.6228000000000
0.101367000000000	14778	67.7358000000000
0.104173000000000	6614	151.346000000000
0.103270000000000	5597	178.846000000000
0.0914188000000000	4102	244.027000000000
0.104233000000000	3780	264.815000000000
0.102983000000000	5263	190.196000000000
0.101623000000000	10352	96.6963000000000
0.103480000000000	19627	51.0012000000000
0.104730000000000	3552	281.813000000000
0.103053000000000	18049	55.4601000000000
0.110677000000000	36828	27.1804000000000
0.101533000000000	16438	60.8955000000000
0.103842000000000	9293	107.715000000000
0.103137000000000	16066	62.3055000000000
0.101007000000000	17781	56.2960000000000
0.101758000000000	18770	53.3298000000000
0.103522000000000	4231	236.587000000000
0.103530000000000	10113	98.9815000000000
0.105310000000000	2260	442.920000000000
0.108785000000000	2675	374.206000000000
0.0944980000000000	3217	311.159000000000
0.104824000000000	2156	464.286000000000
0.102553000000000	6894	145.199000000000
0.100888000000000	19477	51.3940000000000
0.101431000000000	22153	45.1858000000000
0.101548000000000	15047	66.5249000000000
0.100997000000000	14951	66.9520000000000
0.107409000000000	2011	497.762000000000
0.101808000000000	16148	61.9891000000000
0.106196000000000	7279	137.519000000000
0.102983000000000	33190	30.1597000000000
0.103811000000000	19468	51.4177000000000
0.100662000000000	17216	58.1436000000000
0.101726000000000	14657	68.2950000000000
0.101670000000000	10121	98.9033000000000
0.109026000000000	2238	447.274000000000
0.105146000000000	15721	63.6728000000000
0.101744000000000	15598	64.1749000000000
0.102687000000000	3535	283.168000000000
0.104678000000000	3506	285.511000000000
0.108586000000000	32693	30.6182000000000
0.101413000000000	11606	86.2485000000000
0.101738000000000	8974	111.544000000000
0.102159000000000	10699	93.5601000000000
0.0946078000000000	4080	245.343000000000
0.102067000000000	13305	75.2349000000000
0.103037000000000	6124	163.455000000000
0.102905000000000	16870	59.3361000000000
0.103710000000000	3288	304.440000000000
0.101966000000000	7885	126.950000000000
0.104562000000000	4954	202.059000000000
0.104367000000000	30661	32.6473000000000
0.107992000000000	27965	35.7947000000000
0.102416000000000	23844	41.9812000000000
0.103795000000000	4769	209.897000000000
0.101241000000000	13937	71.8232000000000
0.101357000000000	12382	80.8432000000000
0.103855000000000	3139	318.891000000000
0.101578000000000	16539	60.5236000000000
0.105591000000000	9783	102.320000000000
0.103249000000000	23303	42.9558000000000
0.112108000000000	15610	64.1256000000000
0.101974000000000	10081	99.2957000000000
0.106391000000000	2566	390.101000000000
0.106230000000000	2231	448.678000000000
0.105239000000000	4333	231.018000000000
0.103844000000000	5932	168.746000000000
0.100676000000000	11979	83.5629000000000
0.101910000000000	22196	45.0982000000000
0.104693000000000	2770	361.372000000000
0.102717000000000	8869	112.865000000000
0.109507000000000	2009	498.258000000000
0.105103000000000	3939	254.125000000000
0.103171000000000	2113	473.734000000000
0.106566000000000	10829	92.4370000000000
0.106012000000000	2179	459.385000000000
0.105604000000000	2623	381.624000000000
0.105621000000000	4270	234.426000000000
0.106061000000000	3036	329.710000000000
0.102577000000000	3958	252.906000000000
0.106834000000000	16418	60.9697000000000
0.104098000000000	5466	183.132000000000
0.101143000000000	17846	56.0910000000000
0.103364000000000	25744	38.8828000000000
0.104898000000000	2164	462.569000000000
0.103043000000000	7395	135.362000000000
0.103333000000000	15542	64.4061000000000
0.102975000000000	4807	208.238000000000
0.102264000000000	10952	91.3988000000000
0.101321000000000	13778	72.6521000000000
0.103905000000000	2868	349.024000000000
0.105174000000000	2358	424.512000000000
0.103430000000000	11051	90.5800000000000
0.110836000000000	2021	495.299000000000
0.103651000000000	6464	154.858000000000
0.101937000000000	21945	45.6140000000000
0.102222000000000	6075	164.774000000000
0.101849000000000	22121	45.2511000000000
0.102505000000000	15648	63.9698000000000
0.101675000000000	16720	59.8684000000000
0.105795000000000	24916	40.1750000000000
0.100825000000000	24230	41.3124000000000
0.101278000000000	14238	70.3048000000000
0.102922000000000	25874	38.6875000000000
0.101522000000000	13337	75.0544000000000
0.102950000000000	13152	76.1101000000000
0.106844000000000	20647	48.4816000000000
0.102755	21235	47.1392
0.104889	2393	418.303
0.107092	2101	476.44
0.102525	14416	69.4367
0.102268	11157	89.7195
0.101829	10223	97.9165
0.102808	17168	58.3062
0.110216	1987	500
0.107781	26860	37.2673
0.104324	1850	500
0.103055	2979	336.019
0.104641	26309	38.0478
0.1073	2041	490.446
0.107585	1859	500
0.107253	2275	440
0.11029	1895	500
0.109936	10779	92.8658
0.103563	8420	118.884
0.10772	1671	500
0.104585	6827	146.624
0.108623	1786	500
0.100954	22327	44.8336
0.103212	7441	134.525
0.108347	1809	500
0.102244	15688	63.8067
0.107203	31389	31.8902
0.104143	27539	36.3485
0.104964	1934	500
0.10892	30885	32.4106
0.101356	27734	36.0929
0.109617	1934	500
0.104174	11884	84.2309
0.102531	16083	62.2396
0.103697	4571	218.989
0.117294	1833	500
0.101147	16036	62.4221
0.101693	11102	90.1639
0.111111	1944	500
0.103182	23667	42.2952
0.104073	24060	41.6043
0.105476	25930	38.6039
0.101905	12178	82.1974
0.101403	19891	50.3243
0.103066	18784	53.29
0.102159	8986	111.396
0.101299	27256	36.7259
0.111877	1886	500
0.101891	13593	73.6408
0.101056	16664	60.0696
0.104334	4361	229.535
0.101898	15751	63.5515
0.101654	20737	48.2712
0.104657	3994	250.626
0.101604	14773	67.7587
0.109713	1987	500
0.114983	1722	500
0.101412	17355	57.6779
0.104455	1953	500
0.102461	13166	76.0292
0.10223	6368	157.192
0.103805	5414	184.891
0.105254	5919	169.116
0.101401	18491	54.1344
0.105298	6059	165.209
0.10184	10654	93.9553
0.100845	19753	50.6758
0.101914	11235	89.0966
0.101264	16452	60.8437
0.102265	22559	44.3725
0.102971	3972	252.014
0.101512	15742	63.5879
0.103996	6481	154.451
0.101682	10582	94.5946
0.106745	26418	37.8908
0.103403	9932	100.785
0.106004	2132	469.512
0.101999	9755	102.614
0.103912	13088	76.4823
0.106531	1868	500
0.101911	11667	85.7975
0.10301	4883	204.997
0.112877	1825	500
0.101859	24583	40.7192
0.103289	4986	200.762
0.106425	2537	394.561
0.106231	3210	311.838
0.101389	19006	52.6676
0.105331	3902	256.535
0.102025	13183	75.9311
0.0801495	2408	415.698
0.104105	12862	77.8262
0.108661	1905	500
0.104022	2586	387.084
0.102701	19844	50.4435
0.104691	22829	43.8477
0.109736	1859	500
0.103289	8423	118.841
0.101553	22737	44.0252
0.102538	6973	143.554
0.108676	3285	304.718
0.101332	19145	52.2852
0.10178	7752	129.128
0.101913	5593	178.974
0.103553	6924	144.57
0.107608	1998	500
0.10785	2828	353.96
0.0903409	3520	284.375
0.101214	21588	46.3684
0.225798	47392	21.1217
0.102339	17911	55.8874
0.103697	5680	176.232
0.10288	7465	134.092
0.122154	1801	500
0.11867	1955	500
0.100205	8792	113.854
0.11442	1914	500
0.116702	1868	500
0.106052	1735	500
0.101846	20688	48.3855
0.11004	1763	500
0.10572	2535	394.872
0.106074	4610	217.137
0.112329	1825	500
0.102928	16293	61.4374
0.103623	22051	45.3948
0.107945	1825	500
0.10115	17222	58.1233
0.101499	18818	53.1938
0.102178	26679	37.5201
0.102217	7533	132.882
0.10814	1683	500
0.103147	15793	63.3825
0.10206	8299	120.617
0.101724	12937	77.375
0.103748	12993	77.0415
0.105936	32718	30.5948
0.104141	2439	410.414
0.101625	9968	100.421
0.107515	27810	35.9942
0.102423	5653	177.074
0.105626	2613	383.085
0.100622	24776	40.402
0.104176	2323	430.908
0.101029	17391	57.5585
0.105585	25695	38.957
0.101465	15976	62.6565
0.0878541	2083	480.557
0.101187	14152	70.7321
0.104488	4479	223.487
0.102363	13540	73.9291
0.104568	1817	500
0.100758	24266	41.2511
0.101705	16656	60.0985
0.102319	15051	66.5072
0.101577	7610	131.537
0.102347	17978	55.6792
0.0937143	3500	286
0.102004	7284	137.424
0.10473	3256	307.432
0.101381	26573	37.6698
0.103322	5991	167.084
0.106989	33396	29.9736
0.101905	15799	63.3584
0.103359	4615	216.901
0.109886	8618	116.152
0.101606	12076	82.8917
0.104814	10304	97.1467
0.101077	18857	53.0837
0.106577	2083	480.557
0.103517	8559	116.953
0.101902	14141	70.7871
0.104141	8114	123.367
0.10548	6788	147.466
0.10126	15870	63.075
0.101852	8640	115.856
0.102229	11709	85.4898
0.105475	1991	500
0.104365	1993	500
0.10128	12964	77.2138
0.105187	26800	37.3507
0.104417	5909	169.403
0.104336	3575	280
0.10233	11805	84.7946
0.10381	23938	41.8164
0.104152	2794	358.268
0.110341	2021	495.299
0.1013	13850	72.2744
0.102629	20618	48.5498
0.10273	14397	69.5284
0.105799	3242	308.76
0.114485	2009	498.258
0.102401	11914	84.0188
0.104092	3055	327.66
0.106834	4624	216.479
0.10244	9059	110.498
0.105041	5455	183.501
0.106483	2761	362.55
0.113814	31692	31.5853
0.104678	3057	327.445
0.102322	11972	83.6118
0.102946	18330	54.6099
0.104122	25326	39.5246
0.101946	7347	136.246
0.105109	8515	117.557
0.103976	23592	42.4296
0.105829	3534	283.248
0.103656	6975	143.513
0.101023	18471	54.1931
0.101842	17213	58.1537
0.104169	11347	88.2171
