  0.0998591124	  1.0045269806	688.5766354231	470588.0000000000	275862.0000000000	444444.0000000000	 18.0000000000	 30.0000000000	 24.0000000000	  0.0000000000	  0.0000000000	  0.0000000000	  0.1148107453	 13.5165261192	762894.8755297291	 -0.9044759845	-70.1401137575	-3297.8185348384
  0.0981235356	  0.9977673301	683.4993837187	242424.0000000000	444444.0000000000	307692.0000000000	 36.0000000000	 24.0000000000	 30.0000000000	  0.0000000000	  0.0000000000	  0.0000000000	  0.1109474540	 21.8849858268	587090.0667275303	  9.5049455886	 16.4063373352	-9725.0905650261
  0.1022626023	  0.9915952513	686.1365020083	222222.0000000000	228571.0000000000	533333.0000000000	 42.0000000000	 36.0000000000	 18.0000000000	  0.0000000000	  0.0000000000	  0.0000000000	  0.1420212117	 20.5193254835	997348.0285183032	-15.5463225740	-173.6140481388	-2023.8791071741
  0.1029913890	  1.0029445167	688.5790234765	421053.0000000000	320000.0000000000	285714.0000000000	 24.0000000000	 30.0000000000	 30.0000000000	  0.0000000000	  0.0000000000	  0.0000000000	  0.1132017421	 28.7655209796	861486.6821335186	  1.4928034640	-61.5984986693	-15633.1083352070
  0.0992773076	  0.9930880815	687.6051845994	307692.0000000000	285714.0000000000	500000.0000000000	 30.0000000000	 30.0000000000	 18.0000000000	  0.0000000000	  0.0000000000	  0.0000000000	  0.1106024007	 15.1967278288	799132.4968978456	 -4.3807960788	 66.5147545410	2296.3725446223
  0.1001177876	  0.9979324511	684.4613128119	296296.0000000000	363636.0000000000	615385.0000000000	 30.0000000000	 24.0000000000	 18.0000000000	  0.0000000000	  0.0000000000	  0.0000000000	  0.0830345674	  9.8761968788	3515726.2286526049	 -4.5232754845	-24.3834200743	1962.7387866034
  0.0997881497	  0.9881467615	686.8992506518	210526.0000000000	347826.0000000000	333333.0000000000	 42.0000000000	 24.0000000000	 30.0000000000	  0.0000000000	  0.0000000000	  1.0000000000	  0.0902692662	 43.5176240864	1505239.7888813158	 15.0686461816	 55.8916919613	11853.0514847384
  0.0992645993	  0.9995816843	687.4204455539	333333.0000000000	250000.0000000000	296296.0000000000	 30.0000000000	 36.0000000000	 30.0000000000	  0.0000000000	  0.0000000000	  0.0000000000	  0.0694479964	 10.7518753947	1648384.0199758725	  2.6446309012	-91.1302080179	19341.1697019202
  0.1007654254	  0.9808189296	686.8541278654	235294.0000000000	363636.0000000000	275862.0000000000	 36.0000000000	 24.0000000000	 30.0000000000	  0.0000000000	  0.0000000000	  0.0000000000	  0.1117259333	 22.3974073872	772186.2228016339	 10.8083070444	 34.7447582141	17349.7418266385
  0.1004552880	  0.9950156879	689.7490628946	296296.0000000000	307692.0000000000	666667.0000000000	 30.0000000000	 30.0000000000	 18.0000000000	  0.0000000000	  0.0000000000	  0.0000000000	  0.1610048582	 49.9711930129	1356942.6101921049	 -6.0201879711	 96.1534391965	1122.7529632506
  0.1004379995	  0.9937161066	682.6444374349	266667.0000000000	258065.0000000000	470588.0000000000	 36.0000000000	 36.0000000000	 18.0000000000	  0.0000000000	  0.0000000000	  0.0000000000	  0.0972167588	 21.0634077136	886429.0899100658	  6.5175759790	111.2149815579	2616.5017019114
  0.1034726767	  0.9804958079	688.6846331310	235294.0000000000	296296.0000000000	296296.0000000000	 36.0000000000	 30.0000000000	 30.0000000000	  0.0000000000	  0.0000000000	  0.0000000000	  0.1527961644	 40.1385287305	672417.0791151640	 12.5538554760	-92.9378678863	-11642.0550348241
  0.1013576287	  1.0040546374	688.3117910415	727273.0000000000	296296.0000000000	444444.0000000000	 12.0000000000	 30.0000000000	 24.0000000000	  0.0000000000	  0.0000000000	  0.0000000000	  0.1131618871	 12.9174583078	1198782.1386538763	  0.2451284240	-53.3273454022	4207.7627983050
  0.0994453078	  0.9931482847	683.1471028597	216216.0000000000	266667.0000000000	285714.0000000000	 42.0000000000	 36.0000000000	 30.0000000000	  0.0000000000	  0.0000000000	  0.0000000000	  0.0916463511	 12.2732662963	513245.7643535692	 14.0985634875	 71.4529267082	12191.3782814713
  0.0988341536	  1.0083307487	684.2799059533	470588.0000000000	347826.0000000000	421053.0000000000	 18.0000000000	 24.0000000000	 24.0000000000	  0.0000000000	  0.0000000000	  0.0000000000	  0.1242878928	 13.9700722959	927161.5539544951	  1.0113192554	-31.6435481278	4298.2336820096
  0.1013314138	  0.9966711080	686.5145567109	242424.0000000000	258065.0000000000	307692.0000000000	 36.0000000000	 36.0000000000	 30.0000000000	  0.0000000000	  0.0000000000	  0.0000000000	  0.0721193761	  7.4301172723	1145923.3695034699	 -8.3268133269	-66.2749040799	-13464.7700419741
  0.1022666667	  0.9929794730	682.2004529832	400000.0000000000	333333.0000000000	666667.0000000000	 24.0000000000	 30.0000000000	 18.0000000000	  0.0000000000	  0.0000000000	  0.0000000000	  0.1556258123	 42.8864526615	1390622.5523359012	  2.1264189721	-64.2238576069	1005.9885879125
  0.0996835423	  0.9863832455	688.9728268354	258065.0000000000	444444.0000000000	307692.0000000000	 36.0000000000	 24.0000000000	 30.0000000000	  0.0000000000	  0.0000000000	  0.0000000000	  0.0965122566	 22.5126720947	1819725.2618808958	  7.5503598910	 16.2595864988	17606.5538936107
  0.1008446683	  0.9875987209	691.1780041663	228571.0000000000	1000000.0000000000	470588.0000000000	 36.0000000000	 12.0000000000	 18.0000000000	  0.0000000000	  0.0000000000	  0.0000000000	  0.1277097510	 15.5089864564	1425719.4961453306	-13.4218128099	 -0.8691764012	-3344.0993883408
  0.1038495577	  0.9994063392	688.0457143507	177778.0000000000	320000.0000000000	320000.0000000000	 48.0000000000	 30.0000000000	 30.0000000000	  0.0000000000	  0.0000000000	  0.0000000000	  0.0733561233	 11.8631377828	1662793.5361103497	 22.9808934568	-41.3099678510	13994.7577656103
  0.1000388500	  1.0146576248	687.8043744224	285714.0000000000	242424.0000000000	444444.0000000000	 30.0000000000	 36.0000000000	 24.0000000000	  0.0000000000	  0.0000000000	  0.0000000000	  0.0650075855	  2.6363250662	753397.9471835697	  4.4069633459	 46.8310550444	2979.8790527855
  0.0995844329	  0.9832645214	686.1685358500	307692.0000000000	727273.0000000000	285714.0000000000	 30.0000000000	 12.0000000000	 30.0000000000	  0.0000000000	  0.0000000000	  0.0000000000	  0.0668528770	 10.4288017071	776633.0336655503	  3.5438659885	 -2.3402894393	13995.3406525758
  0.1015959141	  1.0011880818	684.8204048513	205128.0000000000	470588.0000000000	470588.0000000000	 42.0000000000	 18.0000000000	 18.0000000000	  0.0000000000	  0.0000000000	  0.0000000000	  0.0911692349	  9.4822824020	986487.6141893191	 15.5159445550	  8.2795532806	-2824.3303842859
  0.0996888497	  0.9936160987	687.8952076663	285714.0000000000	666667.0000000000	421053.0000000000	 30.0000000000	 18.0000000000	 24.0000000000	  0.0000000000	  0.0000000000	  0.0000000000	  0.1168535500	 35.9519870142	1765294.3896306772	  6.0445458409	 -5.6055230800	5963.3482359607
  0.0990275815	  1.0062656070	684.2332194917	228571.0000000000	307692.0000000000	363636.0000000000	 36.0000000000	 30.0000000000	 24.0000000000	  0.0000000000	  0.0000000000	  0.0000000000	  0.1266439675	 36.8739992983	1168992.1968575818	-12.9055533032	-75.2007359313	-7330.4573686988
  0.0988623764	  1.0045493337	684.6239075899	266667.0000000000	258065.0000000000	400000.0000000000	 36.0000000000	 36.0000000000	 24.0000000000	  0.0000000000	  0.0000000000	  0.0000000000	  0.0825609860	 27.8521805673	1640774.3603515127	  6.3105801066	-131.2460133730	-6912.4845201641
  0.1008893810	  1.0034531975	680.7309098020	186047.0000000000	228571.0000000000	307692.0000000000	 48.0000000000	 36.0000000000	 30.0000000000	  0.0000000000	  0.0000000000	  0.0000000000	  0.1247557811	 14.5106253931	2228600.3137502396	-26.3646479001	-134.6403065453	-19522.6970748350
  0.0998542750	  0.9995413873	688.5785499217	275862.0000000000	380952.0000000000	363636.0000000000	 30.0000000000	 24.0000000000	 24.0000000000	  0.0000000000	  0.0000000000	  0.0000000000	  0.0752160510	  8.5715701660	1221960.1012644505	 -5.4411452301	-18.3419280273	7403.1504888804
  0.1025509776	  1.0030645893	691.6374395855	190476.0000000000	470588.0000000000	500000.0000000000	 48.0000000000	 18.0000000000	 18.0000000000	  0.0000000000	  0.0000000000	  0.0000000000	  0.1360641313	 22.4673384716	1046695.6211088129	-24.7130459210	 14.0804054653	-2644.5001776004
  0.0992770368	  1.0029766943	685.4119663646	205128.0000000000	380952.0000000000	533333.0000000000	 42.0000000000	 24.0000000000	 18.0000000000	  0.0000000000	  0.0000000000	  0.0000000000	  0.0578112544	  7.3735128201	2383093.6937123453	 12.3163461856	 15.8121851914	-3082.7408231716
  0.0974783298	  1.0112729025	687.4782773955	195122.0000000000	242424.0000000000	400000.0000000000	 42.0000000000	 36.0000000000	 24.0000000000	  0.0000000000	  0.0000000000	  0.0000000000	  0.1251657348	 19.8757609216	1836673.8345889770	 22.0296500305	136.9918723495	6639.1792302779
  0.0995148078	  0.9785253390	688.4372675447	363636.0000000000	347826.0000000000	347826.0000000000	 24.0000000000	 24.0000000000	 24.0000000000	  0.0000000000	  0.0000000000	  0.0000000000	  0.1155581147	 31.3938082024	749893.3864337982	  2.4611193517	-44.9492827410	-7235.8814843562
  0.1011119792	  1.0054858702	687.5693369207	320000.0000000000	500000.0000000000	307692.0000000000	 30.0000000000	 18.0000000000	 30.0000000000	  0.0000000000	  0.0000000000	  0.0000000000	  0.1168776701	 30.1270544312	1545084.4727105889	 -3.9992816375	-12.9999273004	-17186.8782900279
  0.1005288419	  0.9992814263	684.3046073117	235294.0000000000	296296.0000000000	275862.0000000000	 36.0000000000	 30.0000000000	 30.0000000000	  0.0000000000	  0.0000000000	  0.0000000000	  0.0920091052	 24.1181457512	1000486.6881756814	 -9.8263778217	 70.6248271439	17886.5625014029
  0.1005133174	  0.9991424216	684.5583561169	210526.0000000000	228571.0000000000	347826.0000000000	 42.0000000000	 36.0000000000	 24.0000000000	  0.0000000000	  0.0000000000	  0.0000000000	  0.0743381599	 20.2802722932	1121118.1206344864	-13.1672359983	-171.5544615438	-8548.1333024960
  0.1011112285	  0.9928724274	684.2693041393	615385.0000000000	266667.0000000000	307692.0000000000	 18.0000000000	 36.0000000000	 30.0000000000	  0.0000000000	  0.0000000000	  0.0000000000	  0.1259244406	 29.5453694123	1319084.8591778628	  0.4354051291	-119.9281455836	-15429.2786039498
  0.0993443129	  0.9875497347	685.0123121406	615385.0000000000	285714.0000000000	347826.0000000000	 18.0000000000	 30.0000000000	 24.0000000000	  0.0000000000	  0.0000000000	  0.0000000000	  0.1029586659	 16.6619949423	1958175.5995072890	 -0.4166605879	-65.9818104284	-11615.8115083880
  0.0987447237	  0.9946921478	685.7856975561	190476.0000000000	333333.0000000000	421053.0000000000	 48.0000000000	 30.0000000000	 24.0000000000	  0.0000000000	  0.0000000000	  0.0000000000	  0.1059798524	 26.6202588686	1269996.1929358994	 22.8628054948	-53.3971390879	4806.1029341051
  0.0986565987	  1.0177611779	686.4200840321	333333.0000000000	347826.0000000000	400000.0000000000	 30.0000000000	 24.0000000000	 24.0000000000	  0.0000000000	  0.0000000000	  0.0000000000	  0.1201039635	 18.3457972618	1737134.4286348643	 -3.1594352160	 37.6705836482	6316.5366030812
  0.0991658333	  0.9862206203	686.5160953103	200000.0000000000	400000.0000000000	666667.0000000000	 42.0000000000	 24.0000000000	 18.0000000000	  0.0000000000	  0.0000000000	  0.0000000000	  0.0919857000	 25.9080440543	1063832.3066641272	 17.4549037743	-28.4594893322	919.8296261060
  0.0988224661	  1.0016968720	688.1172430397	470588.0000000000	571429.0000000000	320000.0000000000	 18.0000000000	 18.0000000000	 30.0000000000	  0.0000000000	  0.0000000000	  0.0000000000	  0.0972015809	 15.7797879780	1279245.5502332503	  0.9112323150	  5.8729697689	13209.2231718972
  0.0999736000	  1.0004400653	688.0806997669	222222.0000000000	285714.0000000000	500000.0000000000	 42.0000000000	 30.0000000000	 18.0000000000	  0.0000000000	  0.0000000000	  0.0000000000	  0.1291029084	 54.8554728729	1265023.6377630669	 13.9724975340	-128.9351715764	-2875.6412385231
  0.0979170138	  1.0001509157	687.1339046071	186047.0000000000	421053.0000000000	444444.0000000000	 48.0000000000	 24.0000000000	 24.0000000000	  0.0000000000	  0.0000000000	  0.0000000000	  0.0661511080	  7.9756211176	960223.8927393617	 19.8353227091	 11.5226926874	3569.4063153120
  0.1023661024	  0.9918292467	687.7295611350	222222.0000000000	363636.0000000000	666667.0000000000	 42.0000000000	 24.0000000000	 18.0000000000	  0.0000000000	  0.0000000000	  0.0000000000	  0.0634754552	 20.7315619594	1992907.3245560487	  9.7497282486	 34.8361641800	-1180.6545455776
  0.1004218750	  1.0039842374	684.0698410823	320000.0000000000	285714.0000000000	727273.0000000000	 30.0000000000	 30.0000000000	 12.0000000000	  0.0000000000	  0.0000000000	  0.0000000000	  0.1398058247	 19.2788340673	1979232.9387764290	 -4.4881400335	-71.4064638376	-972.3389268653
  0.1049886883	  1.0075226959	685.1001067826	363636.0000000000	266667.0000000000	320000.0000000000	 24.0000000000	 36.0000000000	 30.0000000000	  0.0000000000	  0.0000000000	  0.0000000000	  0.1479139205	 18.0575498060	836042.6375865160	 -2.8241676280	 90.0199809320	9783.5331117327
  0.0984441667	  0.9914405678	688.0450973900	200000.0000000000	250000.0000000000	727273.0000000000	 42.0000000000	 36.0000000000	 12.0000000000	  0.0000000000	  0.0000000000	  0.0000000000	  0.0904933486	 11.1864922804	862184.9290985095	-17.5749862221	-94.1052089968	-602.1219233523
  0.1018513009	  0.9979574332	685.7329601161	235294.0000000000	285714.0000000000	275862.0000000000	 36.0000000000	 30.0000000000	 30.0000000000	  0.0000000000	  0.0000000000	  0.0000000000	  0.1277399005	 15.7896473597	793187.2025133636	-12.3596989625	-62.6826137801	17147.7997838451
  0.0998839415	  0.9831034255	684.4025585332	210526.0000000000	195122.0000000000	888889.0000000000	 42.0000000000	 42.0000000000	 12.0000000000	  0.0000000000	  0.0000000000	  0.0000000000	  0.0563212753	  2.9338773180	2461922.7084610206	-11.6488816374	-108.7320847392	476.5091196907
  0.1006893555	  1.0076222807	686.5161549243	228571.0000000000	333333.0000000000	347826.0000000000	 36.0000000000	 30.0000000000	 24.0000000000	  0.0000000000	  0.0000000000	  0.0000000000	  0.1145242313	 27.5102163750	1166070.5525255064	 12.3350546588	 51.5570641507	8502.1901478380
  0.1009714627	  0.9995760651	685.1822459926	347826.0000000000	333333.0000000000	500000.0000000000	 24.0000000000	 30.0000000000	 18.0000000000	  0.0000000000	  0.0000000000	  0.0000000000	  0.1087358167	 18.7481946231	1212418.0672552472	  2.9329313782	-40.5795633946	-2874.0852456692
  0.0998753499	  1.0036355955	685.6633173785	222222.0000000000	307692.0000000000	380952.0000000000	 42.0000000000	 30.0000000000	 24.0000000000	  0.0000000000	  0.0000000000	  0.0000000000	  0.1376224298	 33.6845352436	967721.6245545287	-15.1819331613	 73.3146892118	6401.1141218615
  0.1024564006	  1.0019112809	687.1028129715	173913.0000000000	235294.0000000000	666667.0000000000	 48.0000000000	 36.0000000000	 18.0000000000	  0.0000000000	  0.0000000000	  0.0000000000	  0.0817043275	 11.4474924393	1703935.2878699349	 27.9571031858	106.7549421297	-1027.3730954607
  0.0993470637	  0.9949101452	688.0770368392	258065.0000000000	258065.0000000000	296296.0000000000	 36.0000000000	 36.0000000000	 30.0000000000	  0.0000000000	  0.0000000000	  0.0000000000	  0.0885530886	  6.9858057857	1073533.1253516516	 -7.1115979401	-62.1601778933	15266.7207142079
  0.0991019116	  1.0012038708	689.8751670197	296296.0000000000	347826.0000000000	400000.0000000000	 30.0000000000	 24.0000000000	 24.0000000000	  0.0000000000	  0.0000000000	  0.0000000000	  0.1126411542	 20.9151417148	1996963.5186661552	 -4.7788704987	 37.4120526748	7614.3547142864
  0.1012637054	  0.9981304805	686.4462516098	216216.0000000000	235294.0000000000	444444.0000000000	 42.0000000000	 36.0000000000	 24.0000000000	  0.0000000000	  0.0000000000	  0.0000000000	  0.0982118073	 23.0010605715	1440166.4414418873	 13.8938953946	155.0782844318	4664.9674391872
  0.0975959863	  1.0032192428	687.1743392198	470588.0000000000	307692.0000000000	500000.0000000000	 18.0000000000	 30.0000000000	 18.0000000000	  0.0000000000	  0.0000000000	  0.0000000000	  0.0879951161	 24.1462199476	1376347.5719625638	  0.9565959331	-67.5958104568	-2755.3100152241
  0.0993809744	  0.9885372003	683.5399952814	242424.0000000000	222222.0000000000	444444.0000000000	 36.0000000000	 42.0000000000	 24.0000000000	  0.0000000000	  0.0000000000	  0.0000000000	  0.0802268534	  8.2618382063	1543854.7524719073	  8.3501362069	-119.2317663253	4640.6746486678
  0.1008742259	  0.9911193353	690.3870047969	242424.0000000000	333333.0000000000	533333.0000000000	 36.0000000000	 30.0000000000	 18.0000000000	  0.0000000000	  0.0000000000	  0.0000000000	  0.1159606379	 35.6595849823	1414641.3079082880	-10.1068013649	-56.4009305517	2264.7117884021
  0.0997503086	  1.0054667656	686.8155219643	421053.0000000000	235294.0000000000	380952.0000000000	 24.0000000000	 36.0000000000	 24.0000000000	  0.0000000000	  0.0000000000	  0.0000000000	  0.0844978609	 18.6408541920	820112.7186279880	 -1.3353078589	-139.1356603813	5193.4930232757
  0.1010913333	  0.9899346558	688.9950258560	250000.0000000000	400000.0000000000	347826.0000000000	 36.0000000000	 24.0000000000	 24.0000000000	  0.0000000000	  0.0000000000	  0.0000000000	  0.0978420862	  7.9251046633	669674.6205165008	  8.6595221464	 14.6697856521	6725.8057430470
  0.0979632230	  1.0006542314	690.5783841445	307692.0000000000	571429.0000000000	444444.0000000000	 30.0000000000	 18.0000000000	 24.0000000000	  0.0000000000	  0.0000000000	  0.0000000000	  0.0824166270	 38.2888850332	1504385.0116134582	  3.5404351601	  9.0613558528	3970.0553961802
  0.0984247234	  0.9935974607	687.7786762976	307692.0000000000	400000.0000000000	400000.0000000000	 30.0000000000	 24.0000000000	 24.0000000000	  0.0000000000	  0.0000000000	  0.0000000000	  0.0872573555	 17.1292701951	644500.1509741454	  3.9395778080	 22.2993601212	-4435.3562190648
  0.1014398732	  0.9734807269	683.7375878072	266667.0000000000	347826.0000000000	444444.0000000000	 36.0000000000	 24.0000000000	 24.0000000000	  0.0000000000	  0.0000000000	  0.0000000000	  0.0616752820	  9.3670584823	1354569.2502331764	  5.2995919865	-24.8509210001	4373.7776185020
  0.1000308583	  0.9835143587	685.8550556918	347826.0000000000	363636.0000000000	347826.0000000000	 24.0000000000	 24.0000000000	 24.0000000000	  0.0000000000	  0.0000000000	  0.0000000000	  0.1411189338	 32.1028604669	1314449.2826097487	 -2.9642893734	-41.7486009406	10001.0591360539
  0.1033324642	  1.0072740591	692.0064012963	571429.0000000000	266667.0000000000	333333.0000000000	 18.0000000000	 36.0000000000	 30.0000000000	  0.0000000000	  0.0000000000	  0.0000000000	  0.0779583085	 33.9454597383	2026536.1323142566	  0.4658729824	-121.5240297382	-13420.5619739019
  0.1002128502	  0.9918180090	686.6076851070	363636.0000000000	275862.0000000000	380952.0000000000	 24.0000000000	 30.0000000000	 24.0000000000	  0.0000000000	  0.0000000000	  0.0000000000	  0.1196285822	 18.0675774667	512146.0551190447	  2.6329891260	 76.0073728830	4569.9451696055
  0.0996883333	  0.9805166745	686.6705526548	200000.0000000000	470588.0000000000	615385.0000000000	 42.0000000000	 18.0000000000	 18.0000000000	  0.0000000000	  0.0000000000	  0.0000000000	  0.0800802297	 10.8794703460	458956.1494371406	 16.5015719988	 -9.2675191071	-828.3758402370
  0.1015613333	  1.0033427469	685.2945832567	250000.0000000000	320000.0000000000	888889.0000000000	 36.0000000000	 30.0000000000	 12.0000000000	  0.0000000000	  0.0000000000	  0.0000000000	  0.1041901445	  9.6109987229	818302.4850544959	  8.2864155393	-33.9524727756	313.8643655690
  0.1015240000	  1.0044246426	683.1316672464	250000.0000000000	228571.0000000000	296296.0000000000	 36.0000000000	 36.0000000000	 30.0000000000	  0.0000000000	  0.0000000000	  0.0000000000	  0.1065140458	 14.3925048346	817366.4856482489	 -8.3996561390	-134.5659388217	13925.8068339834
  0.0992375000	  1.0064298381	684.2071066759	320000.0000000000	421053.0000000000	444444.0000000000	 30.0000000000	 24.0000000000	 24.0000000000	  0.0000000000	  0.0000000000	  0.0000000000	  0.0906636003	 22.7735772712	1095304.8969913041	 -3.5598338182	-20.6776582454	3445.3835076555
  0.0963349027	  0.9915617026	684.4322680227	258065.0000000000	444444.0000000000	533333.0000000000	 36.0000000000	 24.0000000000	 18.0000000000	  0.0000000000	  0.0000000000	  0.0000000000	  0.1062268318	 28.3377067226	1335723.9448540236	  7.9932320157	 18.3609512995	2344.3280123437
  0.1009678510	  1.0016780677	688.3064631460	205128.0000000000	250000.0000000000	400000.0000000000	 42.0000000000	 36.0000000000	 24.0000000000	  0.0000000000	  0.0000000000	  0.0000000000	  0.0659631117	  5.9950166925	1636243.7919132768	 13.3109416694	-64.2393266046	-6209.8306958714
  0.1026107693	  1.0025415548	686.0445878110	285714.0000000000	258065.0000000000	400000.0000000000	 30.0000000000	 36.0000000000	 24.0000000000	  0.0000000000	  0.0000000000	  0.0000000000	  0.0979821148	 21.0604774459	1693378.6737568057	  5.0620140613	104.5356137353	-6385.3796413517
  0.1027373590	  1.0033735169	682.4607862890	275862.0000000000	363636.0000000000	363636.0000000000	 30.0000000000	 24.0000000000	 24.0000000000	  0.0000000000	  0.0000000000	  0.0000000000	  0.1289028594	 13.9705268864	1238440.0357609843	 -6.5243557633	-28.9224408477	7492.5364458727
  0.0998802541	  0.9829895488	686.5643938931	275862.0000000000	296296.0000000000	470588.0000000000	 30.0000000000	 30.0000000000	 18.0000000000	  0.0000000000	  0.0000000000	  0.0000000000	  0.0952109040	 12.5348199992	2574100.8294677450	  5.8896526504	 50.7596714677	4980.6192587848
  0.1003415255	  1.0000893123	689.4053717842	210526.0000000000	266667.0000000000	347826.0000000000	 42.0000000000	 36.0000000000	 24.0000000000	  0.0000000000	  0.0000000000	  0.0000000000	  0.0905344292	 16.8578495363	1005612.8057523351	-14.7259187445	-91.7392321686	-8286.1777409121
  0.1010427083	  0.9927780398	687.0447253566	320000.0000000000	258065.0000000000	363636.0000000000	 30.0000000000	 36.0000000000	 24.0000000000	  0.0000000000	  0.0000000000	  0.0000000000	  0.0911344755	 18.0517420747	1712234.3030057447	  3.2372146012	106.5292816782	9259.9843041909
  0.1002212877	  0.9978792780	687.1191157162	380952.0000000000	533333.0000000000	533333.0000000000	 24.0000000000	 18.0000000000	 18.0000000000	  0.0000000000	  0.0000000000	  0.0000000000	  0.0975334414	 16.9730628926	1640924.1842740709	  1.8243340289	 -8.0646629903	2607.7111564076
  0.0983153066	  0.9882441664	685.6038831536	307692.0000000000	285714.0000000000	421053.0000000000	 30.0000000000	 30.0000000000	 24.0000000000	  0.0000000000	  0.0000000000	  0.0000000000	  0.0985034344	 20.1825961489	690474.9621518648	 -4.2220742083	-72.9757792951	-3898.7947331697
  0.0990017956	  1.0272687601	689.3173046052	275862.0000000000	258065.0000000000	400000.0000000000	 30.0000000000	 36.0000000000	 24.0000000000	  0.0000000000	  0.0000000000	  0.0000000000	  0.1126605893	 36.8328076436	1676484.5222609676	 -6.2384600462	-147.5368311135	-6447.5104979462
  0.1042636667	  0.9808358518	687.7033352447	500000.0000000000	470588.0000000000	470588.0000000000	 18.0000000000	 18.0000000000	 18.0000000000	  0.0000000000	  0.0000000000	  0.0000000000	  0.1201218944	 28.5419981010	1063810.7852907947	  0.7498103776	-15.7659086483	2780.1684480904
  0.1003399422	  1.0086882747	688.3610345625	210526.0000000000	242424.0000000000	307692.0000000000	 42.0000000000	 36.0000000000	 30.0000000000	  0.0000000000	  0.0000000000	  0.0000000000	  0.0830752948	  6.8378710945	1146284.8255196542	-14.4312093318	 77.3770651769	-13024.6122562445
  0.0990745833	  1.0073434333	682.6061685290	400000.0000000000	571429.0000000000	500000.0000000000	 24.0000000000	 18.0000000000	 18.0000000000	  0.0000000000	  0.0000000000	  0.0000000000	  0.1040687870	 36.0150985342	1170037.7608132015	  1.6140765409	 -9.6297498198	2381.7968786960
  0.0997343497	  0.9974357330	688.3105206202	285714.0000000000	275862.0000000000	1142857.0000000000	 30.0000000000	 30.0000000000	 12.0000000000	  0.0000000000	  0.0000000000	  0.0000000000	  0.0914064971	  6.7895740630	1946092.7513499567	 -5.3752930469	 51.9457759538	200.1087241396
  0.0989107688	  1.0030552124	685.2627404164	163265.0000000000	333333.0000000000	400000.0000000000	 54.0000000000	 30.0000000000	 24.0000000000	  0.0000000000	  0.0000000000	  0.0000000000	  0.0480788581	  6.9679658018	755806.4546614821	 26.1206833419	-24.2166480549	-4842.4466598597
  0.0998838791	  1.0051886927	687.3918203627	275862.0000000000	363636.0000000000	421053.0000000000	 30.0000000000	 24.0000000000	 24.0000000000	  0.0000000000	  0.0000000000	  0.0000000000	  0.1160963898	 16.2274189685	1329087.9119714804	 -6.8563427424	-26.9159601425	-4705.5419807895
  0.0990067735	  1.0032503289	685.3500654125	210526.0000000000	250000.0000000000	380952.0000000000	 42.0000000000	 36.0000000000	 24.0000000000	  0.0000000000	  0.0000000000	  0.0000000000	  0.0802897882	 19.8000384023	1078192.7381095123	 13.3161389204	-122.0108842241	-6351.8702364407
  0.0982271908	  1.0002239433	688.4179699529	258065.0000000000	320000.0000000000	307692.0000000000	 36.0000000000	 30.0000000000	 30.0000000000	  0.0000000000	  0.0000000000	  0.0000000000	  0.1116794932	 24.5978922130	1411160.5665842984	  8.3881404580	-56.7418016842	-15801.0769502858
  0.0988361265	  0.9899995359	682.8503915568	266667.0000000000	333333.0000000000	347826.0000000000	 36.0000000000	 30.0000000000	 24.0000000000	  0.0000000000	  0.0000000000	  0.0000000000	  0.0984171999	  8.6168722531	1050027.3800573905	 -7.0496694032	-27.8370468555	-8486.6190250854
  0.1008738004	  0.9874539799	690.0941391382	235294.0000000000	421053.0000000000	888889.0000000000	 36.0000000000	 24.0000000000	 12.0000000000	  0.0000000000	  0.0000000000	  0.0000000000	  0.0744324089	  9.7741088880	829020.8421145881	 -9.2142673549	-13.2747640063	-300.3405322440
  0.1002876003	  0.9944584504	689.8680522802	333333.0000000000	363636.0000000000	444444.0000000000	 30.0000000000	 24.0000000000	 24.0000000000	  0.0000000000	  0.0000000000	  0.0000000000	  0.1072153904	 34.8982801973	1055796.4094173382	  3.1528802814	-42.1065982353	-3444.1782461986
  0.0982071890	  0.9960086352	686.3521829813	210526.0000000000	235294.0000000000	347826.0000000000	 42.0000000000	 36.0000000000	 24.0000000000	  0.0000000000	  0.0000000000	  0.0000000000	  0.0660107073	  6.9545216134	1576956.7491522676	 12.3633551202	 83.1546650603	10272.1670001626
  0.0965220965	  0.9757321565	688.3268154802	222222.0000000000	285714.0000000000	666667.0000000000	 42.0000000000	 30.0000000000	 18.0000000000	  0.0000000000	  0.0000000000	  0.0000000000	  0.0989127926	 13.5878955561	1711290.5159743768	-12.9769806845	-60.9843442818	-1080.5941957346
  0.1007318178	  0.9882589312	687.6604323983	210526.0000000000	347826.0000000000	320000.0000000000	 42.0000000000	 24.0000000000	 30.0000000000	  0.0000000000	  0.0000000000	  0.0000000000	  0.1011754907	 20.0792293604	564170.9896824397	-15.7769292472	-37.2917850343	-8880.6090668350
  0.0989828490	  1.0093409536	684.7662042638	222222.0000000000	363636.0000000000	347826.0000000000	 42.0000000000	 24.0000000000	 24.0000000000	  0.0000000000	  0.0000000000	  0.0000000000	  0.0911937772	 21.9052013791	1538736.4946929356	-12.4753469599	 32.8972975966	10408.3087385909
  0.1016576642	  0.9931898259	687.1825554888	205128.0000000000	571429.0000000000	615385.0000000000	 42.0000000000	 18.0000000000	 18.0000000000	  0.0000000000	  0.0000000000	  0.0000000000	  0.0910814502	 15.6308791424	1270645.6785664111	 15.9305272018	 -5.3389770524	-1154.4304808541
  0.1011231011	  1.0248044128	684.2877264073	181818.0000000000	250000.0000000000	275862.0000000000	 48.0000000000	 36.0000000000	 30.0000000000	  0.0000000000	  0.0000000000	  0.0000000000	  0.1126736901	  9.1683013663	953652.9270298161	-27.9438632894	-80.0796866359	-17628.6027749141
  0.0975060975	  0.9931819470	683.6224473968	333333.0000000000	296296.0000000000	363636.0000000000	 30.0000000000	 30.0000000000	 24.0000000000	  0.0000000000	  0.0000000000	  0.0000000000	  0.0790962632	 10.7684555622	1609632.1047806714	  2.6762013238	-48.8131507208	-9740.3659726694
  0.0978293478	  0.9784035725	686.7285834368	222222.0000000000	275862.0000000000	347826.0000000000	 42.0000000000	 30.0000000000	 24.0000000000	  0.0000000000	  0.0000000000	  0.0000000000	  0.0901919613	 11.3301036538	2128754.0991148646	 12.2320672628	 66.7051670785	12056.5212178667
  0.1000413333	  0.9973200500	685.8321280831	250000.0000000000	296296.0000000000	363636.0000000000	 36.0000000000	 30.0000000000	 24.0000000000	  0.0000000000	  0.0000000000	  0.0000000000	  0.1241136019	 46.3682092945	2073689.9460398462	  9.7724149019	-97.7620446731	-10293.1223315693
  0.1008134758	  0.9957459535	680.8943517638	205128.0000000000	258065.0000000000	727273.0000000000	 42.0000000000	 36.0000000000	 12.0000000000	  0.0000000000	  0.0000000000	  0.0000000000	  0.1018518388	 11.7419390120	439006.2713160557	 17.3976601496	-79.1469592615	481.4943743912
  0.1004714130	  1.0134226719	686.9480966884	205128.0000000000	320000.0000000000	307692.0000000000	 42.0000000000	 30.0000000000	 30.0000000000	  0.0000000000	  0.0000000000	  0.0000000000	  0.1030751669	 20.6946341097	1206958.0618887341	 17.6825127234	-49.1159130675	-14028.7540325348
  0.1011831012	  0.9934185598	687.9026367904	333333.0000000000	888889.0000000000	500000.0000000000	 30.0000000000	 12.0000000000	 18.0000000000	  0.0000000000	  0.0000000000	  0.0000000000	  0.1046420781	 12.8100391021	1711391.5655882384	  3.3039096831	 -1.1156356423	-3006.9481175176
  0.0981424657	  1.0066557829	686.9617016677	235294.0000000000	347826.0000000000	347826.0000000000	 36.0000000000	 24.0000000000	 24.0000000000	  0.0000000000	  0.0000000000	  0.0000000000	  0.0815443488	 34.8987414942	1822726.0275565058	 -9.3887915834	-47.6360754506	-11181.5879530319
  0.0988059993	  1.0026516201	686.9077251839	533333.0000000000	222222.0000000000	307692.0000000000	 18.0000000000	 42.0000000000	 30.0000000000	  0.0000000000	  0.0000000000	  0.0000000000	  0.1534949733	 19.1856657111	957804.2746177982	 -0.7788760858	-171.7760883690	-12914.3948933659
  0.1007881008	  1.0133530311	687.1948194678	333333.0000000000	307692.0000000000	296296.0000000000	 30.0000000000	 30.0000000000	 30.0000000000	  0.0000000000	  0.0000000000	  0.0000000000	  0.1283528979	 20.7590100120	806797.8396867418	  3.3339000665	 61.1622205424	12464.2388039317
  0.0977063290	  1.0001247202	686.9678151065	228571.0000000000	275862.0000000000	307692.0000000000	 36.0000000000	 30.0000000000	 30.0000000000	  0.0000000000	  0.0000000000	  0.0000000000	  0.0953242700	 21.0165204606	692933.9977172393	-11.7482987291	-89.3669248709	-10542.7305899967
  0.0995017581	  0.9777664074	684.9503822374	235294.0000000000	296296.0000000000	307692.0000000000	 36.0000000000	 30.0000000000	 30.0000000000	  0.0000000000	  0.0000000000	  0.0000000000	  0.1124723810	 22.3235701446	1379400.9817418279	-11.3119861434	-70.1584876972	-14361.8343093313
  0.1022856501	  0.9883738174	685.7961888357	163265.0000000000	444444.0000000000	380952.0000000000	 54.0000000000	 24.0000000000	 24.0000000000	  0.0000000000	  0.0000000000	  0.0000000000	  0.0888380907	 25.4543651955	782997.5798031162	 34.8591448544	 17.0952153066	5319.0691811231
  0.0982200283	  0.9905977458	685.3992643457	470588.0000000000	275862.0000000000	571429.0000000000	 18.0000000000	 30.0000000000	 18.0000000000	  0.0000000000	  0.0000000000	  0.0000000000	  0.0828525988	 21.6256593354	1257091.8050097520	  0.8621593485	-84.7910663256	1710.7673424976
  0.1003999129	  0.9907703669	689.8998384474	205128.0000000000	222222.0000000000	363636.0000000000	 42.0000000000	 42.0000000000	 24.0000000000	  0.0000000000	  0.0000000000	  0.0000000000	  0.0488122605	  2.4502777089	514731.8870240435	 11.5444232697	-63.6441532582	5550.8949822609
  0.1011519762	  0.9896241059	687.6244159806	363636.0000000000	285714.0000000000	666667.0000000000	 24.0000000000	 30.0000000000	 18.0000000000	  0.0000000000	  0.0000000000	  0.0000000000	  0.0783730955	 25.1072564270	1137112.9817807144	 -1.8804654917	-84.6125575748	921.9384632671
  0.0998217502	  1.0023040019	686.2181089141	266667.0000000000	347826.0000000000	444444.0000000000	 36.0000000000	 24.0000000000	 24.0000000000	  0.0000000000	  0.0000000000	  0.0000000000	  0.1189243901	 48.3182720744	1193398.8320031934	  7.4244395527	-58.7770131471	-4119.2243805932
  0.1027706198	  0.9722915594	687.0001992786	258065.0000000000	250000.0000000000	333333.0000000000	 36.0000000000	 36.0000000000	 30.0000000000	  0.0000000000	  0.0000000000	  0.0000000000	  0.0822565721	 10.3502314505	719986.4982742743	  7.2568489732	 82.1728416675	8390.4197451031
  0.1009042489	  1.0066912973	687.6800421664	266667.0000000000	275862.0000000000	296296.0000000000	 36.0000000000	 30.0000000000	 30.0000000000	  0.0000000000	  0.0000000000	  0.0000000000	  0.1049726554	  9.6374007927	812286.0696992086	 -6.6704480643	 60.2014481004	-13463.8450815879
  0.1013451965	  0.9986612485	686.5953595997	470588.0000000000	275862.0000000000	421053.0000000000	 18.0000000000	 30.0000000000	 24.0000000000	  0.0000000000	  0.0000000000	  0.0000000000	  0.1073828759	 47.6286389240	1102439.5954424418	  0.8810778029	-133.0156839963	-4285.2729071911
  0.0966618367	  0.9964209193	687.5850582175	347826.0000000000	421053.0000000000	363636.0000000000	 24.0000000000	 24.0000000000	 24.0000000000	  0.0000000000	  0.0000000000	  0.0000000000	  0.1042561319	 46.3986531256	1495305.2908755704	  2.6097986712	 31.4755340536	9490.7880963331
  0.0999074416	  1.0112388529	689.4610459467	275862.0000000000	266667.0000000000	800000.0000000000	 30.0000000000	 36.0000000000	 12.0000000000	  0.0000000000	  0.0000000000	  0.0000000000	  0.1140901274	 38.8299925971	1225595.7490982362	 -6.5595999939	-133.3824942772	461.5531643090
  0.1020151042	  1.0049438984	686.5484709762	320000.0000000000	285714.0000000000	666667.0000000000	 30.0000000000	 30.0000000000	 18.0000000000	  0.0000000000	  0.0000000000	  0.0000000000	  0.0560311912	 23.6689923564	1612550.9467649951	 -2.8427036748	-76.7871966079	-1175.3710325524
  0.1007002930	  0.9821469917	689.4269119731	228571.0000000000	266667.0000000000	571429.0000000000	 36.0000000000	 36.0000000000	 18.0000000000	  0.0000000000	  0.0000000000	  0.0000000000	  0.0942737239	 19.5086763777	1348953.6018780046	 11.7611071520	 89.7777045840	1943.0359933919
  0.0998238498	  1.0071641656	685.3098643401	307692.0000000000	242424.0000000000	800000.0000000000	 30.0000000000	 36.0000000000	 12.0000000000	  0.0000000000	  0.0000000000	  0.0000000000	  0.1073689692	 15.8357429239	711907.9518048755	 -3.9637006119	114.1527561570	355.8276991133
  0.1014933333	  1.0001567386	686.1663162916	400000.0000000000	500000.0000000000	800000.0000000000	 24.0000000000	 18.0000000000	 12.0000000000	  0.0000000000	  0.0000000000	  0.0000000000	  0.1615839911	 55.3631481976	1928834.4988910262	  2.1002631681	-16.2160153396	717.8740208184
  0.1004687126	  1.0100306868	684.2232341656	275862.0000000000	296296.0000000000	347826.0000000000	 30.0000000000	 30.0000000000	 24.0000000000	  0.0000000000	  0.0000000000	  0.0000000000	  0.0943145838	 19.8860850478	812920.1901162132	  5.5688282021	-66.7114905494	-7540.9193101167
  0.0985523562	  0.9957111072	685.1478753299	210526.0000000000	242424.0000000000	347826.0000000000	 42.0000000000	 36.0000000000	 24.0000000000	  0.0000000000	  0.0000000000	  0.0000000000	  0.0811700916	  6.5510566934	1410143.1293695481	-13.9593703023	 77.2039299678	-10326.2781027228
  0.0999533333	  0.9845434476	684.5808087418	200000.0000000000	500000.0000000000	666667.0000000000	 42.0000000000	 18.0000000000	 18.0000000000	  0.0000000000	  0.0000000000	  0.0000000000	  0.0820261061	 39.2614709864	3910864.7833589120	 16.9695007636	-14.3417904310	1676.6975003592
  0.1002121627	  1.0045416867	686.8689569943	242424.0000000000	363636.0000000000	380952.0000000000	 36.0000000000	 24.0000000000	 24.0000000000	  0.0000000000	  0.0000000000	  0.0000000000	  0.0826515317	 15.2359274349	2103533.0653035943	  8.2945643264	-26.5845042583	-8994.2164152855
  0.1008107883	  0.9917645727	685.8683124718	296296.0000000000	333333.0000000000	333333.0000000000	 30.0000000000	 30.0000000000	 30.0000000000	  0.0000000000	  0.0000000000	  0.0000000000	  0.1106936424	 24.1270167200	1950905.7401296576	 -4.8965618082	-48.8011027931	13866.1257916631
  0.0993086618	  1.0166790670	688.4720118202	380952.0000000000	444444.0000000000	400000.0000000000	 24.0000000000	 24.0000000000	 24.0000000000	  0.0000000000	  0.0000000000	  0.0000000000	  0.0945462357	 13.9658972761	1717254.6836102759	 -1.8462545241	-14.2487548578	6215.6582751160
  0.1030533383	  0.9889143033	689.0159486429	275862.0000000000	275862.0000000000	400000.0000000000	 30.0000000000	 30.0000000000	 24.0000000000	  0.0000000000	  0.0000000000	  0.0000000000	  0.1163121846	 16.2677533170	1251078.3936296436	 -6.1800099648	 80.5260090590	-5423.0219591784
  0.0980966667	  1.0034741201	687.0467256754	400000.0000000000	258065.0000000000	421053.0000000000	 24.0000000000	 36.0000000000	 24.0000000000	  0.0000000000	  0.0000000000	  0.0000000000	  0.0999715834	 27.8668382114	1608962.6882260907	 -1.5346009025	119.9680613503	5937.8633722960
  0.1001295166	  1.0089021020	681.3831830019	421053.0000000000	250000.0000000000	363636.0000000000	 24.0000000000	 36.0000000000	 24.0000000000	  0.0000000000	  0.0000000000	  0.0000000000	  0.1112569349	 27.9696579932	2140826.8371213246	  1.3250564778	136.0229449179	10810.9608337909
  0.0981758036	  0.9911011315	688.4477040328	166667.0000000000	347826.0000000000	347826.0000000000	 54.0000000000	 24.0000000000	 24.0000000000	  0.0000000000	  0.0000000000	  0.0000000000	  0.0656456361	  9.2002919860	1701816.4160198527	 27.4759168264	-23.8113670610	10647.8599319229
  0.0983317521	  0.9954189102	683.7621333513	266667.0000000000	320000.0000000000	363636.0000000000	 36.0000000000	 30.0000000000	 24.0000000000	  0.0000000000	  0.0000000000	  0.0000000000	  0.1194478054	 25.5256726402	1220983.1817618080	  7.7587139746	 57.1450525473	8583.1421828076
  0.0987575000	  0.9873618142	686.5896900649	400000.0000000000	307692.0000000000	470588.0000000000	 24.0000000000	 30.0000000000	 18.0000000000	  0.0000000000	  0.0000000000	  0.0000000000	  0.0924946904	 11.6563322857	1025635.3126772342	 -1.6489835929	-42.8605370515	-2716.3221224125
  0.1012888840	  1.0031554274	686.2916518891	235294.0000000000	444444.0000000000	333333.0000000000	 36.0000000000	 24.0000000000	 30.0000000000	  0.0000000000	  0.0000000000	  0.0000000000	  0.1227255376	 22.7210188886	789881.4040029602	 11.0760113275	-16.9779085114	-8654.2297320792
  0.0998200250	  0.9856526629	687.7126166482	347826.0000000000	888889.0000000000	363636.0000000000	 24.0000000000	 12.0000000000	 24.0000000000	  0.0000000000	  0.0000000000	  0.0000000000	  0.1272556765	 39.0342921456	2442761.3080329583	  3.2037511822	  1.7934285330	10911.4310260667
  0.1010271099	  0.9900695033	687.7988230920	210526.0000000000	571429.0000000000	380952.0000000000	 42.0000000000	 18.0000000000	 24.0000000000	  0.0000000000	  0.0000000000	  0.0000000000	  0.1111916463	 12.1151117813	647202.7730855873	-16.5692074397	 -4.5608339264	-4541.2360265581
  0.1004604783	  0.9891722721	684.4966108778	258065.0000000000	500000.0000000000	421053.0000000000	 36.0000000000	 18.0000000000	 24.0000000000	  0.0000000000	  0.0000000000	  0.0000000000	  0.1119070121	 19.5382532138	1840072.4958548239	 -8.1306400248	 10.2881812032	5817.9461325257
  0.0990562162	  0.9987449420	689.2144700938	235294.0000000000	347826.0000000000	380952.0000000000	 36.0000000000	 24.0000000000	 24.0000000000	  0.0000000000	  0.0000000000	  0.0000000000	  0.1217570009	 19.0557173676	1000863.8236567497	 11.2791078707	-38.4472863311	5870.0099355709
  0.0993732660	  1.0004098687	685.9108499575	285714.0000000000	320000.0000000000	258065.0000000000	 30.0000000000	 30.0000000000	 36.0000000000	  0.0000000000	  0.0000000000	  0.0000000000	  0.1502862767	 22.8601812533	824157.4399013566	 -6.1964638977	 55.7467404995	-22070.2376052545
  0.1016600508	  1.0065660168	690.6853163699	235294.0000000000	275862.0000000000	400000.0000000000	 36.0000000000	 30.0000000000	 24.0000000000	  0.0000000000	  0.0000000000	  0.0000000000	  0.0664643225	 14.3059870903	1326778.7124893153	 -8.7884879319	-72.0447809454	-6424.1217103590
  0.1042100000	  0.9783669294	687.1060148888	400000.0000000000	333333.0000000000	571429.0000000000	 24.0000000000	 30.0000000000	 18.0000000000	  0.0000000000	  0.0000000000	  0.0000000000	  0.1052027765	 12.0032465754	1555930.8402713418	 -1.6818666618	-35.6526489107	-1947.8668984205
  0.0980957648	  0.9936172463	682.6494970569	285714.0000000000	333333.0000000000	571429.0000000000	 30.0000000000	 30.0000000000	 18.0000000000	  0.0000000000	  0.0000000000	  0.0000000000	  0.0952573272	 27.4476188097	1795383.6233332048	  5.3343223434	 49.9852713499	1910.3618617267
  0.0998586081	  0.9969188600	685.4119557353	210526.0000000000	296296.0000000000	380952.0000000000	 42.0000000000	 30.0000000000	 24.0000000000	  0.0000000000	  0.0000000000	  0.0000000000	  0.1395254186	 33.1090469500	626465.3355518817	-18.2201235984	 87.1407418228	-4958.9180366285
  0.1005893506	  1.0078390055	689.8191327363	222222.0000000000	421053.0000000000	333333.0000000000	 42.0000000000	 24.0000000000	 30.0000000000	  0.0000000000	  0.0000000000	  0.0000000000	  0.0883737635	 41.1852333204	1455060.6294109714	 12.1572397013	-27.6311444698	-11765.4048696181
  0.1018623195	  1.0036401143	688.8081192204	210526.0000000000	307692.0000000000	380952.0000000000	 42.0000000000	 30.0000000000	 24.0000000000	  0.0000000000	  0.0000000000	  0.0000000000	  0.0982422213	 10.8368888256	1751177.3659098807	 15.6283065238	-43.2071452783	-7549.4446064732
  0.0993449743	  0.9983811526	686.9818071753	380952.0000000000	363636.0000000000	470588.0000000000	 24.0000000000	 24.0000000000	 18.0000000000	  0.0000000000	  0.0000000000	  0.0000000000	  0.0660706853	 14.8917277745	1435546.3421856675	  1.6803510368	-27.6875273012	-3159.7995152962
  0.0992673923	  0.9949623582	687.8873507115	421053.0000000000	333333.0000000000	727273.0000000000	 24.0000000000	 30.0000000000	 12.0000000000	  0.0000000000	  0.0000000000	  0.0000000000	  0.1073426078	 20.8559792197	1987165.5410531065	  1.3724400499	-43.2408141461	-996.2731054765
  0.0997539748	  0.9934512884	684.1169378167	307692.0000000000	500000.0000000000	400000.0000000000	 30.0000000000	 18.0000000000	 24.0000000000	  0.0000000000	  0.0000000000	  0.0000000000	  0.1034048823	 18.9885951384	3187517.2794580711	  4.2580857001	  9.9932077759	-8972.6171737933
  0.1030298530	  0.9939706407	687.4752215848	296296.0000000000	307692.0000000000	470588.0000000000	 30.0000000000	 30.0000000000	 18.0000000000	  0.0000000000	  0.0000000000	  0.0000000000	  0.1072660404	 17.2914782618	1668040.4445671963	 -4.9150890778	 51.0654040935	-3459.7621665138
  0.1010802336	  0.9825864686	686.5293210835	173913.0000000000	222222.0000000000	296296.0000000000	 48.0000000000	 42.0000000000	 30.0000000000	  0.0000000000	  0.0000000000	  0.0000000000	  0.0381320333	  2.9942297009	523645.4325377641	 18.9530638698	-69.8512921381	11093.7808801311
  0.1008310751	  0.9969182641	687.7081882245	1142857.0000000000	380952.0000000000	470588.0000000000	 12.0000000000	 24.0000000000	 18.0000000000	  0.0000000000	  0.0000000000	  0.0000000000	  0.0902785498	 16.2431571416	1482840.8599016441	  0.0447791911	-23.5516801397	3359.1645129703
  0.0989046484	  0.9952054442	685.2036519188	210526.0000000000	333333.0000000000	444444.0000000000	 42.0000000000	 30.0000000000	 24.0000000000	  0.0000000000	  0.0000000000	  0.0000000000	  0.0627069809	 21.4743367973	2127118.1696724021	 12.3908839078	-45.5175131652	5462.0197118622
  0.1000544958	  0.9919411027	686.2682184326	195122.0000000000	235294.0000000000	1142857.0000000000	 42.0000000000	 36.0000000000	 12.0000000000	  0.0000000000	  0.0000000000	  0.0000000000	  0.0897534544	 30.0611736956	1353168.4808629353	-19.5628081389	-180.4812235496	-167.6857281097
  0.0982670983	  1.0099982700	689.8635430890	205128.0000000000	266667.0000000000	307692.0000000000	 42.0000000000	 36.0000000000	 30.0000000000	  0.0000000000	  0.0000000000	  0.0000000000	  0.1042395814	 20.4063784180	1010666.1904265555	 17.1832151718	-95.3437720618	12634.5045365429
  0.1008855017	  1.0025854241	687.4035196227	228571.0000000000	285714.0000000000	470588.0000000000	 36.0000000000	 30.0000000000	 18.0000000000	  0.0000000000	  0.0000000000	  0.0000000000	  0.0992469287	 24.1942789502	2378926.6454534037	-11.1207990560	-81.9431522958	-4646.7313154910
  0.0982513333	  1.0019843543	687.9701360739	250000.0000000000	186047.0000000000	533333.0000000000	 36.0000000000	 48.0000000000	 18.0000000000	  0.0000000000	  0.0000000000	  0.0000000000	  0.0724768468	  4.7408539080	1393422.9348128592	  7.1825867495	166.7847827907	2396.9555760528
  0.1021169146	  0.9983384533	688.5144260053	296296.0000000000	380952.0000000000	800000.0000000000	 30.0000000000	 24.0000000000	 12.0000000000	  0.0000000000	  0.0000000000	  0.0000000000	  0.0737247236	 20.7831957207	1004674.8847526745	  4.2037209957	-27.2769517144	437.7595453044
  0.1016738633	  0.9833370852	688.2725249617	470588.0000000000	380952.0000000000	888889.0000000000	 18.0000000000	 24.0000000000	 12.0000000000	  0.0000000000	  0.0000000000	  0.0000000000	  0.1089074877	 10.3049256099	1800349.7376186205	  0.8985055249	 19.0372344381	422.4894224560
  0.0974638173	  1.0033460304	686.1876989119	258065.0000000000	266667.0000000000	400000.0000000000	 36.0000000000	 36.0000000000	 24.0000000000	  0.0000000000	  0.0000000000	  0.0000000000	  0.1370668811	 11.5627796782	897433.4071233863	 -8.5553364473	 73.3199123327	4860.6085056094
  0.1023540461	  0.9990335827	685.3387020522	228571.0000000000	266667.0000000000	380952.0000000000	 36.0000000000	 36.0000000000	 24.0000000000	  0.0000000000	  0.0000000000	  0.0000000000	  0.0962658529	 18.3465440923	1308619.3987062071	-11.6725615527	-94.2884428882	-7354.4789896965
  0.0984615985	  0.9997113744	686.0712108536	222222.0000000000	250000.0000000000	307692.0000000000	 42.0000000000	 36.0000000000	 30.0000000000	  0.0000000000	  0.0000000000	  0.0000000000	  0.0915974660	 13.2441617609	1249729.6424717670	-12.3277953422	-96.8828985555	-13769.8159320245
  0.1009616667	  0.9923098855	689.6426489348	200000.0000000000	320000.0000000000	363636.0000000000	 42.0000000000	 30.0000000000	 24.0000000000	  0.0000000000	  0.0000000000	  0.0000000000	  0.1421930102	 22.9861340649	1147003.7688562633	-21.4068540231	 56.0998269020	7194.9810972585
  0.1003693087	  0.9832245132	686.9199413222	307692.0000000000	228571.0000000000	444444.0000000000	 30.0000000000	 36.0000000000	 24.0000000000	  0.0000000000	  0.0000000000	  0.0000000000	  0.1310141781	 14.1989663677	1261146.7775407950	 -4.5281046209	142.5072438650	4406.0133921098
  0.0974681391	  1.0133328594	687.2139989792	307692.0000000000	307692.0000000000	347826.0000000000	 30.0000000000	 30.0000000000	 24.0000000000	  0.0000000000	  0.0000000000	  0.0000000000	  0.0788863021	 12.8693685042	1712903.5425524947	  3.4906076905	-48.1905382843	-11614.4675136950
  0.1006645613	  1.0092143916	687.0656059991	258065.0000000000	296296.0000000000	266667.0000000000	 36.0000000000	 30.0000000000	 36.0000000000	  0.0000000000	  0.0000000000	  0.0000000000	  0.1440468072	 21.2939008405	1119794.4147420104	 -8.6314770390	 69.1501397346	22687.5383112028
  0.0984159556	  1.0032016255	686.5143061507	421053.0000000000	380952.0000000000	615385.0000000000	 24.0000000000	 24.0000000000	 18.0000000000	  0.0000000000	  0.0000000000	  0.0000000000	  0.1338181648	 32.6613955623	848333.5655413916	  1.5333751168	-34.4294992443	-1089.3170332352
  0.1014108514	  0.9919081554	683.0062233821	380952.0000000000	275862.0000000000	285714.0000000000	 24.0000000000	 30.0000000000	 30.0000000000	  0.0000000000	  0.0000000000	  0.0000000000	  0.0557017453	 10.3338786812	1147026.4164758541	 -1.4621149338	 64.2090727457	18089.4754091026
  0.1000630375	  0.9954002260	683.7211012741	195122.0000000000	470588.0000000000	307692.0000000000	 42.0000000000	 18.0000000000	 30.0000000000	  0.0000000000	  0.0000000000	  0.0000000000	  0.0981676512	 22.0042427735	1019309.7217989758	-20.7861331271	 15.1565724184	13834.1731688815
  0.1013179003	  0.9783135354	686.9874580508	173913.0000000000	285714.0000000000	296296.0000000000	 48.0000000000	 30.0000000000	 30.0000000000	  0.0000000000	  0.0000000000	  1.0000000000	  0.0661465602	 14.3448311148	669825.7922725338	 23.8497597821	-61.3472282317	-12794.1009879855
  0.0960273460	  1.0064540410	690.8267946611	242424.0000000000	266667.0000000000	363636.0000000000	 36.0000000000	 36.0000000000	 24.0000000000	  0.0000000000	  0.0000000000	  0.0000000000	  0.1209059744	 18.1004559690	1339260.6631655886	-10.2064466636	-94.6726078721	-8539.5169219559
  0.1007212543	  0.9911689271	684.1147555275	275862.0000000000	400000.0000000000	363636.0000000000	 30.0000000000	 24.0000000000	 24.0000000000	  0.0000000000	  0.0000000000	  0.0000000000	  0.1262432588	 35.8348608536	821968.5158528546	  6.4943969874	 32.3886292273	6811.5878721973
  0.1000567000	  1.0087927442	686.4996098576	666667.0000000000	307692.0000000000	444444.0000000000	 18.0000000000	 30.0000000000	 24.0000000000	  0.0000000000	  0.0000000000	  0.0000000000	  0.1168454969	 19.7055892727	1370045.6355155597	 -0.3400131732	-56.9633826564	4122.3756016959
  0.0997121830	  0.9925204146	688.6671825075	285714.0000000000	296296.0000000000	363636.0000000000	 30.0000000000	 30.0000000000	 24.0000000000	  0.0000000000	  0.0000000000	  0.0000000000	  0.0871794018	 13.3674855308	635514.5667258053	 -5.1332806234	-53.8817689099	5656.6928894051
  0.0989604531	  0.9867677033	689.4253538302	216216.0000000000	333333.0000000000	615385.0000000000	 42.0000000000	 30.0000000000	 18.0000000000	  0.0000000000	  0.0000000000	  0.0000000000	  0.0906845515	 24.0601709634	714329.5083272731	 13.8750681175	 46.3219901471	992.8612860995
  0.1018362268	  0.9920725725	687.9885907299	296296.0000000000	615385.0000000000	500000.0000000000	 30.0000000000	 18.0000000000	 18.0000000000	  0.0000000000	  0.0000000000	  0.0000000000	  0.1193338817	 44.5712545085	1380375.8105038877	  5.1875599060	 -7.8235061891	-2673.5233036007
  0.0987966667	  1.0140488352	687.5582089585	500000.0000000000	307692.0000000000	571429.0000000000	 18.0000000000	 30.0000000000	 18.0000000000	  0.0000000000	  0.0000000000	  0.0000000000	  0.1238516876	 21.9041207414	669097.0431035329	  0.9064848593	 59.9288476840	-1193.9983440698
  0.1009424134	  1.0028850985	684.7644185411	296296.0000000000	307692.0000000000	727273.0000000000	 30.0000000000	 30.0000000000	 12.0000000000	  0.0000000000	  0.0000000000	  0.0000000000	  0.0542288140	 21.1747776731	1781791.7867000178	 -3.4625995144	-56.0614226140	856.2446980791
  0.0988342238	  0.9939593725	688.1219308475	205128.0000000000	285714.0000000000	1142857.0000000000	 42.0000000000	 30.0000000000	 12.0000000000	  0.0000000000	  0.0000000000	  0.0000000000	  0.0947918897	 17.3418076251	1241384.5739749030	 17.0704082999	 71.2662364697	128.5255603499
  0.0973369827	  0.9912325113	688.6181969188	347826.0000000000	380952.0000000000	470588.0000000000	 24.0000000000	 24.0000000000	 18.0000000000	  0.0000000000	  0.0000000000	  0.0000000000	  0.1015449194	 20.4375433371	1965103.9111090680	  2.6911941173	-26.1678594407	-3783.6236774825
  0.1002498747	  1.0062900081	683.9313676241	266667.0000000000	470588.0000000000	333333.0000000000	 36.0000000000	 18.0000000000	 30.0000000000	  0.0000000000	  0.0000000000	  0.0000000000	  0.1036883709	 17.2619206472	1146494.6127052340	 -6.5182305276	-12.3099279832	10300.8582989957
  0.1003609668	  0.9960732193	686.9347465451	235294.0000000000	307692.0000000000	380952.0000000000	 36.0000000000	 30.0000000000	 24.0000000000	  0.0000000000	  0.0000000000	  0.0000000000	  0.1071292292	 16.1144067335	718740.8241090844	 11.0957398739	-49.8784628926	-5158.2840629878
  0.0972475972	  1.0072533350	685.8385921731	285714.0000000000	296296.0000000000	470588.0000000000	 30.0000000000	 30.0000000000	 18.0000000000	  0.0000000000	  0.0000000000	  0.0000000000	  0.1234861008	 29.9612558273	817938.1411049032	  6.0070808358	 84.1399587181	2705.6990010412
  0.1004454338	  1.0012609183	686.3820219745	285714.0000000000	275862.0000000000	470588.0000000000	 30.0000000000	 30.0000000000	 18.0000000000	  0.0000000000	  0.0000000000	  0.0000000000	  0.0649582535	 11.7980196202	1335351.5803412695	  4.3016883153	-68.0010302855	3661.1930162772
  0.1006348585	  0.9964415854	684.4119008419	275862.0000000000	888889.0000000000	500000.0000000000	 30.0000000000	 12.0000000000	 18.0000000000	  0.0000000000	  0.0000000000	  0.0000000000	  0.1063714325	 20.4608527422	1414824.6962147357	 -6.0395507051	  1.6915842050	-2661.4998495686
  0.0985299243	  0.9887742797	684.1835575576	235294.0000000000	275862.0000000000	363636.0000000000	 36.0000000000	 30.0000000000	 24.0000000000	  0.0000000000	  0.0000000000	  0.0000000000	  0.0969555138	  8.8923317640	676457.1610279569	 10.0837380116	 55.9357424796	6342.6628673253
  0.1023404868	  0.9954377272	687.8872165698	210526.0000000000	320000.0000000000	666667.0000000000	 42.0000000000	 30.0000000000	 18.0000000000	  0.0000000000	  0.0000000000	  0.0000000000	  0.1535798155	 36.4801903524	1574274.8645997315	-19.4266777634	-65.0192637846	-1081.7752275633
  0.1005908506	  1.0042612620	689.5699348402	222222.0000000000	222222.0000000000	470588.0000000000	 42.0000000000	 42.0000000000	 18.0000000000	  0.0000000000	  0.0000000000	  0.0000000000	  0.1044991061	 20.5313088510	770792.2850357834	 13.6924865191	-190.9507860560	-2374.8407374868
  0.0990360990	  1.0126876836	689.0773240652	285714.0000000000	400000.0000000000	307692.0000000000	 30.0000000000	 24.0000000000	 30.0000000000	  0.0000000000	  0.0000000000	  0.0000000000	  0.1281216302	 24.4046506129	1550471.1824082497	 -5.9440883877	 27.0989930471	-15061.5763288984
  0.1034079842	  0.9910301301	690.2250333970	275862.0000000000	380952.0000000000	363636.0000000000	 30.0000000000	 24.0000000000	 24.0000000000	  0.0000000000	  0.0000000000	  0.0000000000	  0.1293943266	 37.1002741006	1296092.6650399226	  6.7035244714	-35.6187774588	8386.7129575761
  0.1008046294	  1.0122793515	687.9765871771	275862.0000000000	307692.0000000000	400000.0000000000	 30.0000000000	 30.0000000000	 24.0000000000	  0.0000000000	  0.0000000000	  0.0000000000	  0.0909185715	 21.9896558587	738998.3935582724	  5.7564587985	-57.2600679474	-4380.0317547285
  0.1011302886	  1.0007907147	683.4581244624	296296.0000000000	258065.0000000000	333333.0000000000	 30.0000000000	 36.0000000000	 30.0000000000	  0.0000000000	  0.0000000000	  0.0000000000	  0.0834521992	 20.4923007783	1010962.3146050923	 -4.2342519680	-112.8157938788	9875.6903904152
  0.0963191667	  1.0076281823	686.7375945990	200000.0000000000	363636.0000000000	470588.0000000000	 42.0000000000	 24.0000000000	 18.0000000000	  0.0000000000	  0.0000000000	  0.0000000000	  0.0886968534	 22.9319513183	1072651.4718943103	 16.8758308647	-37.3033919924	3177.8658108842
  0.0990120000	  1.0006005828	687.8514426013	250000.0000000000	320000.0000000000	421053.0000000000	 36.0000000000	 30.0000000000	 24.0000000000	  0.0000000000	  0.0000000000	  0.0000000000	  0.0978452826	 13.0910523128	1015930.3153762525	 -8.1764732948	-39.8613644185	-4097.2552952956
  0.0998820626	  0.9936465102	687.8818044969	177778.0000000000	470588.0000000000	666667.0000000000	 48.0000000000	 18.0000000000	 18.0000000000	  0.0000000000	  0.0000000000	  0.0000000000	  0.0717143496	 23.5309116837	1958535.6087627849	 23.5333732375	-15.3444656224	1178.9808647967
  0.0967649731	  1.0092324793	685.6804054683	228571.0000000000	470588.0000000000	296296.0000000000	 36.0000000000	 18.0000000000	 30.0000000000	  0.0000000000	  0.0000000000	  0.0000000000	  0.1307898699	 19.5940019690	505031.7099684328	-13.0558620636	-12.1263374578	9895.2731057405
  0.0968710068	  0.9962557603	689.5975511026	235294.0000000000	266667.0000000000	363636.0000000000	 36.0000000000	 36.0000000000	 24.0000000000	  0.0000000000	  0.0000000000	  0.0000000000	  0.1169799515	 12.9639696220	1705158.8166260645	-11.4776367707	-73.3527595294	-8955.7975513748
  0.1026001026	  1.0086424777	687.5675353175	296296.0000000000	266667.0000000000	470588.0000000000	 30.0000000000	 36.0000000000	 18.0000000000	  0.0000000000	  0.0000000000	  0.0000000000	  0.1442044140	 13.0201627403	1436087.7793579558	 -5.3907432139	 73.1728567450	-3705.8174162850
  0.1009343509	  0.9992782352	682.9363724415	222222.0000000000	250000.0000000000	380952.0000000000	 42.0000000000	 36.0000000000	 24.0000000000	  0.0000000000	  0.0000000000	  0.0000000000	  0.0289196010	  3.3836545305	1134335.0472498250	  6.9762334349	-51.9285478778	6337.6908688123
