  0.0979240292	  1.0041585428	686.3804072882	64516.0000000000	71429.0000000000	166667.0000000000	 36.0000000000	 30.0000000000	 18.0000000000	  0.0000000000	  0.0000000000	  0.0000000000	  0.1271051085	 16.2622376014	1055821.5936454698	 16.3887641677	133.1225979783	-1637.9501396078
  0.0965596574	  0.9738028974	693.6402534556	68966.0000000000	222222.0000000000	80000.0000000000	 30.0000000000	 12.0000000000	 30.0000000000	  0.0000000000	  0.0000000000	  0.0000000000	  0.0911805500	 18.5244807308	1034384.5121365868	 11.5917540828	  2.2741293011	22277.3254886645
  0.1018444074	  0.9898811989	684.6280202706	83333.0000000000	117647.0000000000	117647.0000000000	 30.0000000000	 18.0000000000	 18.0000000000	  0.0000000000	  0.0000000000	  0.0000000000	  0.1142305235	 13.9200531928	1004007.9180542165	 -6.3671601656	 21.5642258626	5310.1794525881
  0.1021369893	  1.0012395033	691.5116321271	66667.0000000000	153846.0000000000	142857.0000000000	 36.0000000000	 18.0000000000	 18.0000000000	  0.0000000000	  0.0000000000	  0.0000000000	  0.0989460271	 19.7377459738	1410087.1675231939	 13.2956725620	-10.5252524945	3183.5666019074
  0.0959297578	  1.0203692937	690.6697372296	71429.0000000000	100000.0000000000	200000.0000000000	 30.0000000000	 24.0000000000	 12.0000000000	  0.0000000000	  0.0000000000	  0.0000000000	  0.0826349563	 39.7507230557	969081.0387328266	  9.2041514208	-62.8041595699	-776.0579016971
  0.1005688794	  1.0050816815	682.1224705602	68966.0000000000	166667.0000000000	105263.0000000000	 30.0000000000	 18.0000000000	 24.0000000000	  0.0000000000	  0.0000000000	  0.0000000000	  0.0903440542	 30.8695200067	2213111.7235259437	 11.3812167317	 -8.3539734293	13059.3758308262
  0.0966466667	  0.9838650254	683.0495425352	125000.0000000000	117647.0000000000	125000.0000000000	 18.0000000000	 18.0000000000	 18.0000000000	  0.0000000000	  0.0000000000	  0.0000000000	  0.1055902817	 15.0683512146	1359500.0373246439	 -1.4848189016	 22.3147029410	-5682.1774370272
  0.1001469993	  1.0028972452	686.3034574372	66667.0000000000	105263.0000000000	111111.0000000000	 36.0000000000	 24.0000000000	 24.0000000000	  0.0000000000	  0.0000000000	  0.0000000000	  0.1037101994	 20.3056913548	909674.7993157476	 13.3674936702	-36.7315382167	-6193.5019125819
  0.0957907979	  1.0037908371	686.9939510297	117647.0000000000	100000.0000000000	90909.0000000000	 18.0000000000	 24.0000000000	 24.0000000000	  0.0000000000	  0.0000000000	  0.0000000000	  0.1184108795	 30.8720523058	1061612.9129509632	  1.9215000816	-60.9208014208	-15593.1502852216
  0.0996615997	  0.9931563558	682.6335080868	74074.0000000000	100000.0000000000	125000.0000000000	 30.0000000000	 24.0000000000	 18.0000000000	  0.0000000000	  0.0000000000	  0.0000000000	  0.1172026163	 19.3660023218	843615.2530837578	 -9.6761026353	-48.8389663854	-4522.6924644840
  0.0968674302	  0.9952961144	689.2441977769	76923.0000000000	105263.0000000000	117647.0000000000	 30.0000000000	 24.0000000000	 18.0000000000	  0.0000000000	  0.0000000000	  0.0000000000	  0.1277448923	 46.4851607195	1606767.9645524358	  9.7130841752	-58.8114000422	-7847.4533292255
  0.1006520833	  0.9794225214	692.1399021836	80000.0000000000	100000.0000000000	200000.0000000000	 30.0000000000	 24.0000000000	 12.0000000000	  0.0000000000	  0.0000000000	  0.0000000000	  0.1483137557	 28.9817832540	1003444.5477304631	 -8.9799686477	 52.1814372289	843.1209278430
  0.0999039332	  1.0016866607	685.0124477584	90909.0000000000	86957.0000000000	125000.0000000000	 24.0000000000	 24.0000000000	 18.0000000000	  0.0000000000	  0.0000000000	  0.0000000000	  0.0755428959	  9.1622888360	1106605.2872033564	  4.0443611238	 50.7649949887	-4619.6827191356
  0.0977945110	  0.9842490403	685.3364477228	66667.0000000000	80000.0000000000	142857.0000000000	 36.0000000000	 30.0000000000	 18.0000000000	  0.0000000000	  0.0000000000	  0.0000000000	  0.1098991814	 19.8382110065	617464.1024076118	-14.9644587079	-96.7574456761	-2414.7862068411
  0.1034044136	  1.0108909044	685.4912712279	83333.0000000000	80000.0000000000	111111.0000000000	 30.0000000000	 30.0000000000	 24.0000000000	  0.0000000000	  0.0000000000	  0.0000000000	  0.0976045502	 17.8551706761	1722817.9966708557	  6.4500919568	 97.1537987028	-9257.2308715847
  0.0990318901	  0.9790232069	687.5432002705	68966.0000000000	117647.0000000000	181818.0000000000	 30.0000000000	 18.0000000000	 12.0000000000	  0.0000000000	  0.0000000000	  0.0000000000	  0.0754719150	 30.7368151169	1067967.1562028399	-10.8360629359	-31.8127488523	-1207.6793564883
  0.1035090140	  0.9793237493	687.6761769987	86957.0000000000	74074.0000000000	125000.0000000000	 24.0000000000	 30.0000000000	 18.0000000000	  0.0000000000	  0.0000000000	  0.0000000000	  0.1122313692	 28.8112740844	1403272.5204635628	 -6.0032458727	-166.1760675547	-6042.7824475379
  0.1023661024	  0.9804643448	695.0826430336	60606.0000000000	181818.0000000000	125000.0000000000	 36.0000000000	 12.0000000000	 18.0000000000	  0.0000000000	  0.0000000000	  0.0000000000	  0.0638891977	 12.9927233597	1492080.0414974834	 15.2704575610	 -5.1085102080	6348.6001883093
  0.0968587635	  0.9859159004	694.6445112422	76923.0000000000	250000.0000000000	117647.0000000000	 30.0000000000	 12.0000000000	 18.0000000000	  0.0000000000	  0.0000000000	  0.0000000000	  0.1342044524	 29.7578051882	1029003.7353210226	 -9.7251801583	 -1.8882514145	5832.2694843338
  0.1067523568	  1.0224525191	692.0880853188	60606.0000000000	125000.0000000000	222222.0000000000	 36.0000000000	 18.0000000000	 12.0000000000	  0.0000000000	  0.0000000000	  0.0000000000	  0.0807770925	  9.6933393516	976706.2921303289	-16.7069539703	 14.3765101250	579.6888793411
  0.1002193328	  1.0164145239	685.7563646190	57143.0000000000	133333.0000000000	125000.0000000000	 36.0000000000	 18.0000000000	 18.0000000000	  0.0000000000	  0.0000000000	  0.0000000000	  0.0970951959	  5.7209774290	840214.6910797720	-22.9799449921	 -9.6833034305	-4286.5879275430
  0.0995076157	  0.9920146363	692.7389534571	64516.0000000000	181818.0000000000	153846.0000000000	 36.0000000000	 12.0000000000	 18.0000000000	  0.0000000000	  0.0000000000	  0.0000000000	  0.0860983491	 27.8742289693	1651145.0294279391	 14.8381642116	  6.8681381687	-3125.0187065626
  0.1014976015	  1.0175167560	685.0397597755	74074.0000000000	111111.0000000000	111111.0000000000	 30.0000000000	 24.0000000000	 24.0000000000	  0.0000000000	  0.0000000000	  0.0000000000	  0.1608351305	 33.4564387830	1084089.7989763408	 11.1057446302	-38.5778388504	7094.1701031279
  0.0996238659	  1.0022198739	683.7689835280	64516.0000000000	76923.0000000000	153846.0000000000	 36.0000000000	 30.0000000000	 18.0000000000	  0.0000000000	  0.0000000000	  0.0000000000	  0.0467243297	  6.8143438768	1364801.1258362210	 10.3719534025	-71.4356771475	2542.9282994452
  0.1036114414	  0.9906653745	687.2718059871	68966.0000000000	86957.0000000000	166667.0000000000	 30.0000000000	 24.0000000000	 18.0000000000	  0.0000000000	  0.0000000000	  0.0000000000	  0.1167305887	 14.9762432132	1676780.3866147485	-12.6513537671	 64.3070234417	-2176.3889528594
  0.0989684557	  0.9774233313	689.5131762546	86957.0000000000	117647.0000000000	222222.0000000000	 24.0000000000	 18.0000000000	 12.0000000000	  0.0000000000	  0.0000000000	  0.0000000000	  0.1066765625	 40.5141268862	956591.3559206658	  5.8892245342	 36.1704675324	533.7701136006
  0.0978800000	  1.0224919384	688.8952792599	62500.0000000000	105263.0000000000	133333.0000000000	 36.0000000000	 24.0000000000	 18.0000000000	  0.0000000000	  0.0000000000	  0.0000000000	  0.1293399724	 15.0528338794	1701390.6366249686	-20.0786173227	 34.1224664024	-4828.8250733096
  0.0982875000	  1.0163124120	688.1228590753	200000.0000000000	125000.0000000000	166667.0000000000	 12.0000000000	 18.0000000000	 18.0000000000	  0.0000000000	  0.0000000000	  0.0000000000	  0.1057800243	 19.6787596110	1033255.3880156953	 -0.3203315344	-22.3800496853	1836.0289362695
  0.0976993391	  1.0111050553	683.6233848860	57143.0000000000	86957.0000000000	222222.0000000000	 36.0000000000	 24.0000000000	 12.0000000000	  0.0000000000	  0.0000000000	  0.0000000000	  0.0672080974	 14.0349287648	713365.2605344211	 18.5175526469	 66.1082049425	521.6956930196
  0.1010452172	  1.0040500444	687.9041283267	117647.0000000000	100000.0000000000	100000.0000000000	 18.0000000000	 24.0000000000	 24.0000000000	  0.0000000000	  0.0000000000	  0.0000000000	  0.0837401811	  7.6970461217	1199284.9875234780	 -1.6467586936	 30.8855436503	10898.9358559050
  0.0992595037	  1.0391591534	684.9052667293	66667.0000000000	153846.0000000000	153846.0000000000	 36.0000000000	 18.0000000000	 18.0000000000	  0.0000000000	  0.0000000000	  0.0000000000	  0.0720254964	 27.6704672727	1227787.9605185303	 11.8077563654	-11.7606117299	2438.1570701995
  0.0948895256	  1.0051799712	686.4284346052	66667.0000000000	90909.0000000000	153846.0000000000	 36.0000000000	 24.0000000000	 18.0000000000	  0.0000000000	  0.0000000000	  0.0000000000	  0.1009298841	 33.0721377773	1028296.2624517725	 12.9141515978	 81.8217051024	2321.7509184677
  0.0980764952	  0.9794395473	684.6937243222	133333.0000000000	153846.0000000000	95238.0000000000	 18.0000000000	 18.0000000000	 24.0000000000	  0.0000000000	  0.0000000000	  0.0000000000	  0.0918024001	 22.0063479777	1353762.6938070713	  1.2099386613	 12.1285836595	14174.8028922840
  0.0984283937	  0.9616795906	688.7917160188	83333.0000000000	133333.0000000000	125000.0000000000	 30.0000000000	 18.0000000000	 18.0000000000	  0.0000000000	  0.0000000000	  0.0000000000	  0.1080724359	 23.6873304233	1102121.8470614231	 -6.8490045750	-20.5561712232	5201.9195749362
  0.0987055866	  1.0168651397	686.7553408345	57143.0000000000	74074.0000000000	153846.0000000000	 36.0000000000	 30.0000000000	 18.0000000000	  0.0000000000	  0.0000000000	  0.0000000000	  0.0647258454	  9.9904062874	739175.1585797829	 18.9039276403	-96.4172622370	2022.9707376732
  0.0995687500	  0.9995101848	685.6096176167	80000.0000000000	86957.0000000000	83333.0000000000	 30.0000000000	 24.0000000000	 30.0000000000	  0.0000000000	  0.0000000000	  0.0000000000	  0.0794678895	 16.1559719907	1070407.3558037861	  6.0749211739	 69.5136503173	19688.0409529338
  0.1064311064	  0.9997820622	690.9196422459	76923.0000000000	80000.0000000000	111111.0000000000	 30.0000000000	 30.0000000000	 24.0000000000	  0.0000000000	  0.0000000000	  0.0000000000	  0.1233322393	 27.4673873421	1296371.0462579806	  8.9477672263	-120.7563879896	7568.3939955584
  0.0974318474	  0.9606531734	689.4984756405	74074.0000000000	76923.0000000000	111111.0000000000	 30.0000000000	 30.0000000000	 24.0000000000	  0.0000000000	  0.0000000000	  0.0000000000	  0.1046346789	  6.6087123077	780204.5303829870	 -9.2902557605	-63.2554959060	-6004.6800576772
  0.1001213333	  0.9674136611	678.7003230610	125000.0000000000	90909.0000000000	200000.0000000000	 18.0000000000	 24.0000000000	 12.0000000000	  0.0000000000	  0.0000000000	  0.0000000000	  0.0500635173	 17.2312210366	2555094.1278726184	  1.1680559449	-63.6884818299	1627.4033628525
  0.1021117717	  0.9874473298	686.2220159844	86957.0000000000	133333.0000000000	153846.0000000000	 24.0000000000	 18.0000000000	 18.0000000000	  0.0000000000	  0.0000000000	  0.0000000000	  0.1265711146	 12.7181600170	1059630.7550370013	 -5.9229111723	-14.9171873352	2386.4369265408
  0.1009633333	  1.0040617852	681.4202863015	50000.0000000000	105263.0000000000	125000.0000000000	 42.0000000000	 24.0000000000	 18.0000000000	  0.0000000000	  0.0000000000	  0.0000000000	  0.0551539874	 23.3874743657	1553820.4955390494	 27.3665366101	 44.1077507932	6462.9976819395
  0.1012569346	  0.9678960444	687.7862897997	90909.0000000000	200000.0000000000	333333.0000000000	 24.0000000000	 12.0000000000	 12.0000000000	  0.0000000000	  0.0000000000	  0.0000000000	  0.0894852953	 26.1403787534	1867188.1910597850	  4.4187376424	  4.6146039306	-175.0517467915
  0.1073884296	  0.9944344240	684.2244958875	83333.0000000000	76923.0000000000	100000.0000000000	 30.0000000000	 30.0000000000	 24.0000000000	  0.0000000000	  0.0000000000	  0.0000000000	  0.0975475453	 19.0287864709	2196016.7583254436	  6.4450890510	-112.8777199593	-16506.8631852544
  0.0975716667	  1.0223993488	691.7929564214	200000.0000000000	86957.0000000000	100000.0000000000	 12.0000000000	 24.0000000000	 24.0000000000	  0.0000000000	  0.0000000000	  0.0000000000	  0.0896522530	 10.9110723228	654933.8704062107	  0.3040376534	-56.7285108614	-7918.1884160682
  0.0983818113	  1.0042549693	686.1473071733	68966.0000000000	83333.0000000000	250000.0000000000	 30.0000000000	 30.0000000000	 12.0000000000	  0.0000000000	  0.0000000000	  0.0000000000	  0.0743210636	  9.9248772179	820574.9784138056	 10.3539495032	 60.8101451554	463.4843861782
  0.1044716667	  1.0000853230	691.2002657071	100000.0000000000	166667.0000000000	95238.0000000000	 24.0000000000	 18.0000000000	 24.0000000000	  0.0000000000	  0.0000000000	  0.0000000000	  0.0810853303	 15.4474693449	1334822.2442293286	  2.9617586152	 -7.7191526982	-13733.5116575731
  0.1038327705	  1.0082317587	686.7262369450	181818.0000000000	86957.0000000000	153846.0000000000	 12.0000000000	 24.0000000000	 18.0000000000	  0.0000000000	  0.0000000000	  0.0000000000	  0.1027713897	 18.0551772009	870685.7704570083	 -0.4027017768	-75.0304077511	2217.2409678539
  0.0976098476	  1.0115585503	693.3592746226	95238.0000000000	76923.0000000000	83333.0000000000	 24.0000000000	 30.0000000000	 30.0000000000	  0.0000000000	  0.0000000000	  0.0000000000	  0.0879376428	 19.6583703271	1164815.8848096118	  3.6139306503	-120.7814612309	-20271.3112514364
  0.0993315993	  1.0266145543	680.1961866676	111111.0000000000	68966.0000000000	95238.0000000000	 24.0000000000	 30.0000000000	 24.0000000000	  0.0000000000	  0.0000000000	  0.0000000000	  0.1057565547	 16.5668527963	1338309.8327234145	 -2.1659506470	-145.2231855998	-13362.4334690396
  0.1044300401	  0.9873818403	687.0113156144	71429.0000000000	83333.0000000000	133333.0000000000	 30.0000000000	 30.0000000000	 18.0000000000	  0.0000000000	  0.0000000000	  0.0000000000	  0.1363522056	 12.8535743580	1433320.1990701838	-11.8434859318	-65.3880058378	-4631.0635313085
  0.1003916004	  1.0108797461	681.1588884970	90909.0000000000	90909.0000000000	117647.0000000000	 24.0000000000	 24.0000000000	 18.0000000000	  0.0000000000	  0.0000000000	  0.0000000000	  0.0480195809	 33.5488951196	1307644.4792896332	  3.1493859981	-90.1943611981	6067.6150671597
  0.0994246198	  1.0011520586	682.5513612908	86957.0000000000	74074.0000000000	153846.0000000000	 24.0000000000	 30.0000000000	 18.0000000000	  0.0000000000	  0.0000000000	  0.0000000000	  0.0557053193	 11.0993932136	1008079.8057993326	 -4.1649188352	-100.7523689623	2469.2251119208
  0.1043824175	  0.9976797567	687.4573041227	83333.0000000000	142857.0000000000	153846.0000000000	 30.0000000000	 18.0000000000	 18.0000000000	  0.0000000000	  0.0000000000	  0.0000000000	  0.0812409785	  4.0221492711	878524.9832854701	 -5.3262049720	  6.0958388433	2173.7311707872
  0.0998898002	  1.0330225518	690.9120509262	166667.0000000000	83333.0000000000	125000.0000000000	 18.0000000000	 30.0000000000	 18.0000000000	  0.0000000000	  0.0000000000	  0.0000000000	  0.0821454751	 17.2455578747	2244755.3618481639	 -0.5258225734	-83.1613019395	-6376.0589187914
  0.0940418440	  0.9889682759	687.1532271102	60606.0000000000	76923.0000000000	100000.0000000000	 36.0000000000	 30.0000000000	 24.0000000000	  0.0000000000	  0.0000000000	  0.0000000000	  0.0631124546	  7.7365389704	680258.6792832195	 14.8527560360	 72.5376348434	8484.0507578921
  0.0957775958	  0.9880083743	683.2147060451	95238.0000000000	117647.0000000000	105263.0000000000	 24.0000000000	 18.0000000000	 24.0000000000	  0.0000000000	  0.0000000000	  0.0000000000	  0.0977636145	 44.8438616706	1994783.8952577191	 -3.8386411583	-36.3071133448	-12004.8960989374
  0.0990859662	  0.9670836528	687.0576763894	117647.0000000000	117647.0000000000	285714.0000000000	 18.0000000000	 18.0000000000	 12.0000000000	  0.0000000000	  0.0000000000	  0.0000000000	  0.1047569217	 20.6703331832	1458794.8620520320	  1.9719609482	 27.1371598568	-260.2677354637
  0.1000944004	  1.0123135102	685.9987464507	83333.0000000000	142857.0000000000	117647.0000000000	 30.0000000000	 18.0000000000	 18.0000000000	  0.0000000000	  0.0000000000	  0.0000000000	  0.1376827036	 30.5685328012	1074413.4597513941	  7.1003466301	-14.6714753598	-6302.0747913678
  0.0941157608	  0.9882132400	686.3437263293	76923.0000000000	68966.0000000000	166667.0000000000	 30.0000000000	 30.0000000000	 18.0000000000	  0.0000000000	  0.0000000000	  0.0000000000	  0.1306434676	 16.9869236408	1131197.5483077504	 -8.8751059534	157.2549820888	2093.5807707159
  0.1002601003	  0.9805022759	685.2197613839	111111.0000000000	142857.0000000000	80000.0000000000	 24.0000000000	 18.0000000000	 30.0000000000	  0.0000000000	  0.0000000000	  0.0000000000	  0.1455282262	 37.8567342119	1085029.6638144292	 -2.8445579654	-16.4686267424	21961.7277754439
  0.1037658460	  1.0255405064	689.9961143051	86957.0000000000	66667.0000000000	153846.0000000000	 24.0000000000	 36.0000000000	 18.0000000000	  0.0000000000	  0.0000000000	  0.0000000000	  0.0803926341	  9.0588252571	2174180.1429295023	  4.9768971321	-126.5382490369	-3076.0018669927
  0.1044819776	  1.0018043078	684.2800038841	66667.0000000000	86957.0000000000	80000.0000000000	 36.0000000000	 24.0000000000	 30.0000000000	  0.0000000000	  0.0000000000	  0.0000000000	  0.0878730244	 21.0236005809	676638.7381957063	-13.1298791973	-75.6535233487	-17901.3043009666
  0.1024133333	  0.9839565902	682.6023153603	62500.0000000000	200000.0000000000	105263.0000000000	 36.0000000000	 12.0000000000	 24.0000000000	  0.0000000000	  0.0000000000	  0.0000000000	  0.0845325261	 29.5647118239	1742790.5886916691	-15.8491719965	 -4.3326346572	-11878.3642460333
  0.1042530727	  1.0044691317	696.4925662044	57143.0000000000	74074.0000000000	133333.0000000000	 36.0000000000	 30.0000000000	 18.0000000000	  0.0000000000	  0.0000000000	  0.0000000000	  0.0899619873	  8.3902472183	1182136.5908370984	-23.0572592339	-81.4695269518	-4098.0833295744
  0.1070819646	  1.0038320742	685.6749817947	66667.0000000000	111111.0000000000	125000.0000000000	 36.0000000000	 24.0000000000	 18.0000000000	  0.0000000000	  0.0000000000	  0.0000000000	  0.0627372613	 27.2358581868	1609107.3240952927	 11.2179701927	-39.5122256289	-5838.3956457563
  0.1030605165	  0.9996325704	681.7314086877	86957.0000000000	71429.0000000000	83333.0000000000	 24.0000000000	 30.0000000000	 30.0000000000	  0.0000000000	  0.0000000000	  0.0000000000	  0.1037333524	 22.8225037146	391387.8552268565	  5.7102410586	-163.0162950277	-12307.5199460340
  0.1036583333	  1.0246425426	690.3311771670	100000.0000000000	68966.0000000000	200000.0000000000	 24.0000000000	 30.0000000000	 12.0000000000	  0.0000000000	  0.0000000000	  1.0000000000	  0.0708433939	  4.9605355931	1311506.2720496072	 -2.6788828291	-83.8751505461	-1151.8069098424
  0.0970253333	  1.0089512510	685.2670947063	125000.0000000000	105263.0000000000	133333.0000000000	 18.0000000000	 24.0000000000	 18.0000000000	  0.0000000000	  0.0000000000	  0.0000000000	  0.1048314334	 10.5369589747	1533854.4946328625	  1.4052635491	-26.9528374445	-4715.9771255084
  0.0993557052	  0.9961548763	690.9362560715	58824.0000000000	74074.0000000000	125000.0000000000	 36.0000000000	 30.0000000000	 18.0000000000	  0.0000000000	  0.0000000000	  0.0000000000	  0.0635150600	  6.0554464550	1693845.2417463430	-15.9982798638	-76.1064518170	5849.3255695525
  0.1030704123	  0.9817567786	687.9494267579	83333.0000000000	222222.0000000000	125000.0000000000	 30.0000000000	 12.0000000000	 18.0000000000	  0.0000000000	  0.0000000000	  0.0000000000	  0.1772368955	 67.4940453629	1157842.1246084860	 -7.8151357083	 -4.2524928723	-5123.8186518219
  0.0982750000	  0.9914809619	683.0358483183	100000.0000000000	153846.0000000000	125000.0000000000	 24.0000000000	 18.0000000000	 18.0000000000	  0.0000000000	  0.0000000000	  0.0000000000	  0.0948443649	 12.3178660831	1607474.2083300906	  3.3217250886	  7.7664801754	6293.2138357234
  0.1006244340	  0.9881085928	695.7794039537	90909.0000000000	100000.0000000000	105263.0000000000	 24.0000000000	 24.0000000000	 24.0000000000	  0.0000000000	  0.0000000000	  0.0000000000	  0.1644026424	 22.4322503387	965485.2002593578	 -6.2669909690	 46.8202764953	-8208.0927939943
  0.1005288505	  1.0082477556	680.4738347301	95238.0000000000	117647.0000000000	142857.0000000000	 24.0000000000	 18.0000000000	 18.0000000000	  0.0000000000	  0.0000000000	  0.0000000000	  0.1146117184	 19.0879921823	1142924.0684334454	  3.9013978212	-23.9589438997	2922.1860388063
  0.0968571104	  1.0222697752	688.5135427387	64516.0000000000	95238.0000000000	200000.0000000000	 36.0000000000	 24.0000000000	 12.0000000000	  0.0000000000	  0.0000000000	  0.0000000000	  0.0868454923	 19.0752643355	1131471.5573550735	 13.7058191276	-52.7808812973	991.6771930007
  0.1002450000	  0.9982416781	682.6853772044	100000.0000000000	100000.0000000000	125000.0000000000	 24.0000000000	 24.0000000000	 18.0000000000	  0.0000000000	  0.0000000000	  0.0000000000	  0.1050668744	 38.6582415316	1675307.4250899947	  3.2243417163	-63.1694700142	6401.9165711345
  0.1000414166	  0.9776230139	686.8000063985	57143.0000000000	125000.0000000000	142857.0000000000	 36.0000000000	 18.0000000000	 18.0000000000	  0.0000000000	  0.0000000000	  0.0000000000	  0.1067680220	  7.8190478867	1067855.4824011102	-24.2347410718	 12.5125115564	-2842.4141604171
  0.1093966667	  0.9905641150	689.1653844170	50000.0000000000	74074.0000000000	117647.0000000000	 42.0000000000	 30.0000000000	 18.0000000000	  0.0000000000	  0.0000000000	  0.0000000000	  0.0683975654	 28.5596673112	1204706.3380852984	 30.3317599155	-148.3299748090	6590.2763489674
  0.1001244005	  0.9914938981	693.3278967206	83333.0000000000	76923.0000000000	125000.0000000000	 30.0000000000	 30.0000000000	 18.0000000000	  0.0000000000	  0.0000000000	  0.0000000000	  0.1388582459	 12.1477495104	728567.1307964704	  7.1382406626	-89.4537214470	4338.8396291733
  0.0990239324	  0.9814115190	684.0258449898	90909.0000000000	95238.0000000000	95238.0000000000	 24.0000000000	 24.0000000000	 24.0000000000	  0.0000000000	  0.0000000000	  0.0000000000	  0.1097332973	 24.6762168133	1422503.5144164572	 -4.4430574776	-64.3731697475	14394.8133394764
  0.0978852791	  1.0390070985	691.5231197017	64516.0000000000	86957.0000000000	95238.0000000000	 36.0000000000	 24.0000000000	 24.0000000000	  0.0000000000	  0.0000000000	  0.0000000000	  0.0492056044	 10.7008509640	827374.5991437951	 10.4316012114	-54.6006177169	-10820.4741874041
  0.1015961016	  0.9717359543	688.8721108993	60606.0000000000	200000.0000000000	181818.0000000000	 36.0000000000	 12.0000000000	 12.0000000000	  0.0000000000	  0.0000000000	  0.0000000000	  0.0535073977	 13.5347542007	1688515.8556774510	 13.9458408543	  3.4283532423	-1504.2527837843
  0.0997786667	  1.0213526976	686.3771068006	250000.0000000000	105263.0000000000	142857.0000000000	 12.0000000000	 24.0000000000	 18.0000000000	  0.0000000000	  0.0000000000	  0.0000000000	  0.0908598875	 43.3494269459	1709956.5088346349	  0.1085179887	-55.5268330372	-3465.4850212392
  0.0976855977	  0.9503424783	688.7485194477	60606.0000000000	105263.0000000000	105263.0000000000	 36.0000000000	 24.0000000000	 24.0000000000	  0.0000000000	  0.0000000000	  0.0000000000	  0.1217753797	 13.9155889179	1525237.7037273557	-21.8121550490	-33.0118229928	10504.6817869242
  0.0984490984	  0.9745154859	692.3673293341	153846.0000000000	80000.0000000000	105263.0000000000	 18.0000000000	 30.0000000000	 24.0000000000	  0.0000000000	  0.0000000000	  0.0000000000	  0.0813984337	 18.9974560244	2285297.6167245866	 -0.7125032661	-102.7873150178	14144.6372195097
  0.1021200000	  0.9873155226	689.2289909348	125000.0000000000	111111.0000000000	133333.0000000000	 18.0000000000	 24.0000000000	 18.0000000000	  0.0000000000	  0.0000000000	  0.0000000000	  0.0967918848	 32.8343484585	1684763.1062705689	 -1.3743799541	-43.0524747103	5373.8313105866
  0.1014760000	  0.9805804303	682.1435553215	125000.0000000000	142857.0000000000	133333.0000000000	 18.0000000000	 18.0000000000	 18.0000000000	  0.0000000000	  0.0000000000	  0.0000000000	  0.0641635893	  9.5495180606	2403838.9962852439	  1.1606607976	  8.4955150784	-6157.7803502732
  0.0976500977	  1.0051892018	682.6592516481	111111.0000000000	105263.0000000000	95238.0000000000	 24.0000000000	 24.0000000000	 24.0000000000	  0.0000000000	  0.0000000000	  0.0000000000	  0.0898420230	 17.2659934907	925970.9500938618	  2.2882942061	-34.6981978023	-12665.1795318461
  0.0966500000	  1.0040322561	684.1146900847	80000.0000000000	83333.0000000000	200000.0000000000	 30.0000000000	 30.0000000000	 12.0000000000	  0.0000000000	  0.0000000000	  0.0000000000	  0.1180146649	 14.6978487260	1566028.4463098259	  8.0574214720	-71.0366505143	1229.9817695099
  0.1031270833	  1.0252896740	683.2469322625	80000.0000000000	86957.0000000000	83333.0000000000	 30.0000000000	 24.0000000000	 30.0000000000	  0.0000000000	  0.0000000000	  0.0000000000	  0.1175336595	 18.1222536035	721274.2300002670	 -8.1056564801	 73.0048428674	15789.5263618683
  0.1025143849	  0.9890109967	683.5311379169	71429.0000000000	117647.0000000000	166667.0000000000	 30.0000000000	 18.0000000000	 18.0000000000	  0.0000000000	  0.0000000000	  0.0000000000	  0.0662948329	  7.3467877836	1485177.8932800263	  8.8636373239	 16.2417825945	-2074.4950602124
  0.1022566667	  0.9712735463	690.9400556246	100000.0000000000	100000.0000000000	100000.0000000000	 24.0000000000	 24.0000000000	 24.0000000000	  0.0000000000	  0.0000000000	  0.0000000000	  0.1050412539	 23.5007875390	1848881.8589036141	 -3.4558656785	 47.0510950470	13068.5449434848
  0.0971168471	  0.9825990224	687.7186488682	74074.0000000000	86957.0000000000	166667.0000000000	 30.0000000000	 24.0000000000	 18.0000000000	  0.0000000000	  0.0000000000	  0.0000000000	  0.0900483915	  5.1926963393	662891.9882171337	 -9.0951705909	 35.6459992004	-1432.4373155411
  0.1002263502	  1.0123097432	679.0135567419	74074.0000000000	95238.0000000000	117647.0000000000	 30.0000000000	 24.0000000000	 18.0000000000	  0.0000000000	  0.0000000000	  0.0000000000	  0.1162878674	 21.2502006982	735281.6703459341	 10.4068223241	 55.2496727043	-4756.9941590597
  0.0924554453	  1.0169629734	685.5702944209	71429.0000000000	111111.0000000000	95238.0000000000	 30.0000000000	 24.0000000000	 24.0000000000	  0.0000000000	  0.0000000000	  0.0000000000	  0.1182569124	 27.7991261470	826249.5745408777	-11.0008992985	-40.5592539375	-11608.7495047791
  0.0991373491	  0.9828134353	682.0895754044	74074.0000000000	117647.0000000000	142857.0000000000	 30.0000000000	 18.0000000000	 18.0000000000	  0.0000000000	  0.0000000000	  0.0000000000	  0.0786196708	 34.9636347681	1232537.3894714075	  7.7776191912	-33.8147572819	3611.5492293739
  0.0970335970	  1.0052254505	686.3408131417	111111.0000000000	142857.0000000000	133333.0000000000	 24.0000000000	 18.0000000000	 18.0000000000	  0.0000000000	  0.0000000000	  0.0000000000	  0.0998619334	 12.2460463829	2582360.3267266592	 -2.1843785857	 -9.4997589635	-6520.4926141935
  0.0990207995	  1.0169409827	682.5768686225	117647.0000000000	95238.0000000000	117647.0000000000	 18.0000000000	 24.0000000000	 18.0000000000	  0.0000000000	  0.0000000000	  0.0000000000	  0.0724454137	  7.1360378417	1380571.3498634167	  1.5928609552	-30.7538537608	6211.6078058387
  0.1083325542	  1.0054538312	684.7446269006	117647.0000000000	80000.0000000000	166667.0000000000	 18.0000000000	 30.0000000000	 18.0000000000	  0.0000000000	  0.0000000000	  0.0000000000	  0.1117935757	 29.7203401735	1533970.5742154706	  1.8728959516	125.5185418528	2224.3703795952
  0.1007624458	  0.9950138808	692.3487032231	86957.0000000000	117647.0000000000	222222.0000000000	 24.0000000000	 18.0000000000	 12.0000000000	  0.0000000000	  0.0000000000	  0.0000000000	  0.0662467689	 17.7498520776	1405423.8970276075	  4.2345706330	-25.7450578535	842.6743052876
  0.1012073512	  0.9790321295	684.8590907728	74074.0000000000	86957.0000000000	117647.0000000000	 30.0000000000	 24.0000000000	 18.0000000000	  0.0000000000	  0.0000000000	  0.0000000000	  0.1239732244	 53.3406048792	1834043.6830926978	-10.5197300618	-123.5953943336	7210.7364002194
  0.0951283333	  1.0130899441	687.3717641811	100000.0000000000	100000.0000000000	250000.0000000000	 24.0000000000	 24.0000000000	 12.0000000000	  0.0000000000	  0.0000000000	  0.0000000000	  0.1123768636	 37.5795958964	1841894.2367362787	  3.3463627254	 64.0428955236	-484.2537842527
  0.0960440960	  0.9847681209	691.7786551769	76923.0000000000	142857.0000000000	117647.0000000000	 30.0000000000	 18.0000000000	 18.0000000000	  0.0000000000	  0.0000000000	  0.0000000000	  0.1173037956	 16.9728003822	1488306.6187398469	  9.4658623180	-12.6148141458	-6725.5970033156
  0.1036340721	  0.9717317008	687.8220860159	105263.0000000000	76923.0000000000	117647.0000000000	 24.0000000000	 30.0000000000	 18.0000000000	  0.0000000000	  0.0000000000	  0.0000000000	  0.0730941672	 10.3251296043	841484.8431918746	  2.3334343654	-81.2130265674	-5724.7763886669
  0.1009960000	  0.9767025920	683.7056031737	125000.0000000000	100000.0000000000	111111.0000000000	 18.0000000000	 24.0000000000	 24.0000000000	  0.0000000000	  0.0000000000	  0.0000000000	  0.0882134170	 21.0921108782	1369991.9537309830	 -1.2727433830	-50.5432032425	7642.8116696399
  0.1000498663	  0.9949006079	687.0936316194	58824.0000000000	80000.0000000000	133333.0000000000	 36.0000000000	 30.0000000000	 18.0000000000	  0.0000000000	  0.0000000000	  0.0000000000	  0.0842968123	  3.1976132957	692839.9342509299	 18.8049987142	 43.1418484107	-3394.7316614927
  0.0984700000	  0.9726204080	682.1542459425	100000.0000000000	86957.0000000000	105263.0000000000	 24.0000000000	 24.0000000000	 24.0000000000	  0.0000000000	  0.0000000000	  0.0000000000	  0.1267910736	 23.2097316855	959623.4259221593	  3.7153469282	 87.0731254526	9185.8868543843
  0.1040884895	  1.0256406968	688.0610869698	105263.0000000000	95238.0000000000	153846.0000000000	 24.0000000000	 24.0000000000	 18.0000000000	  0.0000000000	  0.0000000000	  0.0000000000	  0.1006771912	 32.0055374355	609903.3846102391	 -2.9331914326	-73.6105438837	-1886.0700279038
  0.1010834522	  0.9987634725	683.8306879034	64516.0000000000	153846.0000000000	105263.0000000000	 36.0000000000	 18.0000000000	 24.0000000000	  0.0000000000	  0.0000000000	  0.0000000000	  0.1011743594	 28.3376993177	758106.8348488671	-14.9806072135	-11.9612240149	7594.8544402573
  0.0989995495	  1.0131531187	686.1237599469	117647.0000000000	95238.0000000000	200000.0000000000	 18.0000000000	 24.0000000000	 12.0000000000	  0.0000000000	  0.0000000000	  0.0000000000	  0.0821623516	  4.6476650673	1581882.8226533283	 -1.8276387630	-27.5423067946	-1331.2767056011
  0.1004740000	  0.9993297111	690.5385616916	250000.0000000000	133333.0000000000	181818.0000000000	 12.0000000000	 18.0000000000	 12.0000000000	  0.0000000000	  0.0000000000	  0.0000000000	  0.1219481044	 31.2096202521	920844.6739631606	  0.1507923215	-22.3407907936	1215.1690848308
  0.0992155555	  0.9918236193	685.3863687089	68966.0000000000	100000.0000000000	86957.0000000000	 30.0000000000	 24.0000000000	 24.0000000000	  0.0000000000	  0.0000000000	  0.0000000000	  0.1049655484	 32.7927538688	1342680.9026487123	 12.6287105202	-61.1192906646	-18560.8305017065
  0.0958990661	  0.9774211285	686.1830097984	58824.0000000000	64516.0000000000	117647.0000000000	 36.0000000000	 36.0000000000	 18.0000000000	  0.0000000000	  0.0000000000	  0.0000000000	  0.1002641367	 10.9840252726	913505.2054021307	 20.7837079831	150.4458247483	5670.5393335612
  0.1005964024	  1.0335636881	689.1688797764	83333.0000000000	90909.0000000000	142857.0000000000	 30.0000000000	 24.0000000000	 18.0000000000	  0.0000000000	  0.0000000000	  0.0000000000	  0.1019351472	 37.7694757757	1255699.3983216872	 -5.8465112457	-84.2586513661	3684.3724932043
  0.0968963469	  0.9943530379	684.0524710442	74074.0000000000	68966.0000000000	181818.0000000000	 30.0000000000	 30.0000000000	 12.0000000000	  0.0000000000	  0.0000000000	  0.0000000000	  0.0713376155	  8.7530860999	1509637.6302841466	 -7.9799604639	-117.2237202367	-1800.0683365412
  0.0992594044	  1.0124437377	688.2111426266	71429.0000000000	111111.0000000000	117647.0000000000	 30.0000000000	 24.0000000000	 18.0000000000	  0.0000000000	  0.0000000000	  0.0000000000	  0.0899550125	  5.5063390742	1024577.6465379574	 -9.9192847761	 15.5046901638	6262.7965844157
  0.1046742927	  1.0099466456	682.1057017526	64516.0000000000	100000.0000000000	117647.0000000000	 36.0000000000	 24.0000000000	 18.0000000000	  0.0000000000	  0.0000000000	  0.0000000000	  0.1167012740	 19.3369969195	1277816.6872434209	-17.1479888313	-48.2774046030	6519.4166214621
  0.1028427057	  0.9896428550	684.6721800317	64516.0000000000	80000.0000000000	200000.0000000000	 36.0000000000	 30.0000000000	 12.0000000000	  0.0000000000	  0.0000000000	  0.0000000000	  0.1267566322	 26.7993656466	1486358.2626642187	 17.6915202368	121.7506612344	-1124.3041448442
  0.0967343467	  0.9876032400	687.9651644963	74074.0000000000	80000.0000000000	105263.0000000000	 30.0000000000	 30.0000000000	 24.0000000000	  0.0000000000	  0.0000000000	  0.0000000000	  0.0736665156	  8.1561391712	1248884.6923846996	  8.1228795447	-68.0063634203	-9286.9851534689
  0.0951338341	  0.9692871837	689.6734988262	68966.0000000000	181818.0000000000	95238.0000000000	 30.0000000000	 12.0000000000	 24.0000000000	  0.0000000000	  0.0000000000	  0.0000000000	  0.1211889239	 23.4679284639	764901.5080766375	 13.1105336820	 -6.0611708991	-10256.1687223099
  0.1008813333	  0.9944933694	684.0043116895	125000.0000000000	86957.0000000000	105263.0000000000	 18.0000000000	 24.0000000000	 24.0000000000	  0.0000000000	  0.0000000000	  0.0000000000	  0.1056545715	 14.6765088939	1168526.6098633104	 -1.4121268367	 61.8139088280	9030.7822928400
  0.1020920541	  0.9942242248	687.4547599817	71429.0000000000	133333.0000000000	285714.0000000000	 30.0000000000	 18.0000000000	 12.0000000000	  0.0000000000	  0.0000000000	  0.0000000000	  0.1170912996	 26.3325517025	890904.3249617141	 11.2474239681	-18.7886434043	-202.2155241828
  0.0975995120	  1.0147422535	685.5580809809	66667.0000000000	125000.0000000000	125000.0000000000	 36.0000000000	 18.0000000000	 18.0000000000	  0.0000000000	  0.0000000000	  0.0000000000	  0.0814684051	 19.2209434462	1144408.3139339425	 11.9208825258	-21.9379524379	5126.1274472529
  0.1014754419	  0.9614832304	692.4633665084	86957.0000000000	142857.0000000000	111111.0000000000	 24.0000000000	 18.0000000000	 24.0000000000	  0.0000000000	  0.0000000000	  0.0000000000	  0.0468537331	 12.1609773028	1726125.8860915725	  3.7937302613	-10.4116655847	9126.8538587060
  0.0983683935	  1.0217230412	684.2155091867	83333.0000000000	142857.0000000000	90909.0000000000	 30.0000000000	 18.0000000000	 24.0000000000	  0.0000000000	  0.0000000000	  0.0000000000	  0.0971575505	 17.0682758857	819700.9293016022	 -6.1784208607	-11.6462944972	-13405.2980476699
  0.0991966667	  0.9874721117	681.7839657168	100000.0000000000	117647.0000000000	166667.0000000000	 24.0000000000	 18.0000000000	 18.0000000000	  0.0000000000	  0.0000000000	  0.0000000000	  0.0976272184	 19.6870087712	882224.4142538824	  3.4619033821	 27.9492077256	-1643.2532248711
  0.1041886042	  0.9949689419	683.0402717994	76923.0000000000	76923.0000000000	285714.0000000000	 30.0000000000	 30.0000000000	 12.0000000000	  0.0000000000	  0.0000000000	  0.0000000000	  0.1155189559	 18.0153894437	1977837.6876998809	  9.3076084687	-105.2197586033	-451.3905181716
  0.0984312500	  0.9919847199	687.3650015581	80000.0000000000	76923.0000000000	125000.0000000000	 30.0000000000	 30.0000000000	 18.0000000000	  0.0000000000	  0.0000000000	  0.0000000000	  0.0911591121	 12.6361028748	947964.5209946488	 -6.8609179637	-91.4974434550	4801.7090512214
  0.1029931030	  0.9852864440	685.5996206018	60606.0000000000	105263.0000000000	100000.0000000000	 36.0000000000	 24.0000000000	 24.0000000000	  0.0000000000	  0.0000000000	  0.0000000000	  0.0550459497	  9.5799095048	759952.9238449340	 13.5159137027	 27.9943371343	-9322.4868851035
  0.1012866243	  0.9985884605	688.9203462082	68966.0000000000	83333.0000000000	95238.0000000000	 30.0000000000	 30.0000000000	 24.0000000000	  0.0000000000	  0.0000000000	  0.0000000000	  0.0826079297	 21.7948968871	2497819.5572096384	 11.2817439552	 93.3979300001	19268.7923126325
  0.0918588045	  1.0004941438	690.5894312832	105263.0000000000	71429.0000000000	100000.0000000000	 24.0000000000	 30.0000000000	 24.0000000000	  0.0000000000	  0.0000000000	  0.0000000000	  0.1047143461	 20.1269657751	990133.2052113944	  2.9100279809	148.1546067209	9448.1726098283
  0.1048027569	  0.9563909604	687.7595741197	86957.0000000000	76923.0000000000	105263.0000000000	 24.0000000000	 30.0000000000	 24.0000000000	  0.0000000000	  0.0000000000	  0.0000000000	  0.1230094215	 55.4109652836	2023392.3761432169	 -6.2095866210	-185.8244209718	-12318.7381643678
  0.0982462649	  1.0149776018	688.6292589421	142857.0000000000	74074.0000000000	153846.0000000000	 18.0000000000	 30.0000000000	 18.0000000000	  0.0000000000	  0.0000000000	  0.0000000000	  0.1321986064	 12.9535114600	2316595.8873049882	  1.1816749874	108.3056014859	-3547.5732107444
  0.1062907874	  1.0195388004	683.2571934557	166667.0000000000	105263.0000000000	125000.0000000000	 18.0000000000	 24.0000000000	 18.0000000000	  0.0000000000	  0.0000000000	  0.0000000000	  0.1152794915	 30.9465709995	1134294.6664136401	  0.5883176950	-43.9316461580	-5279.1952977660
  0.0987787067	  1.0033740116	690.2809892105	86957.0000000000	76923.0000000000	105263.0000000000	 24.0000000000	 30.0000000000	 24.0000000000	  0.0000000000	  0.0000000000	  0.0000000000	  0.0826216302	 15.7545089314	1534909.5391576022	  4.5631092772	-97.8186284385	-11578.9120260736
  0.1000571164	  0.9837584176	691.9137888531	86957.0000000000	76923.0000000000	133333.0000000000	 24.0000000000	 30.0000000000	 18.0000000000	  0.0000000000	  0.0000000000	  0.0000000000	  0.0650925075	  4.6218842243	651113.2623228494	  4.1130316502	 55.0437992975	2969.2558105364
  0.1036553537	  0.9739386132	686.6489170908	74074.0000000000	200000.0000000000	117647.0000000000	 30.0000000000	 12.0000000000	 18.0000000000	  0.0000000000	  0.0000000000	  0.0000000000	  0.0900348847	 11.9210585101	2638385.3071281766	  8.6164953249	 -3.6828382044	9942.4592705300
  0.0974543128	  1.0074830111	685.2652146010	105263.0000000000	133333.0000000000	133333.0000000000	 24.0000000000	 18.0000000000	 18.0000000000	  0.0000000000	  0.0000000000	  0.0000000000	  0.0741282073	 13.0263307849	1180357.9413925994	  2.5177218574	-12.9116918767	-4187.0633433963
  0.1004260641	  1.0403415582	679.5997382468	71429.0000000000	105263.0000000000	117647.0000000000	 30.0000000000	 24.0000000000	 18.0000000000	  0.0000000000	  0.0000000000	  0.0000000000	  0.0644645336	  9.6433514104	1171074.1014442442	  8.4224616441	 29.0792661180	5721.7304236446
  0.1004666667	  1.0180193141	684.2567449230	125000.0000000000	74074.0000000000	105263.0000000000	 18.0000000000	 30.0000000000	 24.0000000000	  0.0000000000	  0.0000000000	  0.0000000000	  0.0740083959	 11.6276768869	1947181.1229325486	 -1.3397462422	-103.6291962760	11706.2665999068
  0.1002603984	  0.9963666799	685.5003585576	71429.0000000000	125000.0000000000	105263.0000000000	 30.0000000000	 18.0000000000	 24.0000000000	  0.0000000000	  0.0000000000	  0.0000000000	  0.0789739237	 37.4778412796	1228876.4776243998	  9.4315446331	-26.3082709622	10172.9557662049
  0.1007124028	  1.0112979840	681.3414077451	83333.0000000000	66667.0000000000	133333.0000000000	 30.0000000000	 36.0000000000	 18.0000000000	  0.0000000000	  0.0000000000	  0.0000000000	  0.1007566657	 17.8499582592	896171.1220325705	  6.5660081144	-173.4436773043	-3272.8671355910
  0.0995101990	  1.0053602528	691.6116037459	64516.0000000000	125000.0000000000	125000.0000000000	 36.0000000000	 18.0000000000	 18.0000000000	  0.0000000000	  0.0000000000	  0.0000000000	  0.0637651860	 18.9218341615	1405005.4704654061	 12.1423999091	 19.3497811761	6093.4905073046
  0.1029544118	  0.9912992800	691.9711648841	83333.0000000000	111111.0000000000	125000.0000000000	 30.0000000000	 24.0000000000	 18.0000000000	  0.0000000000	  0.0000000000	  0.0000000000	  0.0905504383	 22.0095905148	1135427.6005336239	 -5.7798585629	-31.3084414189	-4808.1014223825
  0.1045343545	  0.9790981633	683.6261335308	222222.0000000000	117647.0000000000	222222.0000000000	 12.0000000000	 18.0000000000	 12.0000000000	  0.0000000000	  1.0000000000	  0.0000000000	  0.1101547930	 21.9724455442	780784.7601243866	 -0.2327261023	-28.6754435748	469.9902762485
  0.0983895081	  0.9999841740	682.9818037644	66667.0000000000	166667.0000000000	105263.0000000000	 36.0000000000	 18.0000000000	 24.0000000000	  0.0000000000	  0.0000000000	  0.0000000000	  0.0709819517	 26.6527216142	1262040.9347107266	 11.8407332497	 -7.7670027402	-9067.1535129943
  0.1026394868	  1.0015287695	684.8995775671	66667.0000000000	80000.0000000000	90909.0000000000	 36.0000000000	 30.0000000000	 24.0000000000	  0.0000000000	  0.0000000000	  0.0000000000	  0.0376889662	  2.0383726230	1687496.4549253006	 -8.1138331815	 32.0895283624	17535.3553964696
  0.1049273396	  0.9839377357	689.9956134512	86957.0000000000	95238.0000000000	142857.0000000000	 24.0000000000	 24.0000000000	 18.0000000000	  0.0000000000	  0.0000000000	  0.0000000000	  0.0984020058	 30.7805565985	1248445.6259878792	  5.1091433826	-65.1026434343	-3237.6920161315
  0.1049145432	  0.9823754717	692.5489478542	64516.0000000000	100000.0000000000	95238.0000000000	 36.0000000000	 24.0000000000	 24.0000000000	  0.0000000000	  0.0000000000	  0.0000000000	  0.1276168231	 21.9050384358	1174081.5362180378	-17.0528882974	-48.2457405389	12698.0439885917
  0.0986008028	  1.0095863191	686.0067493770	166667.0000000000	181818.0000000000	142857.0000000000	 18.0000000000	 12.0000000000	 18.0000000000	  0.0000000000	  0.0000000000	  0.0000000000	  0.0866946929	 14.2361209151	809327.9176923378	 -0.5789082533	 -5.3928599219	2719.3400828780
  0.0978708333	  0.9885556587	689.0146214053	80000.0000000000	125000.0000000000	105263.0000000000	 30.0000000000	 18.0000000000	 24.0000000000	  0.0000000000	  0.0000000000	  0.0000000000	  0.1093473716	 35.9962612315	1878674.2519765636	  7.7095413892	-29.9729075835	10790.9856917458
  0.0929520930	  1.0514473029	692.1787743357	74074.0000000000	111111.0000000000	100000.0000000000	 30.0000000000	 24.0000000000	 24.0000000000	  0.0000000000	  0.0000000000	  0.0000000000	  0.1172634490	 18.4879579015	791114.6785988826	 10.7216742023	 29.9888767877	-9163.1330797573
  0.1018161018	  1.0040316242	687.0016238148	60606.0000000000	166667.0000000000	181818.0000000000	 36.0000000000	 18.0000000000	 12.0000000000	  0.0000000000	  0.0000000000	  0.0000000000	  0.0909871383	  9.2277405721	2597264.4765221630	 18.3026183044	 -5.6805938179	-1873.7999609066
  0.1010406010	  0.9872697969	685.1827169945	90909.0000000000	62500.0000000000	83333.0000000000	 24.0000000000	 36.0000000000	 30.0000000000	  0.0000000000	  0.0000000000	  0.0000000000	  0.1113020855	 10.8822498722	559128.4059842031	 -4.5296036029	171.0868230715	14794.0567621113
  0.0999729167	  0.9666954940	685.8585072487	80000.0000000000	80000.0000000000	222222.0000000000	 30.0000000000	 30.0000000000	 12.0000000000	  0.0000000000	  0.0000000000	  0.0000000000	  0.0656610432	 21.1933625475	1197869.6224693502	 -5.9811647500	-103.2838010110	791.9074920826
  0.0992960000	  0.9853321792	686.2460836512	125000.0000000000	80000.0000000000	200000.0000000000	 18.0000000000	 30.0000000000	 12.0000000000	  0.0000000000	  0.0000000000	  0.0000000000	  0.0742937070	  7.0131515219	2171808.2030610349	  1.3507311187	 57.7749003073	1498.4331800751
  0.1031256948	  1.0006834344	684.1350555994	68966.0000000000	153846.0000000000	125000.0000000000	 30.0000000000	 18.0000000000	 18.0000000000	  0.0000000000	  0.0000000000	  0.0000000000	  0.1241709233	 32.7826706068	1338254.4145441037	-14.0764008280	 13.0876787708	5267.8199178569
  0.1019359539	  1.0213845981	688.5408943565	64516.0000000000	117647.0000000000	125000.0000000000	 36.0000000000	 18.0000000000	 18.0000000000	  0.0000000000	  0.0000000000	  0.0000000000	  0.0643828342	 23.7582100024	1528539.9062476945	 12.6276601345	-28.5567138647	6281.1306513581
  0.0976647643	  1.0238383180	691.9975165632	76923.0000000000	95238.0000000000	90909.0000000000	 30.0000000000	 24.0000000000	 24.0000000000	  0.0000000000	  0.0000000000	  0.0000000000	  0.1380075023	 26.1362208019	668013.3631631033	  9.2356060611	 59.3407200707	12720.2401253351
  0.1008671009	  1.0270160521	685.7064659833	76923.0000000000	117647.0000000000	142857.0000000000	 30.0000000000	 18.0000000000	 18.0000000000	  0.0000000000	  0.0000000000	  0.0000000000	  0.0958685929	 13.5837869502	1313312.6144507991	 -7.8862697011	-22.1181056282	3716.9913575596
  0.1046252403	  0.9997406146	692.6156120146	105263.0000000000	90909.0000000000	125000.0000000000	 24.0000000000	 24.0000000000	 18.0000000000	  0.0000000000	  0.0000000000	  0.0000000000	  0.0837726210	 28.2816810478	1238126.1591561702	  2.5045643611	-74.2237703597	-5619.0515849403
  0.0986111972	  0.9719652024	684.9924588158	64516.0000000000	105263.0000000000	111111.0000000000	 36.0000000000	 24.0000000000	 24.0000000000	  0.0000000000	  0.0000000000	  0.0000000000	  0.0801418154	 18.1859752536	1405801.9218973008	-13.7832809511	-35.5653515744	8770.1009403738
  0.0982689957	  0.9878823078	683.2469744576	133333.0000000000	111111.0000000000	105263.0000000000	 18.0000000000	 24.0000000000	 24.0000000000	  0.0000000000	  0.0000000000	  0.0000000000	  0.1042209595	 10.8333855007	1248196.0714037889	  1.2267656010	 22.2134215158	10424.7517861017
  0.1005368505	  0.9994927621	681.3924854358	74074.0000000000	83333.0000000000	95238.0000000000	 30.0000000000	 30.0000000000	 24.0000000000	  0.0000000000	  0.0000000000	  0.0000000000	  0.0975870411	 12.8027263743	1024648.8639820094	 -9.3559333591	-73.5382039525	-11561.3302105289
  0.0970645971	  1.0020407236	685.9707950988	76923.0000000000	80000.0000000000	142857.0000000000	 30.0000000000	 30.0000000000	 18.0000000000	  0.0000000000	  0.0000000000	  0.0000000000	  0.0723992734	  3.6554334548	965535.8007185814	 -7.2247942221	-41.5033301598	3135.8309685986
  0.0999211499	  0.9739040265	690.8528188408	105263.0000000000	83333.0000000000	90909.0000000000	 24.0000000000	 30.0000000000	 24.0000000000	  0.0000000000	  0.0000000000	  0.0000000000	  0.1142395513	 10.9505227089	911124.9357002137	 -2.7553685612	 61.9546388040	-12717.1144620077
  0.1060353411	  1.0007734969	684.3992780286	68966.0000000000	71429.0000000000	153846.0000000000	 30.0000000000	 30.0000000000	 18.0000000000	  0.0000000000	  0.0000000000	  0.0000000000	  0.0875792646	  6.5887547554	983553.3378930086	 10.9601409744	 90.7331271333	-2402.1731342809
  0.1029120000	  0.9784242374	683.5627821433	62500.0000000000	86957.0000000000	117647.0000000000	 36.0000000000	 24.0000000000	 18.0000000000	  0.0000000000	  0.0000000000	  0.0000000000	  0.1080960060	 28.0511870817	1248468.5143480045	 16.7022426306	-90.8889997402	7151.4710996541
  0.1019525696	  0.9762279410	683.9178294450	105263.0000000000	166667.0000000000	117647.0000000000	 24.0000000000	 18.0000000000	 18.0000000000	  0.0000000000	  0.0000000000	  0.0000000000	  0.1636771947	 27.7865828776	802771.7671928188	  3.3833993266	 -9.5866335768	-5173.5934200177
  0.0999495003	  0.9907318305	683.5001207095	66667.0000000000	142857.0000000000	117647.0000000000	 36.0000000000	 18.0000000000	 18.0000000000	  0.0000000000	  0.0000000000	  0.0000000000	  0.1187839334	 30.5545697730	906035.7621939050	-15.2891690558	-17.3080950977	5533.7154481936
  0.0965685966	  1.0060454396	686.4390167829	111111.0000000000	181818.0000000000	133333.0000000000	 24.0000000000	 12.0000000000	 18.0000000000	  0.0000000000	  0.0000000000	  0.0000000000	  0.1397740802	 32.0354916750	1788112.4855385427	  2.5406002180	 -6.3892061888	-5233.6932733453
  0.1002244989	  1.0052884823	684.2490952253	66667.0000000000	95238.0000000000	153846.0000000000	 36.0000000000	 24.0000000000	 18.0000000000	  0.0000000000	  0.0000000000	  0.0000000000	  0.1030412143	 24.4794917633	839039.2611411674	 13.3106918790	 61.0566448370	2162.7502096317
  0.1029661030	  1.0170782049	682.0786803873	111111.0000000000	95238.0000000000	105263.0000000000	 24.0000000000	 24.0000000000	 24.0000000000	  0.0000000000	  0.0000000000	  0.0000000000	  0.0889103072	 14.9274739192	824983.2851381205	 -2.2767378526	-51.1538000612	8078.8174392278
  0.0981979599	  0.9612544126	689.8951916171	86957.0000000000	105263.0000000000	142857.0000000000	 24.0000000000	 24.0000000000	 18.0000000000	  0.0000000000	  0.0000000000	  0.0000000000	  0.0723005383	  8.2445174002	1392166.4241308023	 -4.2172006582	-26.2878523706	-3197.9557933964
  0.0998249332	  1.0095626441	680.7162393260	76923.0000000000	153846.0000000000	142857.0000000000	 30.0000000000	 18.0000000000	 18.0000000000	  0.0000000000	  0.0000000000	  0.0000000000	  0.0949396384	 32.1501357406	923420.4026261078	 -8.0912838937	 13.9362526600	-3180.9106100208
  0.1046904188	  1.0457569305	686.4341652155	83333.0000000000	142857.0000000000	100000.0000000000	 30.0000000000	 18.0000000000	 24.0000000000	  0.0000000000	  0.0000000000	  0.0000000000	  0.0558673258	 13.5848455014	1160567.0930071482	 -4.3057750832	-12.1407862875	-11296.8963704073
  0.0983141133	  0.9727307776	697.9844162315	64516.0000000000	100000.0000000000	117647.0000000000	 36.0000000000	 24.0000000000	 18.0000000000	  0.0000000000	  0.0000000000	  0.0000000000	  0.1175534270	 32.6746733656	1419107.1095869245	-15.8677240629	-60.3521971782	-6988.1264735257
  0.1018623195	  0.9727626811	685.9209221337	105263.0000000000	86957.0000000000	133333.0000000000	 24.0000000000	 24.0000000000	 18.0000000000	  0.0000000000	  0.0000000000	  0.0000000000	  0.0779701737	 23.1497385319	757951.6932237131	  2.4256607753	-84.4855279259	-3075.6034780918
  0.1032564130	  0.9708266940	680.7902769413	83333.0000000000	111111.0000000000	133333.0000000000	 30.0000000000	 24.0000000000	 18.0000000000	  0.0000000000	  0.0000000000	  0.0000000000	  0.1032244126	 28.2481746798	1255580.6812195140	  5.9753508889	 37.5145210794	-4586.8934317637
  0.1014764059	  0.9922867220	684.9766986568	83333.0000000000	222222.0000000000	166667.0000000000	 30.0000000000	 12.0000000000	 18.0000000000	  0.0000000000	  0.0000000000	  0.0000000000	  0.1076122513	 12.9050773524	845309.7767678224	  6.4180262702	  2.5474660504	1449.2591322662
  0.0974955975	  0.9831092231	684.4639231368	111111.0000000000	83333.0000000000	111111.0000000000	 24.0000000000	 30.0000000000	 24.0000000000	  0.0000000000	  0.0000000000	  0.0000000000	  0.0723251625	 11.2951178551	1001076.4176016188	  2.0595774118	-68.3949379811	6970.7764990147
  0.0954259409	  0.9906017080	689.9235251638	64516.0000000000	125000.0000000000	125000.0000000000	 36.0000000000	 18.0000000000	 18.0000000000	  0.0000000000	  0.0000000000	  0.0000000000	  0.1267029436	 43.2103965755	1316987.0038093205	 17.2474135970	-29.2927140688	-5920.5459353568
  0.1020562500	  0.9937765256	688.3596076944	80000.0000000000	100000.0000000000	133333.0000000000	 30.0000000000	 24.0000000000	 18.0000000000	  0.0000000000	  0.0000000000	  0.0000000000	  0.0805726103	 12.0539560557	1216742.3497351306	 -6.0522866562	-36.4847090606	-3912.1565866640
  0.0968468468	  0.9879460948	691.3397075410	95238.0000000000	90909.0000000000	153846.0000000000	 24.0000000000	 24.0000000000	 18.0000000000	  0.0000000000	  0.0000000000	  0.0000000000	  0.1350541984	 20.8374751042	1354425.0308479809	 -4.6454145301	-68.2122244228	2938.9454649372
  0.1020718521	  1.0028985708	684.5991910202	60606.0000000000	76923.0000000000	133333.0000000000	 36.0000000000	 30.0000000000	 18.0000000000	  0.0000000000	  0.0000000000	  0.0000000000	  0.0534512154	  9.1526319573	3404579.6823482006	-14.3338014026	-75.8393647104	-6878.6339618212
  0.1031644127	  1.0032855084	684.6104965585	83333.0000000000	181818.0000000000	125000.0000000000	 30.0000000000	 12.0000000000	 18.0000000000	  0.0000000000	  0.0000000000	  0.0000000000	  0.1570257394	 47.4240979315	1164456.1293652854	 -7.9905457142	  7.4888847072	4755.4003029979
  0.0971354167	  0.9848105312	685.2256040680	80000.0000000000	95238.0000000000	100000.0000000000	 30.0000000000	 24.0000000000	 24.0000000000	  0.0000000000	  0.0000000000	  0.0000000000	  0.1342850143	 23.9887521664	1295243.4664249734	  8.1771018955	 59.9393007630	12183.0877867868
  0.1022602689	  1.0205987159	690.6221364298	76923.0000000000	200000.0000000000	117647.0000000000	 30.0000000000	 12.0000000000	 18.0000000000	  0.0000000000	  0.0000000000	  0.0000000000	  0.1351516714	 23.1356517168	922449.0052740228	 -9.6752803607	  3.9666340266	-5630.5468298987
  0.0993626667	  1.0128604594	683.3851994786	62500.0000000000	125000.0000000000	125000.0000000000	 36.0000000000	 18.0000000000	 18.0000000000	  0.0000000000	  0.0000000000	  0.0000000000	  0.0567203371	 11.8808765110	1210632.1235662831	 13.2490851726	 17.5263054326	-5184.6075978275
  0.1011253333	  0.9945358522	684.1955891046	125000.0000000000	90909.0000000000	125000.0000000000	 18.0000000000	 24.0000000000	 18.0000000000	  0.0000000000	  0.0000000000	  0.0000000000	  0.1098675287	 19.1286281858	1175106.1036224752	 -1.6022844981	 58.3781029895	5039.8583057577
  0.0959422325	  0.9765256956	692.9181186278	55556.0000000000	90909.0000000000	111111.0000000000	 42.0000000000	 24.0000000000	 24.0000000000	  0.0000000000	  0.0000000000	  0.0000000000	  0.0822513525	 17.5145054059	1300589.1133801604	 22.0775801870	-62.8602307351	8615.3569929644
  0.1041967082	  0.9986068249	681.2045233172	71429.0000000000	285714.0000000000	111111.0000000000	 30.0000000000	 12.0000000000	 24.0000000000	  0.0000000000	  0.0000000000	  0.0000000000	  0.0908839655	 24.3237930975	589403.5744345173	  9.5082198184	  1.4171454110	5144.2426706431
  0.0998900000	  0.9942985440	688.9711953762	100000.0000000000	181818.0000000000	153846.0000000000	 24.0000000000	 12.0000000000	 18.0000000000	  0.0000000000	  0.0000000000	  0.0000000000	  0.0801114447	 29.6795937466	1241768.9076821080	 -2.9086064589	 -7.1130966674	-2827.4831801047
  0.1047404190	  1.0109560383	688.9095143224	83333.0000000000	71429.0000000000	142857.0000000000	 30.0000000000	 30.0000000000	 18.0000000000	  0.0000000000	  0.0000000000	  0.0000000000	  0.1078755607	 10.1318108267	752159.5595426109	  6.1614728628	106.6687416499	2881.3857129576
  0.1059395833	  1.0188023842	686.2541016586	80000.0000000000	105263.0000000000	181818.0000000000	 30.0000000000	 24.0000000000	 12.0000000000	  0.0000000000	  0.0000000000	  0.0000000000	  0.1138076040	 54.8608056214	2738290.2346163848	 -8.1407795566	-61.7562556908	2340.4243371189
  0.1059870081	  1.0213504911	690.0843856172	68966.0000000000	80000.0000000000	105263.0000000000	 30.0000000000	 30.0000000000	 24.0000000000	  0.0000000000	  0.0000000000	  0.0000000000	  0.1130557143	 15.8609209184	809040.6559971630	 13.0273727245	-93.4021143098	7356.3155139669
  0.1001353669	  0.9863525150	683.4329871450	64516.0000000000	125000.0000000000	125000.0000000000	 36.0000000000	 18.0000000000	 18.0000000000	  0.0000000000	  0.0000000000	  0.0000000000	  0.1208729172	 33.0805512477	1517520.7042473159	 17.5707341264	 26.1134879367	5401.3938562516
  0.1007450348	  1.0065402477	683.5413398120	64516.0000000000	83333.0000000000	125000.0000000000	 36.0000000000	 30.0000000000	 18.0000000000	  0.0000000000	  0.0000000000	  0.0000000000	  0.1129503685	 14.6585885479	644066.7012281074	-16.2622338382	-79.7619421737	-3598.7649652310
  0.1045709886	  1.0043549885	689.0502677462	57143.0000000000	95238.0000000000	105263.0000000000	 36.0000000000	 24.0000000000	 24.0000000000	  0.0000000000	  0.0000000000	  0.0000000000	  0.0646851241	 18.8182238479	2630437.7683724356	 18.3978045958	-54.0585207529	14065.9848974084
  0.0955752389	  0.9674514498	683.0263049146	133333.0000000000	111111.0000000000	105263.0000000000	 18.0000000000	 24.0000000000	 24.0000000000	  0.0000000000	  0.0000000000	  0.0000000000	  0.1093189217	 28.9285255362	2041540.0015295851	 -1.3484575372	-40.2703518968	13073.4360353282
  0.1028983333	  1.0040964313	687.4985743278	100000.0000000000	100000.0000000000	142857.0000000000	 24.0000000000	 24.0000000000	 18.0000000000	  0.0000000000	  0.0000000000	  0.0000000000	  0.1133654315	 19.8591043080	2005986.4312606922	 -3.5298810377	-47.6718743026	4645.7116311324
