  0.1024377951	  1.0136820419	685.4277747747	166667.0000000000	222222.0000000000	200000.0000000000	 30.0000000000	 24.0000000000	 24.0000000000	  0.0000000000	  0.0000000000	  0.0000000000	  0.1086313710	 22.5189524261	1326181.1448602411	  4.5416593453	-22.7480101199	-7818.8059024977
  0.0958523459	  1.0005491280	687.8280233356	102564.0000000000	222222.0000000000	166667.0000000000	 42.0000000000	 24.0000000000	 30.0000000000	  0.0000000000	  0.0000000000	  0.0000000000	  0.1353532619	 20.8564768469	1606680.5068914942	-28.2742393413	-23.0548893845	-18729.2946971837
  0.0975765142	  0.9895213240	689.4246738342	181818.0000000000	160000.0000000000	200000.0000000000	 24.0000000000	 30.0000000000	 24.0000000000	  0.0000000000	  0.0000000000	  0.0000000000	  0.1548106360	 23.9624011117	1232846.8757378440	  3.8295004522	 80.6760401744	7488.3714663892
  0.1017691667	  0.9733230689	689.4675638110	200000.0000000000	153846.0000000000	181818.0000000000	 24.0000000000	 30.0000000000	 24.0000000000	  0.0000000000	  0.0000000000	  0.0000000000	  0.1246295343	 28.0086466118	1013598.5405578081	  2.4980431443	 91.5665420889	10254.0315372806
  0.0986927083	  0.9918521125	689.5410341963	160000.0000000000	142857.0000000000	235294.0000000000	 30.0000000000	 30.0000000000	 18.0000000000	  0.0000000000	  0.0000000000	  0.0000000000	  0.1308752831	 10.7070728395	1015603.5724941663	 -5.5161081428	-81.2477807465	4465.8652635119
  0.0995961255	  0.9971066367	681.7271475633	266667.0000000000	181818.0000000000	266667.0000000000	 18.0000000000	 24.0000000000	 18.0000000000	  0.0000000000	  0.0000000000	  0.0000000000	  0.0875578416	 23.4410081136	1265689.6713459429	 -0.8035841801	-48.9447630631	-2724.4084060336
  0.1012134420	  0.9959472819	685.5885785879	173913.0000000000	153846.0000000000	200000.0000000000	 24.0000000000	 30.0000000000	 24.0000000000	  0.0000000000	  0.0000000000	  0.0000000000	  0.0656229018	 11.5581541480	1468429.0765573415	  2.9713113699	-65.3958693681	9368.8850826447
  0.0996389176	  1.0291787531	686.7308246283	114286.0000000000	129032.0000000000	173913.0000000000	 36.0000000000	 36.0000000000	 24.0000000000	  0.0000000000	  0.0000000000	  0.0000000000	  0.0785985752	  8.1415589409	1287359.6840981245	-15.1611196000	-98.4702927434	-12621.2284376522
  0.0981793482	  1.0126282189	684.9724551179	153846.0000000000	160000.0000000000	200000.0000000000	 30.0000000000	 30.0000000000	 24.0000000000	  0.0000000000	  0.0000000000	  0.0000000000	  0.1216414382	 22.1988508977	1088687.5889663058	 -6.6301372813	-72.1880088712	-7447.5313762952
  0.1023297690	  0.9905795447	688.9568052885	108108.0000000000	200000.0000000000	210526.0000000000	 42.0000000000	 24.0000000000	 24.0000000000	  0.0000000000	  0.0000000000	  0.0000000000	  0.1226610859	 35.6358105922	2172792.6282422207	 21.0550267443	 46.2059560863	8986.7552409912
  0.1002284336	  0.9952668116	683.8042002009	142857.0000000000	133333.0000000000	285714.0000000000	 30.0000000000	 36.0000000000	 18.0000000000	  0.0000000000	  0.0000000000	  0.0000000000	  0.0802275841	  5.0129787743	944277.7049664896	  6.8377972469	-64.2047041952	-2171.3518761856
  0.0996064746	  1.0241858859	690.9990419537	148148.0000000000	125000.0000000000	148148.0000000000	 30.0000000000	 36.0000000000	 30.0000000000	  0.0000000000	  0.0000000000	  0.0000000000	  0.1380142947	 41.4977564972	851316.8341838906	 -7.3513977429	-240.6366644152	-19906.3884315940
  0.1022446628	  1.0049286995	689.0714842794	129032.0000000000	153846.0000000000	222222.0000000000	 36.0000000000	 30.0000000000	 24.0000000000	  0.0000000000	  0.0000000000	  0.0000000000	  0.1138356239	  9.2207054839	1004152.4398235067	-11.2331474993	 57.5532606582	5137.4985948167
  0.1002635417	  1.0163203055	684.8540027082	160000.0000000000	235294.0000000000	160000.0000000000	 30.0000000000	 18.0000000000	 30.0000000000	  0.0000000000	  0.0000000000	  0.0000000000	  0.0841529955	 15.4984701295	975506.2688710580	  4.6876804215	 17.8369146546	-16680.0829317026
  0.0979771495	  1.0057633286	685.0006787458	173913.0000000000	137931.0000000000	200000.0000000000	 24.0000000000	 30.0000000000	 24.0000000000	  0.0000000000	  0.0000000000	  0.0000000000	  0.0973593490	 17.7296923399	514609.8041270357	  3.4882898393	114.8215892689	4970.5734567807
  0.0972400972	  0.9903263619	689.6552599759	181818.0000000000	210526.0000000000	285714.0000000000	 24.0000000000	 24.0000000000	 18.0000000000	  0.0000000000	  0.0000000000	  0.0000000000	  0.0784193275	 13.6128312669	2351865.2758229156	 -2.8966063534	-23.4672205202	-3448.6321773347
  0.0996128008	  1.0092802089	689.0025545861	166667.0000000000	235294.0000000000	571429.0000000000	 30.0000000000	 18.0000000000	 12.0000000000	  0.0000000000	  0.0000000000	  0.0000000000	  0.1377296790	 34.3504501032	1221556.6026017801	  5.1643211527	 26.4545419291	-196.1791280172
  0.0973037987	  0.9993241658	684.3801040522	235294.0000000000	137931.0000000000	500000.0000000000	 18.0000000000	 30.0000000000	 12.0000000000	  0.0000000000	  0.0000000000	  0.0000000000	  0.0900964834	 41.8553636616	730465.7413611851	  1.2463160135	-171.1165907604	-307.1523095268
  0.1018373333	  1.0133885802	683.0852649724	125000.0000000000	148148.0000000000	190476.0000000000	 36.0000000000	 30.0000000000	 24.0000000000	  0.0000000000	  0.0000000000	  0.0000000000	  0.0882202336	 24.5129529926	1435281.7935811963	 11.5765158635	-100.9841731577	-9609.0604729372
  0.0995498756	  0.9817299257	682.0432865612	266667.0000000000	190476.0000000000	200000.0000000000	 18.0000000000	 24.0000000000	 24.0000000000	  0.0000000000	  1.0000000000	  0.0000000000	  0.1107758078	 37.8203798288	790352.7318493227	 -0.9139124294	 57.3145586808	-6444.1443003220
  0.1008291754	  0.9764615641	683.2471813623	235294.0000000000	166667.0000000000	200000.0000000000	 18.0000000000	 30.0000000000	 24.0000000000	  0.0000000000	  0.0000000000	  0.0000000000	  0.1046803409	 17.2119826787	1108318.0359811031	 -1.2436361390	 55.6405923708	-8365.8413082007
  0.0996847664	  1.0135671199	688.8279833601	142857.0000000000	133333.0000000000	222222.0000000000	 30.0000000000	 36.0000000000	 24.0000000000	  0.0000000000	  0.0000000000	  0.0000000000	  0.1100607760	 26.8830811977	1141585.5199485165	  7.3885257611	-160.5859247022	-5236.2954298962
  0.1013811430	  0.9988653254	681.8434335136	363636.0000000000	222222.0000000000	181818.0000000000	 12.0000000000	 24.0000000000	 24.0000000000	  0.0000000000	  0.0000000000	  0.0000000000	  0.0974363505	 18.0007180001	935471.2613362703	  0.3270714136	-20.0159228868	9808.3777754514
  0.0970177637	  0.9991116347	687.0757738860	142857.0000000000	142857.0000000000	160000.0000000000	 30.0000000000	 30.0000000000	 30.0000000000	  0.0000000000	  0.0000000000	  0.0000000000	  0.1152328415	 14.5543168664	357066.8598250087	 -7.7054347167	 93.3899080339	10071.2748327853
  0.0997943663	  0.9778862368	687.5088323758	129032.0000000000	307692.0000000000	160000.0000000000	 36.0000000000	 18.0000000000	 30.0000000000	  0.0000000000	  0.0000000000	  0.0000000000	  0.0998966052	 17.3128965585	1353212.5296132122	 10.6265171682	  7.4437980199	19828.8957782699
  0.0942672193	  1.0278983807	685.3497985414	148148.0000000000	210526.0000000000	222222.0000000000	 30.0000000000	 24.0000000000	 24.0000000000	  0.0000000000	  0.0000000000	  0.0000000000	  0.1077034431	  8.0394155557	1286357.2642177690	  6.4900229222	-16.0387840152	-6115.2618173836
  0.1006395833	  1.0119117142	686.4956525576	160000.0000000000	148148.0000000000	210526.0000000000	 30.0000000000	 30.0000000000	 24.0000000000	  0.0000000000	  0.0000000000	  0.0000000000	  0.0722531074	 24.7197620735	2072393.7947446068	  4.1658268673	-105.8073213734	8283.2882623188
  0.1011141667	  1.0113097695	686.1810203651	200000.0000000000	190476.0000000000	500000.0000000000	 24.0000000000	 24.0000000000	 12.0000000000	  0.0000000000	  0.0000000000	  0.0000000000	  0.1273269873	 20.6517910974	1241012.1158872617	  2.7307015231	-36.7355286950	-360.4878488727
  0.0994228494	  1.0098203895	688.2565618520	95238.0000000000	222222.0000000000	363636.0000000000	 48.0000000000	 24.0000000000	 12.0000000000	  0.0000000000	  0.0000000000	  0.0000000000	  0.0642120627	 10.8935675430	3036104.7386659817	 24.8712535342	 16.2216511627	-1815.1799368429
  0.1045427712	  1.0058432696	686.5879037936	142857.0000000000	166667.0000000000	200000.0000000000	 30.0000000000	 30.0000000000	 24.0000000000	  0.0000000000	  0.0000000000	  0.0000000000	  0.1425977569	 21.4016165654	921118.2583778119	 -9.3671858202	-60.4099246971	6735.6116089605
  0.0969197917	  1.0125501069	687.0190132330	160000.0000000000	166667.0000000000	181818.0000000000	 30.0000000000	 30.0000000000	 24.0000000000	  0.0000000000	  0.0000000000	  0.0000000000	  0.0826173171	 29.7860489785	1366083.6232589837	  4.7869453751	-76.8059354290	12544.2660829241
  0.1020246114	  0.9983478404	689.9020742697	210526.0000000000	166667.0000000000	166667.0000000000	 24.0000000000	 30.0000000000	 30.0000000000	  0.0000000000	  0.0000000000	  0.0000000000	  0.1059402198	 11.0362530893	1496017.2227416837	  1.8190774958	-48.8815757771	-15942.2615140878
  0.1006731840	  1.0022148463	688.1044674135	307692.0000000000	166667.0000000000	190476.0000000000	 18.0000000000	 30.0000000000	 24.0000000000	  0.0000000000	  0.0000000000	  0.0000000000	  0.1027890161	 19.1859093138	1466165.1637796857	  0.4759977896	-62.7326855910	10257.8549041810
  0.1019531250	  0.9871077637	686.8136326624	160000.0000000000	133333.0000000000	307692.0000000000	 30.0000000000	 36.0000000000	 18.0000000000	  0.0000000000	  0.0000000000	  0.0000000000	  0.0933509166	 20.1982974956	1067166.9127924424	  4.6907868773	-142.9697257999	-1615.2050695574
  0.1052652303	  0.9904582271	691.3991374157	190476.0000000000	181818.0000000000	190476.0000000000	 24.0000000000	 24.0000000000	 24.0000000000	  0.0000000000	  0.0000000000	  0.0000000000	  0.0910654100	 16.2492593507	923431.0492888588	  2.8074526335	-42.2966783076	-8549.5139503337
  0.0993262332	  0.9802232333	683.3256061634	137931.0000000000	222222.0000000000	235294.0000000000	 30.0000000000	 24.0000000000	 18.0000000000	  0.0000000000	  0.0000000000	  0.0000000000	  0.0828083250	 28.8468761048	1217850.1458016699	  7.7266252178	-27.9792363582	-4275.2302421175
  0.1001915005	  0.9809256391	689.3678547253	133333.0000000000	160000.0000000000	333333.0000000000	 36.0000000000	 30.0000000000	 18.0000000000	  0.0000000000	  0.0000000000	  0.0000000000	  0.1063474386	 19.6983388485	875659.6430968159	 10.1034000815	 73.6970808326	1142.2863694778
  0.1018092268	  1.0133395812	689.0744978928	121212.0000000000	285714.0000000000	173913.0000000000	 36.0000000000	 18.0000000000	 24.0000000000	  0.0000000000	  0.0000000000	  0.0000000000	  0.1377201105	 28.4510893350	1281654.9260594745	 16.3699453800	 11.4260729696	13196.7937484380
  0.0985414964	  0.9864430009	689.0746351139	133333.0000000000	133333.0000000000	190476.0000000000	 36.0000000000	 36.0000000000	 24.0000000000	  0.0000000000	  0.0000000000	  0.0000000000	  0.0820894523	  8.8929698718	907231.6357633455	  8.4893727985	-91.9003142375	-8814.9574276530
  0.1009351843	  0.9916023551	687.7153760640	181818.0000000000	235294.0000000000	210526.0000000000	 24.0000000000	 18.0000000000	 24.0000000000	  0.0000000000	  0.0000000000	  0.0000000000	  0.0835641383	 16.1955603260	1203335.0320295996	  3.0212573557	-17.6202830885	-6183.4684026450
  0.1007109835	  0.9949232710	684.8434549659	137931.0000000000	363636.0000000000	285714.0000000000	 30.0000000000	 12.0000000000	 18.0000000000	  0.0000000000	  0.0000000000	  0.0000000000	  0.0930804325	 19.1611030672	1296827.0019339807	  7.9938021018	  4.0535540288	2190.8887086561
  0.0980064313	  0.9946867531	686.5942645430	181818.0000000000	363636.0000000000	222222.0000000000	 24.0000000000	 12.0000000000	 24.0000000000	  0.0000000000	  0.0000000000	  0.0000000000	  0.0923592069	 20.9405203290	3853778.0512234466	 -3.1100992213	  4.1817892907	9544.5132555181
  0.1037386037	  0.9779889912	685.4669282650	148148.0000000000	210526.0000000000	222222.0000000000	 30.0000000000	 24.0000000000	 24.0000000000	  0.0000000000	  0.0000000000	  0.0000000000	  0.1528151846	 17.4048544133	731717.7514783774	 -8.3321731719	-26.8022647378	4646.5286832877
  0.1005126005	  0.9876411564	689.4693786060	181818.0000000000	181818.0000000000	400000.0000000000	 24.0000000000	 24.0000000000	 12.0000000000	  0.0000000000	  0.0000000000	  0.0000000000	  0.1267647371	 32.9279442340	1261915.5745849763	  3.9105778568	-61.7699144627	767.6529594647
  0.0998173333	  0.9982892463	686.1690514244	125000.0000000000	285714.0000000000	235294.0000000000	 36.0000000000	 18.0000000000	 18.0000000000	  0.0000000000	  0.0000000000	  0.0000000000	  0.1520111726	 67.1380143382	1616072.8851640492	-15.5038950478	-18.8734011403	-5076.9183086290
  0.0957495523	  0.9719674395	685.0085696728	114286.0000000000	142857.0000000000	285714.0000000000	 36.0000000000	 30.0000000000	 18.0000000000	  0.0000000000	  0.0000000000	  0.0000000000	  0.1154834165	  6.1775132118	571597.7508532814	-18.4438947546	 55.4063325483	1518.0797692420
  0.0960666667	  0.9910501922	686.6393863941	125000.0000000000	129032.0000000000	210526.0000000000	 36.0000000000	 36.0000000000	 24.0000000000	  0.0000000000	  0.0000000000	  0.0000000000	  0.0961807666	 14.1142812493	2200986.0444577169	 11.7345059173	-123.0770693058	9033.5584738952
  0.0991999603	  0.9910698101	687.1957080119	114286.0000000000	190476.0000000000	235294.0000000000	 36.0000000000	 24.0000000000	 18.0000000000	  0.0000000000	  0.0000000000	  0.0000000000	  0.1635722792	 26.2135845776	1116004.4547355510	-20.2449949224	-41.7204878374	-4804.9517456836
  0.1042815209	  0.9862317204	686.7650941392	108108.0000000000	200000.0000000000	250000.0000000000	 42.0000000000	 24.0000000000	 18.0000000000	  0.0000000000	  0.0000000000	  0.0000000000	  0.0651644080	 24.1973546932	2196892.3938454720	 16.3053345704	-34.7550924052	-5096.2900400440
  0.0985659888	  0.9993999439	688.8106280664	129032.0000000000	235294.0000000000	200000.0000000000	 36.0000000000	 18.0000000000	 24.0000000000	  0.0000000000	  0.0000000000	  0.0000000000	  0.0909387526	 26.4553685002	959089.7396607284	 10.2193177739	-22.0894676869	7236.1977191361
  0.1028656029	  1.0208405985	684.5587877434	148148.0000000000	210526.0000000000	266667.0000000000	 30.0000000000	 24.0000000000	 18.0000000000	  0.0000000000	  0.0000000000	  0.0000000000	  0.0989442294	  9.0237702007	610619.2467927986	 -6.3451481094	-17.2854829067	-2201.4281257174
  0.0981228162	  1.0059142207	689.6740314289	173913.0000000000	200000.0000000000	190476.0000000000	 24.0000000000	 24.0000000000	 24.0000000000	  0.0000000000	  0.0000000000	  0.0000000000	  0.1063741347	 13.5386248967	868118.0285879803	  3.6963334595	 28.9686870451	8607.3266931154
  0.1006586667	  0.9855253235	686.3289293772	125000.0000000000	137931.0000000000	222222.0000000000	 36.0000000000	 30.0000000000	 24.0000000000	  0.0000000000	  0.0000000000	  0.0000000000	  0.1039247788	 21.8994205566	2052145.5172803274	 12.8050604534	-121.2704329551	7830.8475160555
  0.1031801032	  0.9923727105	685.5721937572	121212.0000000000	166667.0000000000	210526.0000000000	 36.0000000000	 30.0000000000	 24.0000000000	  0.0000000000	  0.0000000000	  0.0000000000	  0.1069100455	 15.5772448398	3080665.3958407743	-13.5154050090	-55.3111975543	10550.8625996555
  0.0974941494	  1.0127337194	690.2237102127	173913.0000000000	129032.0000000000	222222.0000000000	 24.0000000000	 36.0000000000	 24.0000000000	  0.0000000000	  0.0000000000	  0.0000000000	  0.0551414728	  8.9972069469	1214608.7260566126	  2.6487512431	-99.3680750744	-5519.7573868937
  0.1005821839	  0.9772146893	689.3558816281	153846.0000000000	222222.0000000000	285714.0000000000	 30.0000000000	 24.0000000000	 18.0000000000	  0.0000000000	  0.0000000000	  0.0000000000	  0.1046844363	 17.1217828715	1106369.3966824545	 -5.7965963398	-21.7189896153	2250.8816845637
  0.0983830984	  1.0016057431	685.2641036980	108108.0000000000	173913.0000000000	222222.0000000000	 42.0000000000	 24.0000000000	 24.0000000000	  0.0000000000	  0.0000000000	  0.0000000000	  0.0642905629	 15.9078534421	1352563.8386275689	 16.0631633420	-44.0789568957	5766.4950807762
  0.1015062682	  1.0224860619	690.3206141977	153846.0000000000	166667.0000000000	166667.0000000000	 30.0000000000	 30.0000000000	 30.0000000000	  0.0000000000	  0.0000000000	  0.0000000000	  0.0810464298	 29.2906002328	711098.4442507555	  5.3502782784	-74.1875868878	-12068.5633301013
  0.1021851922	  0.9711044285	687.8467087405	173913.0000000000	190476.0000000000	285714.0000000000	 24.0000000000	 24.0000000000	 18.0000000000	  0.0000000000	  0.0000000000	  0.0000000000	  0.0826103092	 10.5671949473	1498687.2666081781	  3.1999593856	 27.6750222833	-2796.4094785245
  0.0998742249	  1.0007887135	683.6383419606	102564.0000000000	181818.0000000000	250000.0000000000	 42.0000000000	 24.0000000000	 18.0000000000	  0.0000000000	  0.0000000000	  0.0000000000	  0.1053646231	  8.6252234106	1000434.3890407330	-23.4768156730	-29.1259987685	-3524.9358532674
  0.1026479776	  0.9905953917	691.3577214514	121212.0000000000	210526.0000000000	210526.0000000000	 36.0000000000	 24.0000000000	 24.0000000000	  0.0000000000	  0.0000000000	  0.0000000000	  0.0878840534	 13.6155655432	2281157.7664127871	 12.4676494071	 22.3967052698	-9534.7276044614
  0.1016424350	  1.0124843358	688.2953972289	142857.0000000000	173913.0000000000	222222.0000000000	 30.0000000000	 24.0000000000	 24.0000000000	  0.0000000000	  0.0000000000	  0.0000000000	  0.1384200157	 10.7201753790	1027002.7622385247	 -8.6810184105	-40.2393887436	4655.0877007064
  0.0994280665	  0.9815509676	685.4196624614	173913.0000000000	166667.0000000000	250000.0000000000	 24.0000000000	 30.0000000000	 18.0000000000	  0.0000000000	  0.0000000000	  0.0000000000	  0.0992022345	 22.2511127122	1003523.4593014480	  3.7734189666	-64.8945428680	3261.8102121909
  0.1006948507	  0.9864663867	683.3804108886	102564.0000000000	285714.0000000000	181818.0000000000	 42.0000000000	 18.0000000000	 24.0000000000	  0.0000000000	  0.0000000000	  0.0000000000	  0.0919777671	 15.7120541207	2026443.7754119071	 22.4087646042	 -7.3204371901	14354.8510850265
  0.0988563905	  1.0038090106	687.2898915415	108108.0000000000	173913.0000000000	235294.0000000000	 42.0000000000	 24.0000000000	 18.0000000000	  0.0000000000	  0.0000000000	  0.0000000000	  0.0454890579	  4.8086832680	2066079.5660177888	-13.3094117514	-25.3272234920	-5997.7017617041
  0.0987827470	  1.0019691133	680.6610582188	133333.0000000000	153846.0000000000	266667.0000000000	 36.0000000000	 30.0000000000	 18.0000000000	  0.0000000000	  0.0000000000	  0.0000000000	  0.0629101938	 16.5255081080	1246332.9310881083	  7.1628065951	-77.3800499109	-2695.3703231012
  0.1022295606	  0.9968170378	684.9148913166	108108.0000000000	200000.0000000000	166667.0000000000	 42.0000000000	 24.0000000000	 30.0000000000	  0.0000000000	  0.0000000000	  0.0000000000	  0.0723465548	 11.5266799560	616738.4711727262	 16.8771902748	 22.7640743639	11336.9263756727
  0.0985725986	  1.0028643256	687.7587682820	222222.0000000000	266667.0000000000	222222.0000000000	 24.0000000000	 18.0000000000	 24.0000000000	  0.0000000000	  0.0000000000	  0.0000000000	  0.1395237765	 36.4964023593	1479812.4563538297	 -1.7469398330	-17.3983372641	6141.9574962136
  0.0996127246	  0.9815598651	690.8794398593	190476.0000000000	181818.0000000000	173913.0000000000	 24.0000000000	 24.0000000000	 24.0000000000	  0.0000000000	  0.0000000000	  0.0000000000	  0.1071235248	 16.1145541204	1193553.7111424683	  3.0140918065	-40.8671081688	-12182.7487506549
  0.1010724557	  0.9974125171	692.6326898459	114286.0000000000	173913.0000000000	173913.0000000000	 36.0000000000	 24.0000000000	 24.0000000000	  0.0000000000	  0.0000000000	  0.0000000000	  0.1027802365	 20.5093724831	1416050.1802231825	 16.1626341521	-58.0849078952	-14605.0034117067
  0.1023966953	  0.9869242553	689.2483372034	210526.0000000000	173913.0000000000	333333.0000000000	 24.0000000000	 24.0000000000	 18.0000000000	  0.0000000000	  0.0000000000	  0.0000000000	  0.1331728217	 44.9881534248	872185.8148461273	 -2.3513643060	 83.9916092840	-985.0216482509
  0.0999413333	  0.9886869410	691.3328127784	125000.0000000000	190476.0000000000	235294.0000000000	 36.0000000000	 24.0000000000	 18.0000000000	  0.0000000000	  0.0000000000	  0.0000000000	  0.1368272398	 17.3982174561	822880.7003299232	-13.7501910664	 38.3942530109	-3812.7273931260
  0.0980879240	  0.9653782215	683.0783718901	235294.0000000000	166667.0000000000	285714.0000000000	 18.0000000000	 30.0000000000	 18.0000000000	  0.0000000000	  0.0000000000	  0.0000000000	  0.0899178840	 15.3881649317	2082730.3533101100	 -1.3240756381	-57.8526031393	3041.6254845628
  0.1040656250	  0.9887569676	688.2798283087	160000.0000000000	137931.0000000000	200000.0000000000	 30.0000000000	 30.0000000000	 24.0000000000	  0.0000000000	  0.0000000000	  0.0000000000	  0.0733398979	  9.2134857718	2140560.7752812020	 -4.1300111597	-80.4968371091	-11597.4237360229
  0.1011358839	  0.9814642211	685.6839097995	235294.0000000000	166667.0000000000	235294.0000000000	 18.0000000000	 30.0000000000	 18.0000000000	  0.0000000000	  0.0000000000	  0.0000000000	  0.1260285638	 16.2306448950	1117728.5953910644	  1.3439792008	 59.4192017431	-4397.6122279075
  0.1043146094	  0.9963026911	683.4299923454	173913.0000000000	133333.0000000000	571429.0000000000	 24.0000000000	 36.0000000000	 12.0000000000	  0.0000000000	  0.0000000000	  0.0000000000	  0.0978572188	 15.0814026283	1904345.9375578070	  3.7228042353	-111.2617947876	198.9248931655
  0.1000199334	  0.9728944862	686.9480643808	153846.0000000000	190476.0000000000	200000.0000000000	 30.0000000000	 24.0000000000	 24.0000000000	  0.0000000000	  0.0000000000	  0.0000000000	  0.1056496498	 38.1494710544	1062428.7813313680	  6.1777226180	-50.7195431297	-7921.6557606703
  0.1032833533	  1.0239753371	686.4380619984	95238.0000000000	235294.0000000000	333333.0000000000	 48.0000000000	 18.0000000000	 18.0000000000	  0.0000000000	  0.0000000000	  0.0000000000	  0.0980174402	 18.5126686766	1365013.4068695309	-29.6806241172	 17.9128856137	1619.6414799207
  0.1007987500	  0.9852999096	683.9671560751	400000.0000000000	307692.0000000000	250000.0000000000	 12.0000000000	 18.0000000000	 18.0000000000	  0.0000000000	  0.0000000000	  0.0000000000	  0.1062634383	 25.1321209323	1312011.2732047490	  0.2254071679	 -8.2633097422	4151.7198544819
  0.1019164769	  0.9718048445	686.4189654598	121212.0000000000	500000.0000000000	285714.0000000000	 36.0000000000	 12.0000000000	 18.0000000000	  0.0000000000	  0.0000000000	  0.0000000000	  0.0972445306	 27.1500384412	1641884.4230173416	 13.6939492412	  1.6976902253	-2972.7347024937
  0.0989359739	  0.9990838121	687.7297789361	148148.0000000000	137931.0000000000	266667.0000000000	 30.0000000000	 30.0000000000	 18.0000000000	  0.0000000000	  0.0000000000	  0.0000000000	  0.0824978743	 12.5949572061	1787563.3128013562	  6.3821593383	 98.6112644213	3907.5100987831
  0.0998730999	  0.9968183847	685.9091032695	111111.0000000000	400000.0000000000	210526.0000000000	 42.0000000000	 12.0000000000	 24.0000000000	  0.0000000000	  0.0000000000	  0.0000000000	  0.1203838465	 12.4732931812	1058179.0184799691	-20.1843342347	 -2.0277042464	-6771.4178935301
  0.0982416325	  1.0151433013	688.5184784424	117647.0000000000	105263.0000000000	173913.0000000000	 36.0000000000	 42.0000000000	 24.0000000000	  0.0000000000	  0.0000000000	  0.0000000000	  0.0727673207	  2.8371650207	824885.0170694514	-12.7106437734	-115.3126536270	-11596.7172072387
  0.0935808019	  0.9986622162	684.9438561444	108108.0000000000	102564.0000000000	166667.0000000000	 42.0000000000	 42.0000000000	 30.0000000000	  0.0000000000	  0.0000000000	  0.0000000000	  0.0553306301	  2.3852346743	747611.6885183328	 15.4579842220	114.7945759688	11413.5134556897
  0.0993420993	  0.9941217709	682.5874977302	111111.0000000000	173913.0000000000	266667.0000000000	 42.0000000000	 24.0000000000	 18.0000000000	  0.0000000000	  0.0000000000	  0.0000000000	  0.0391417635	  7.1110594304	1366350.3787175969	 11.1925449584	-30.1198519439	3070.2592635237
  0.1004453739	  0.9874547315	685.1626629151	114286.0000000000	285714.0000000000	235294.0000000000	 36.0000000000	 18.0000000000	 18.0000000000	  0.0000000000	  0.0000000000	  0.0000000000	  0.1127569421	 31.0285901744	623153.5164809757	 17.7211687412	-10.4102723200	-3375.6722423780
  0.1015374837	  1.0023971263	685.0906986821	137931.0000000000	210526.0000000000	222222.0000000000	 30.0000000000	 24.0000000000	 24.0000000000	  0.0000000000	  0.0000000000	  0.0000000000	  0.1116358543	 26.8851622324	1806661.9310749732	 -9.3813173934	-32.5688024291	-6823.1681222193
  0.0994967997	  0.9768017454	682.7920385733	117647.0000000000	181818.0000000000	250000.0000000000	 36.0000000000	 24.0000000000	 18.0000000000	  0.0000000000	  0.0000000000	  0.0000000000	  0.1063893164	 20.7580348658	1115048.4377333480	-15.5906616102	 48.7950997903	3308.3709855159
  0.1001787996	  0.9821815667	688.5283083344	166667.0000000000	333333.0000000000	200000.0000000000	 30.0000000000	 18.0000000000	 24.0000000000	  0.0000000000	  0.0000000000	  0.0000000000	  0.0822477634	 33.3669675241	1323823.3633512359	 -4.1735745413	  7.9378471442	8784.6072402227
  0.1028739362	  0.9828997366	691.1335842314	90909.0000000000	190476.0000000000	266667.0000000000	 48.0000000000	 24.0000000000	 18.0000000000	  0.0000000000	  0.0000000000	  0.0000000000	  0.0631370226	 34.5377038671	867291.7800615422	 28.9456156891	 51.2518747990	2482.8421704003
  0.0967850968	  1.0148976966	688.3371470910	153846.0000000000	190476.0000000000	235294.0000000000	 30.0000000000	 24.0000000000	 18.0000000000	  0.0000000000	  0.0000000000	  0.0000000000	  0.1100007174	 33.4216175278	1540119.3214775114	  5.6982913140	 48.9685937167	-5094.4538494493
  0.1022478694	  1.0137675520	688.0423971907	114286.0000000000	200000.0000000000	307692.0000000000	 36.0000000000	 24.0000000000	 18.0000000000	  0.0000000000	  0.0000000000	  0.0000000000	  0.1170162253	 34.9001837499	1378088.1632520168	-17.5677922309	-44.1478843494	2014.1364974350
  0.1020062500	  1.0126985222	684.1409752717	400000.0000000000	200000.0000000000	200000.0000000000	 12.0000000000	 24.0000000000	 24.0000000000	  0.0000000000	  0.0000000000	  0.0000000000	  0.0920811924	  7.1572290374	940710.0398495763	 -0.2317773498	 19.0490994739	7409.3610320292
  0.0985480870	  1.0150697566	685.5224695941	114286.0000000000	160000.0000000000	210526.0000000000	 36.0000000000	 30.0000000000	 24.0000000000	  0.0000000000	  0.0000000000	  0.0000000000	  0.1267291677	 29.8815136492	1419668.8651264731	-19.3390041282	-90.0834311120	-6864.6734022247
  0.1029094779	  0.9926807916	683.4756095355	148148.0000000000	250000.0000000000	571429.0000000000	 30.0000000000	 18.0000000000	 12.0000000000	  0.0000000000	  0.0000000000	  0.0000000000	  0.1330019918	 16.6713609717	822465.1023383792	 -7.5441073140	-13.0975991595	-141.1587303538
  0.0941756050	  0.9984079067	682.2720410732	129032.0000000000	173913.0000000000	285714.0000000000	 36.0000000000	 24.0000000000	 18.0000000000	  0.0000000000	  0.0000000000	  0.0000000000	  0.1143313817	 13.0059588802	1037818.2267900743	-12.1069577359	 44.8487329066	-2192.3748649062
  0.1013655799	  1.0106811329	685.2623870711	114286.0000000000	153846.0000000000	235294.0000000000	 36.0000000000	 30.0000000000	 18.0000000000	  0.0000000000	  0.0000000000	  0.0000000000	  0.1046240113	 12.6253213575	1437803.4606653559	-16.5155690843	-68.6528278437	-4502.1796869417
  0.0983920984	  0.9791598834	686.4974286261	190476.0000000000	400000.0000000000	222222.0000000000	 24.0000000000	 12.0000000000	 24.0000000000	  0.0000000000	  0.0000000000	  0.0000000000	  0.1111264107	 18.2306996277	2693003.7346886410	  3.0220817406	  3.2175175390	7882.1008687871
  0.1042587915	  1.0068623883	684.9183356224	166667.0000000000	166667.0000000000	181818.0000000000	 30.0000000000	 30.0000000000	 24.0000000000	  0.0000000000	  0.0000000000	  0.0000000000	  0.1008613706	 26.1805081992	961128.9649339274	  4.6259574532	-76.0194308787	-9735.7385807454
  0.1019071019	  0.9962208219	685.7006520920	148148.0000000000	142857.0000000000	266667.0000000000	 30.0000000000	 30.0000000000	 18.0000000000	  0.0000000000	  0.0000000000	  0.0000000000	  0.0736924393	 20.2961389735	1898746.6990123852	 -6.0153536067	-103.1507297402	-3289.4046828222
  0.0988427471	  1.0219501838	689.2322080950	133333.0000000000	153846.0000000000	235294.0000000000	 36.0000000000	 30.0000000000	 18.0000000000	  0.0000000000	  0.0000000000	  0.0000000000	  0.0654647222	  8.3755637253	952483.8286007736	 -7.8029745437	-52.3127404630	-3678.5603533247
  0.1008780252	  0.9915270549	690.7058510881	173913.0000000000	173913.0000000000	153846.0000000000	 24.0000000000	 24.0000000000	 30.0000000000	  0.0000000000	  0.0000000000	  0.0000000000	  0.1471667391	 52.0593901017	1095603.5628922598	 -4.6624603241	-83.6992810996	-18340.3028612185
  0.1009011009	  1.0111535005	684.3928606387	333333.0000000000	148148.0000000000	210526.0000000000	 18.0000000000	 30.0000000000	 24.0000000000	  0.0000000000	  0.0000000000	  0.0000000000	  0.1595504734	 38.0559274318	1075632.7450687345	  0.4976826915	130.3840772639	5901.0371148264
  0.0987914321	  0.9965558971	686.6400728949	307692.0000000000	285714.0000000000	444444.0000000000	 18.0000000000	 18.0000000000	 12.0000000000	  0.0000000000	  0.0000000000	  0.0000000000	  0.0898129489	 26.1467334488	1207047.4217093727	 -0.5288102733	-10.4666094075	-448.0830980961
  0.1013166667	  0.9815326826	691.1064367281	160000.0000000000	190476.0000000000	363636.0000000000	 30.0000000000	 24.0000000000	 12.0000000000	  0.0000000000	  0.0000000000	  0.0000000000	  0.1404943543	 28.1270375263	1145187.3059682848	  6.1839173518	-47.4776121203	-883.3957548315
  0.1033140083	  1.0056160349	687.2952753129	133333.0000000000	160000.0000000000	235294.0000000000	 36.0000000000	 30.0000000000	 18.0000000000	  0.0000000000	  0.0000000000	  0.0000000000	  0.0636535561	 17.8437028018	1288689.6546048925	  7.3751979489	-68.5419632203	4807.6115541465
  0.0987277468	  0.9941782725	688.5453614110	133333.0000000000	190476.0000000000	181818.0000000000	 36.0000000000	 24.0000000000	 24.0000000000	  0.0000000000	  0.0000000000	  0.0000000000	  0.0984100933	 18.5302352554	1765585.4577774960	 -9.0375730486	 37.0502982991	12750.2130714976
  0.0981585982	  1.0005938500	692.3100233297	148148.0000000000	285714.0000000000	200000.0000000000	 30.0000000000	 18.0000000000	 24.0000000000	  0.0000000000	  0.0000000000	  0.0000000000	  0.0963043701	  8.5605069566	844190.3195073643	 -6.6151531211	  6.2718142784	7033.3063346134
  0.1028385417	  1.0009093769	691.3365235327	160000.0000000000	333333.0000000000	307692.0000000000	 30.0000000000	 18.0000000000	 18.0000000000	  0.0000000000	  0.0000000000	  0.0000000000	  0.0998364779	 21.7178873007	584519.6247619143	 -5.2426936462	 -5.4163396117	1254.1157562454
  0.1045853333	  0.9809748096	684.5756406905	125000.0000000000	222222.0000000000	400000.0000000000	 36.0000000000	 24.0000000000	 12.0000000000	  0.0000000000	  0.0000000000	  0.0000000000	  0.0832016126	  7.5078181437	1004415.9259037130	-11.0557166760	-14.6188626393	-726.2591174648
  0.0973502640	  0.9990676618	683.9634537397	142857.0000000000	166667.0000000000	200000.0000000000	 30.0000000000	 30.0000000000	 24.0000000000	  0.0000000000	  0.0000000000	  0.0000000000	  0.1205069986	 30.1133990845	2867115.7550270804	 -8.0675824911	 73.7332315003	11782.5021913037
  0.0986549557	  1.0016523202	685.0581291258	81633.0000000000	166667.0000000000	285714.0000000000	 54.0000000000	 30.0000000000	 18.0000000000	  0.0000000000	  0.0000000000	  0.0000000000	  0.0379546478	 10.7837808995	1054238.2504205222	 31.9652023080	 46.8037701058	2145.1905140127
  0.0982214211	  0.9649639533	688.7804433138	114286.0000000000	444444.0000000000	200000.0000000000	 36.0000000000	 12.0000000000	 24.0000000000	  0.0000000000	  0.0000000000	  0.0000000000	  0.1218474140	 41.6858808623	1904516.8175507975	 18.8979722409	 -3.4298430040	10487.3332319900
  0.1002916667	  1.0012898261	686.3293678832	160000.0000000000	210526.0000000000	285714.0000000000	 30.0000000000	 24.0000000000	 18.0000000000	  0.0000000000	  0.0000000000	  0.0000000000	  0.0904546849	 20.4995565422	1274747.9802142321	 -4.8425800390	-28.5955926131	2271.9464515406
  0.1029187500	  1.0293320258	682.3647259637	160000.0000000000	285714.0000000000	210526.0000000000	 30.0000000000	 18.0000000000	 24.0000000000	  0.0000000000	  0.0000000000	  0.0000000000	  0.0880333715	 37.6890703833	1331356.7088037822	  5.0051480480	 11.5429363485	-7092.4165385755
  0.0987072237	  0.9908669334	686.0018097129	121212.0000000000	133333.0000000000	333333.0000000000	 36.0000000000	 36.0000000000	 18.0000000000	  0.0000000000	  0.0000000000	  0.0000000000	  0.1033409663	  9.6754801963	2205657.6663291319	-13.8604268914	-98.9779680330	-1933.7633456498
  0.1005081085	  0.9800696515	689.9465550875	173913.0000000000	153846.0000000000	173913.0000000000	 24.0000000000	 30.0000000000	 24.0000000000	  0.0000000000	  0.0000000000	  0.0000000000	  0.1210659624	 40.1446378373	932080.3174127652	  3.8801977755	123.6999969122	11427.6132199033
  0.1019282686	  1.0067609953	687.3470794406	142857.0000000000	148148.0000000000	250000.0000000000	 30.0000000000	 30.0000000000	 18.0000000000	  0.0000000000	  0.0000000000	  0.0000000000	  0.1342301949	 23.0903446796	536092.5811216161	 -8.6549576688	-99.7086746771	-2598.7538156460
  0.0953438453	  0.9849294123	685.6570643246	148148.0000000000	181818.0000000000	222222.0000000000	 30.0000000000	 24.0000000000	 24.0000000000	  0.0000000000	  0.0000000000	  0.0000000000	  0.0825953388	 19.7824318026	2136023.8652916374	  6.2779280266	-42.2059947997	-6920.2083606689
  0.0972171806	  0.9990562266	685.1493683404	181818.0000000000	307692.0000000000	190476.0000000000	 24.0000000000	 18.0000000000	 24.0000000000	  0.0000000000	  0.0000000000	  0.0000000000	  0.1396725063	 19.0188324655	621215.4657942136	 -3.9743086925	 -6.3272012466	-7066.1590253718
  0.1007021007	  0.9744933114	685.8654807195	190476.0000000000	148148.0000000000	285714.0000000000	 24.0000000000	 30.0000000000	 18.0000000000	  0.0000000000	  0.0000000000	  0.0000000000	  0.1351354314	 11.7804880697	917728.0630170385	 -3.4264861016	 69.5112148959	2171.5803577678
  0.1043140000	  1.0066519472	682.7863533974	250000.0000000000	129032.0000000000	285714.0000000000	 18.0000000000	 36.0000000000	 18.0000000000	  0.0000000000	  0.0000000000	  0.0000000000	  0.0722734994	  7.9601489802	750340.4832461586	 -0.8648618615	-90.9685655071	1609.9434024359
  0.1022341856	  0.9950959225	689.8435172630	108108.0000000000	285714.0000000000	222222.0000000000	 42.0000000000	 18.0000000000	 24.0000000000	  0.0000000000	  0.0000000000	  0.0000000000	  0.1017330366	 31.8746378436	1328458.4987998744	 20.7967824078	-13.0139091475	5764.0766707034
  0.1003126659	  0.9907877978	682.7548114446	114286.0000000000	148148.0000000000	307692.0000000000	 36.0000000000	 30.0000000000	 18.0000000000	  0.0000000000	  0.0000000000	  0.0000000000	  0.1242380509	 13.8223728953	529058.3977584601	-18.7108511535	-72.7675984447	1153.7259074413
  0.0979864950	  1.0057939808	689.3057008746	133333.0000000000	363636.0000000000	190476.0000000000	 36.0000000000	 12.0000000000	 24.0000000000	  0.0000000000	  0.0000000000	  0.0000000000	  0.1257067415	 25.7181996692	1467587.2636911385	 11.0867273244	  5.1005682287	10927.0973656894
  0.0999370999	  0.9747750374	686.7846000772	108108.0000000000	148148.0000000000	181818.0000000000	 42.0000000000	 30.0000000000	 24.0000000000	  0.0000000000	  0.0000000000	  0.0000000000	  0.0827737651	 17.6387471750	720110.3107781927	 18.7628804044	 88.0366914413	9207.6008521616
  0.1007703837	  1.0135381037	690.8532785947	235294.0000000000	181818.0000000000	210526.0000000000	 18.0000000000	 24.0000000000	 24.0000000000	  0.0000000000	  0.0000000000	  0.0000000000	  0.1210708609	 60.8972797205	1582820.2100361297	 -1.3418419297	-78.2414893416	7475.3050183901
  0.1013607973	  0.9918721754	685.5681557806	166667.0000000000	166667.0000000000	266667.0000000000	 30.0000000000	 30.0000000000	 18.0000000000	  0.0000000000	  0.0000000000	  0.0000000000	  0.1210597701	 38.7141784773	1274105.1248671864	 -4.6958365468	-84.1642587628	-3196.8292051152
  0.1016786525	  1.0063538228	692.5925060387	210526.0000000000	173913.0000000000	181818.0000000000	 24.0000000000	 24.0000000000	 24.0000000000	  0.0000000000	  0.0000000000	  0.0000000000	  0.0831016979	 12.6622965345	2312704.6387239168	  1.8375012616	-42.4264987179	-15653.2110674747
  0.1046760000	  0.9906362958	690.8885185462	250000.0000000000	190476.0000000000	250000.0000000000	 18.0000000000	 24.0000000000	 18.0000000000	  0.0000000000	  0.0000000000	  0.0000000000	  0.1207578122	 35.3147518914	1048876.5149994020	  1.1238055918	-50.5294712787	3359.8031680456
  0.0977804800	  0.9932559958	683.9961904416	105263.0000000000	307692.0000000000	210526.0000000000	 42.0000000000	 18.0000000000	 24.0000000000	  0.0000000000	  0.0000000000	  0.0000000000	  0.0846653744	 26.4572164563	836587.3485644361	 19.9452440419	  8.0141024979	5232.0530011519
  0.1006635417	  0.9918288753	687.5102735966	160000.0000000000	200000.0000000000	235294.0000000000	 30.0000000000	 24.0000000000	 18.0000000000	  0.0000000000	  0.0000000000	  0.0000000000	  0.0969602032	 11.2839668011	1897383.3292065877	  5.0216504233	-23.1127333325	5798.5533799419
  0.0998664749	  0.9940367677	681.1279475046	190476.0000000000	173913.0000000000	400000.0000000000	 24.0000000000	 24.0000000000	 12.0000000000	  0.0000000000	  0.0000000000	  0.0000000000	  0.0381049955	  5.8551415421	1587386.2515679621	 -1.7951090841	-29.6825024297	941.6400818792
  0.1014501504	  0.9937449175	688.7937171100	173913.0000000000	160000.0000000000	166667.0000000000	 24.0000000000	 30.0000000000	 30.0000000000	  0.0000000000	  0.0000000000	  0.0000000000	  0.0917354707	 22.3481554896	1077439.6769179346	  3.6912294961	-72.9652124376	-13626.0691394298
  0.0989680000	  1.0186418862	691.2951107852	125000.0000000000	133333.0000000000	166667.0000000000	 36.0000000000	 36.0000000000	 30.0000000000	  0.0000000000	  0.0000000000	  0.0000000000	  0.1290816855	 13.2101245526	805022.7464823388	 13.3590982583	-104.0937367011	-11614.5382137604
  0.0988996914	  0.9707362681	687.4392594926	137931.0000000000	363636.0000000000	153846.0000000000	 30.0000000000	 12.0000000000	 30.0000000000	  0.0000000000	  0.0000000000	  0.0000000000	  0.1653627349	 21.1899708775	848695.0598474835	-11.4940280162	  3.7403611573	-16094.0725275865
  0.0985589413	  0.9940404695	688.1675824784	137931.0000000000	160000.0000000000	166667.0000000000	 30.0000000000	 30.0000000000	 30.0000000000	  0.0000000000	  0.0000000000	  0.0000000000	  0.1056792568	 33.9217869586	1040770.9196638966	  8.3477153316	-89.4570434013	14465.8596028499
  0.1018003009	  1.0168053923	684.9546608594	235294.0000000000	181818.0000000000	307692.0000000000	 18.0000000000	 24.0000000000	 18.0000000000	  0.0000000000	  0.0000000000	  0.0000000000	  0.1130612362	 55.4410250582	2645422.8954467569	 -1.3682955827	 74.6247333318	-2812.3758929491
  0.0990390574	  0.9992093238	685.7316297016	363636.0000000000	190476.0000000000	285714.0000000000	 12.0000000000	 24.0000000000	 18.0000000000	  0.0000000000	  0.0000000000	  0.0000000000	  0.1496800020	 29.8378397185	849217.9399984994	  0.3726028536	-44.2980025647	1881.3951095063
  0.0991240158	  1.0062846815	688.2903582927	153846.0000000000	148148.0000000000	200000.0000000000	 30.0000000000	 30.0000000000	 24.0000000000	  0.0000000000	  0.0000000000	  0.0000000000	  0.1207881335	 33.4418221193	1296265.1356979068	 -6.0824490342	-118.4342900598	-8496.4492496705
  0.1003815010	  0.9890658670	685.0051808385	133333.0000000000	125000.0000000000	235294.0000000000	 36.0000000000	 36.0000000000	 18.0000000000	  0.0000000000	  0.0000000000	  0.0000000000	  0.0561186592	 10.3083181304	1031593.2339350299	 -7.4946995670	-117.9722161839	3821.8760029222
  0.0996139990	  1.0103167834	684.1816857312	133333.0000000000	153846.0000000000	250000.0000000000	 36.0000000000	 30.0000000000	 18.0000000000	  0.0000000000	  0.0000000000	  0.0000000000	  0.0807791467	 19.0456215716	2205922.1852356163	  8.5739127829	-77.4622693226	-5310.1720571760
  0.0970970971	  0.9635747228	681.2266323515	142857.0000000000	166667.0000000000	250000.0000000000	 30.0000000000	 30.0000000000	 18.0000000000	  0.0000000000	  0.0000000000	  0.0000000000	  0.1042039577	 23.3437795782	920686.8102661086	  7.6354830074	-68.8664478500	-3085.8117171974
  0.0997480000	  0.9935532349	685.9556897448	125000.0000000000	117647.0000000000	200000.0000000000	 36.0000000000	 36.0000000000	 24.0000000000	  0.0000000000	  0.0000000000	  0.0000000000	  0.0755049967	  3.6118271254	1414473.7634529897	-10.3899335603	-86.5096457686	-8004.9484538531
  0.0990690991	  0.9880644420	686.0947215508	222222.0000000000	160000.0000000000	400000.0000000000	 24.0000000000	 30.0000000000	 12.0000000000	  0.0000000000	  0.0000000000	  0.0000000000	  0.1135077017	 28.8092745847	758639.4864326488	 -1.7613746751	-91.6460123866	607.6495854817
  0.0992093492	  1.0185263047	685.4351422159	190476.0000000000	153846.0000000000	250000.0000000000	 24.0000000000	 30.0000000000	 18.0000000000	  0.0000000000	  0.0000000000	  0.0000000000	  0.0552376507	  6.0441821467	1190909.9429624463	 -2.0002027511	-43.1546806014	-3467.6010554224
  0.1032786033	  0.9889285863	685.2439982894	102564.0000000000	166667.0000000000	166667.0000000000	 42.0000000000	 30.0000000000	 30.0000000000	  0.0000000000	  0.0000000000	  0.0000000000	  0.1075246155	 16.5134972531	987116.8567558348	-25.3796780746	-55.4643924212	-13421.8336515244
  0.0985422536	  0.9998797870	686.6725577099	114286.0000000000	133333.0000000000	210526.0000000000	 36.0000000000	 36.0000000000	 24.0000000000	  0.0000000000	  0.0000000000	  0.0000000000	  0.1081509980	 16.9268379274	1149758.7781739803	-16.5703711616	-130.1748359511	6065.9565888050
  0.0968687500	  1.0024477089	687.4033273643	160000.0000000000	266667.0000000000	222222.0000000000	 30.0000000000	 18.0000000000	 24.0000000000	  0.0000000000	  0.0000000000	  0.0000000000	  0.0949689608	  9.8612135718	1171009.1499575058	  5.1747783902	 -7.5253687602	-5210.9143090523
  0.1004423504	  0.9838416505	680.8140491656	148148.0000000000	125000.0000000000	173913.0000000000	 30.0000000000	 36.0000000000	 24.0000000000	  0.0000000000	  0.0000000000	  0.0000000000	  0.0470113191	 12.3109634233	1555611.5677037393	 -4.7882951447	-134.0993492279	14087.6164901077
  0.0994388011	  0.9925664132	689.5832485929	166667.0000000000	266667.0000000000	210526.0000000000	 30.0000000000	 18.0000000000	 24.0000000000	  0.0000000000	  0.0000000000	  0.0000000000	  0.0944594522	 30.1913762211	1639599.8739582929	  4.3057933570	 15.8137851526	7810.3828682388
  0.0976961279	  1.0063995675	687.5100142988	266667.0000000000	222222.0000000000	222222.0000000000	 18.0000000000	 24.0000000000	 24.0000000000	  0.0000000000	  0.0000000000	  0.0000000000	  0.0869716488	 30.0842841489	2046465.8605323071	 -0.7850753282	-25.6870309406	-7603.4150620153
  0.1024133333	  1.0436351227	689.7484333638	125000.0000000000	114286.0000000000	181818.0000000000	 36.0000000000	 36.0000000000	 24.0000000000	  0.0000000000	  0.0000000000	  0.0000000000	  0.0472194978	  4.9067400247	1391156.5121075104	  8.4738775464	-112.9200485066	-11611.4654416571
  0.1032736350	  1.0148836189	683.9801836872	117647.0000000000	114286.0000000000	363636.0000000000	 36.0000000000	 36.0000000000	 12.0000000000	  0.0000000000	  0.0000000000	  0.0000000000	  0.0971488145	 10.6491126293	1277177.2964439271	-14.9430307909	-162.7270068564	-931.9265465903
  0.0993259743	  1.0238668660	687.9175074930	121212.0000000000	142857.0000000000	266667.0000000000	 36.0000000000	 30.0000000000	 18.0000000000	  0.0000000000	  0.0000000000	  0.0000000000	  0.1278424298	 13.9919130741	1462604.8548766961	-15.7164522091	-84.1021102596	3363.8393736363
  0.0988927472	  1.0019450347	684.3885479466	133333.0000000000	190476.0000000000	222222.0000000000	 36.0000000000	 24.0000000000	 24.0000000000	  0.0000000000	  0.0000000000	  0.0000000000	  0.0885615203	 10.4649717900	475337.4213572535	  9.2206028116	 30.2267775315	-3230.6433112138
  0.1000370416	  0.9840068399	686.1619465354	114286.0000000000	444444.0000000000	200000.0000000000	 36.0000000000	 12.0000000000	 24.0000000000	  0.0000000000	  0.0000000000	  0.0000000000	  0.0973976217	 39.3379157868	1126927.7705926965	 15.6903546800	  2.4522414232	-7900.9966412100
  0.1000340167	  1.0006814134	686.1488424208	307692.0000000000	173913.0000000000	190476.0000000000	 18.0000000000	 24.0000000000	 24.0000000000	  0.0000000000	  0.0000000000	  0.0000000000	  0.0978231184	  7.8215348614	1197276.2227235797	 -0.4479348401	-35.0848788640	9815.8876880916
  0.1004232254	  1.0049536084	691.5647245884	148148.0000000000	190476.0000000000	285714.0000000000	 30.0000000000	 24.0000000000	 18.0000000000	  0.0000000000	  0.0000000000	  0.0000000000	  0.1341988473	 45.1711387285	1289867.9075482031	 -7.3939514591	 53.9298587113	-2265.8794198182
  0.1022989678	  0.9722535149	687.5371343952	117647.0000000000	190476.0000000000	200000.0000000000	 36.0000000000	 24.0000000000	 24.0000000000	  0.0000000000	  0.0000000000	  0.0000000000	  0.0901854533	 13.0760737942	1412959.4475269243	-13.8101872772	-28.7946955773	-8845.0933575330
  0.0992085992	  1.0009255493	684.6586343107	111111.0000000000	148148.0000000000	666667.0000000000	 42.0000000000	 30.0000000000	 12.0000000000	  0.0000000000	  0.0000000000	  0.0000000000	  0.0737415489	 10.0115164377	1751325.5520526378	 15.1466656687	-66.9136799608	141.1304620854
  0.0990360990	  0.9986683812	687.7406477527	190476.0000000000	266667.0000000000	160000.0000000000	 24.0000000000	 18.0000000000	 30.0000000000	  0.0000000000	  0.0000000000	  0.0000000000	  0.1433002332	 21.8649380872	551498.0771437538	  3.1447354273	-13.5771050220	-12550.9357382956
  0.1006463176	  0.9870681613	687.6686251272	105263.0000000000	148148.0000000000	250000.0000000000	 42.0000000000	 30.0000000000	 18.0000000000	  0.0000000000	  0.0000000000	  0.0000000000	  0.0472237156	  5.0410121255	1218994.5272948532	-15.1295180016	-49.4183667070	-3534.2823678322
  0.0998908499	  0.9979594596	681.5465606250	108108.0000000000	166667.0000000000	142857.0000000000	 42.0000000000	 30.0000000000	 30.0000000000	  0.0000000000	  0.0000000000	  0.0000000000	  0.0778457884	 15.3558558906	907500.0494541292	 17.3055856380	 54.7025226337	21357.9554810706
  0.0990448829	  0.9965475931	688.4301025803	117647.0000000000	133333.0000000000	166667.0000000000	 36.0000000000	 36.0000000000	 30.0000000000	  0.0000000000	  0.0000000000	  0.0000000000	  0.0990093286	  7.7229704454	1056623.5926243167	 14.7367942178	-85.5236227218	-13528.7388113838
  0.1002452506	  0.9994268922	686.9857158467	133333.0000000000	235294.0000000000	333333.0000000000	 36.0000000000	 18.0000000000	 18.0000000000	  0.0000000000	  0.0000000000	  0.0000000000	  0.1510132151	 30.6828773540	2052929.6601484637	-11.8760499521	 23.6877804383	1775.7503300837
  0.1007397985	  0.9793108739	683.5801018916	166667.0000000000	153846.0000000000	285714.0000000000	 30.0000000000	 30.0000000000	 18.0000000000	  0.0000000000	  0.0000000000	  0.0000000000	  0.0746427876	  8.9779525464	964294.5585815931	 -3.8526305217	-56.1093132448	2154.4922202961
  0.0977916667	  0.9858905544	685.8120638478	100000.0000000000	333333.0000000000	250000.0000000000	 42.0000000000	 18.0000000000	 18.0000000000	  0.0000000000	  0.0000000000	  0.0000000000	  0.1008550695	 45.1102871313	1517985.2942672726	 26.5516702321	 -8.8383892465	3818.8578255288
  0.0997883333	  0.9812406378	687.6956277881	200000.0000000000	153846.0000000000	571429.0000000000	 24.0000000000	 30.0000000000	 12.0000000000	  0.0000000000	  0.0000000000	  0.0000000000	  0.0812851201	 14.3569214470	1116111.2763941786	  2.0783762469	-70.0147389621	242.2312938282
  0.0952057143	  1.0101751976	688.0367760262	117647.0000000000	129032.0000000000	200000.0000000000	 36.0000000000	 36.0000000000	 24.0000000000	  0.0000000000	  0.0000000000	  0.0000000000	  0.1068053740	 26.9905466910	2066514.4115984754	 15.6260803296	-181.9082299076	-10042.9608545766
  0.1001596835	  1.0169439019	685.4174375584	181818.0000000000	142857.0000000000	333333.0000000000	 24.0000000000	 30.0000000000	 18.0000000000	  0.0000000000	  0.0000000000	  0.0000000000	  0.0746065458	  4.1093976169	1667094.8150462862	  2.6501873459	 45.2269230439	-1788.6269988610
  0.1004678921	  0.9983666600	686.3227660179	307692.0000000000	181818.0000000000	285714.0000000000	 18.0000000000	 24.0000000000	 18.0000000000	  0.0000000000	  0.0000000000	  0.0000000000	  0.1162840509	 17.0918057216	1251326.0372501237	 -0.5186244094	 41.1226862199	2215.3091345117
  0.1021366021	  1.0067818648	690.3150082751	148148.0000000000	210526.0000000000	571429.0000000000	 30.0000000000	 24.0000000000	 12.0000000000	  0.0000000000	  0.0000000000	  0.0000000000	  0.1128983375	 26.7265215294	1148325.7009772088	 -6.9170386828	-32.4362975453	-240.1122418689
  0.0971190971	  0.9892086541	681.1219910598	121212.0000000000	307692.0000000000	250000.0000000000	 36.0000000000	 18.0000000000	 18.0000000000	  0.0000000000	  0.0000000000	  0.0000000000	  0.1030830651	 19.4091365917	925710.4185414126	-14.0218811078	  7.5121618480	3516.8639476471
  0.0996310996	  1.0004503689	685.4897451414	142857.0000000000	181818.0000000000	363636.0000000000	 30.0000000000	 24.0000000000	 12.0000000000	  0.0000000000	  0.0000000000	  0.0000000000	  0.0982393245	 14.3784752680	1040556.9824559777	  7.5951588428	 38.3498268034	-931.2530857941
  0.0994728011	  0.9881784679	686.5358579396	166667.0000000000	153846.0000000000	235294.0000000000	 30.0000000000	 30.0000000000	 18.0000000000	  0.0000000000	  0.0000000000	  0.0000000000	  0.0744167873	 17.7724296585	931299.8014427226	 -3.6884654947	-75.2586589717	3633.3339900053
  0.1024829775	  0.9936099385	692.0013029360	121212.0000000000	173913.0000000000	181818.0000000000	 36.0000000000	 24.0000000000	 24.0000000000	  0.0000000000	  0.0000000000	  0.0000000000	  0.0833744299	 18.7829069210	1541045.7042111377	 11.6721155464	-53.6174217482	11913.4998275794
  0.1031459781	  0.9833566815	687.0464850120	190476.0000000000	235294.0000000000	400000.0000000000	 24.0000000000	 18.0000000000	 12.0000000000	  0.0000000000	  0.0000000000	  0.0000000000	  0.0876835669	 27.8297050126	1694909.0319358315	  2.5963570912	-23.2934075343	994.3712723208
  0.0997405997	  0.9853906603	687.5690892439	333333.0000000000	148148.0000000000	173913.0000000000	 18.0000000000	 30.0000000000	 24.0000000000	  0.0000000000	  0.0000000000	  0.0000000000	  0.1373542793	 17.5941549131	1122081.6893581299	  0.4152929761	-87.2359369967	12460.1091531252
  0.0991725992	  0.9939858665	690.1041224122	142857.0000000000	285714.0000000000	235294.0000000000	 30.0000000000	 18.0000000000	 18.0000000000	  0.0000000000	  0.0000000000	  0.0000000000	  0.0970834131	 19.2615396043	917126.4997403927	  7.1933946911	  8.2531413776	-3814.2909252808
  0.1037032704	  0.9958041449	687.7767653090	153846.0000000000	125000.0000000000	166667.0000000000	 30.0000000000	 36.0000000000	 30.0000000000	  0.0000000000	  0.0000000000	  0.0000000000	  0.0846996233	 24.6056257663	909440.3322796903	 -5.3612058873	-179.1889463608	-12871.2709626909
  0.0962396907	  1.0419235921	688.8607385898	173913.0000000000	235294.0000000000	210526.0000000000	 24.0000000000	 18.0000000000	 24.0000000000	  0.0000000000	  0.0000000000	  0.0000000000	  0.1243726145	 38.4636099074	908818.7196317638	  4.3823306492	-25.7660149824	-5637.2780300795
  0.0994904826	  0.9983462649	687.5942408070	210526.0000000000	166667.0000000000	666667.0000000000	 24.0000000000	 30.0000000000	 12.0000000000	  0.0000000000	  0.0000000000	  0.0000000000	  0.0966517386	 13.7979633148	1681451.1964172446	  1.7604232366	 54.6214610364	-104.4038355065
  0.1002360000	  0.9848145278	685.9937777048	125000.0000000000	190476.0000000000	181818.0000000000	 36.0000000000	 24.0000000000	 24.0000000000	  0.0000000000	  0.0000000000	  0.0000000000	  0.0989765122	 36.9258181306	1406405.6277565998	-12.5127553689	-50.9194147353	12949.6950041770
  0.0994814987	  1.0130356223	686.6784517145	133333.0000000000	266667.0000000000	222222.0000000000	 36.0000000000	 18.0000000000	 24.0000000000	  0.0000000000	  0.0000000000	  0.0000000000	  0.0815493294	 12.8350218359	2034395.0553547360	  8.6464104546	 -8.5744557509	-7201.8903343673
  0.1040760000	  1.0035055799	692.9535604973	125000.0000000000	250000.0000000000	200000.0000000000	 36.0000000000	 18.0000000000	 24.0000000000	  0.0000000000	  0.0000000000	  0.0000000000	  0.1260759061	 27.0028500508	791795.9804612120	-12.9558817924	 17.6209602296	6178.5706847016
  0.1015497448	  1.0111792570	679.9833231413	129032.0000000000	148148.0000000000	166667.0000000000	 36.0000000000	 30.0000000000	 30.0000000000	  0.0000000000	  0.0000000000	  1.0000000000	  0.0811737382	  9.2581117582	1224587.5188726636	 -9.7957149996	-63.0100705485	-14888.6302307241
  0.0981786273	  0.9902419073	684.3674031964	266667.0000000000	160000.0000000000	235294.0000000000	 18.0000000000	 30.0000000000	 18.0000000000	  0.0000000000	  0.0000000000	  0.0000000000	  0.1051458123	 32.7966409733	1326221.1517004950	 -0.9532652510	-92.6454149480	4726.1520326341
  0.1007295174	  0.9993956741	685.7625804125	153846.0000000000	125000.0000000000	160000.0000000000	 30.0000000000	 36.0000000000	 30.0000000000	  0.0000000000	  0.0000000000	  0.0000000000	  0.0720560426	  8.0567972170	925940.9735285115	 -5.0936249165	-108.1279344625	-14680.6074276983
  0.0971938541	  0.9704623016	689.5240473036	210526.0000000000	153846.0000000000	137931.0000000000	 24.0000000000	 30.0000000000	 30.0000000000	  0.0000000000	  0.0000000000	  0.0000000000	  0.0818756722	 13.1200943367	643257.2990056431	 -1.6961985278	-65.0642933673	20730.3924566845
  0.0972608473	  1.0244706968	689.2718339439	222222.0000000000	200000.0000000000	200000.0000000000	 24.0000000000	 24.0000000000	 24.0000000000	  0.0000000000	  0.0000000000	  0.0000000000	  0.1489803240	 29.3536074029	629519.5303475425	  1.8151237767	 40.4713203316	-6028.6881828186
  0.0990562162	  0.9694550590	681.4375317445	117647.0000000000	333333.0000000000	200000.0000000000	 36.0000000000	 18.0000000000	 24.0000000000	  0.0000000000	  0.0000000000	  0.0000000000	  0.1144845538	 25.8003568960	1228069.5382832997	-15.2567380364	  6.1283278136	7430.7578566544
  0.1030401030	  1.0030131289	685.0940693421	142857.0000000000	148148.0000000000	166667.0000000000	 30.0000000000	 30.0000000000	 30.0000000000	  0.0000000000	  0.0000000000	  0.0000000000	  0.1218557255	 25.8777100088	1520128.1906242704	  8.6779866807	-99.5023069682	-18217.5482468908
  0.0994496828	  0.9736966811	690.2032334033	285714.0000000000	235294.0000000000	200000.0000000000	 18.0000000000	 18.0000000000	 24.0000000000	  0.0000000000	  0.0000000000	  0.0000000000	  0.0652297799	 11.7043092711	1009704.0647418449	 -0.4721117461	-13.9609519606	-7145.2975366049
  0.0993466082	  1.0112784829	687.6400130418	173913.0000000000	235294.0000000000	444444.0000000000	 24.0000000000	 18.0000000000	 12.0000000000	  0.0000000000	  0.0000000000	  0.0000000000	  0.1201686357	 38.3271076687	1479575.0878368358	 -4.3275956718	 23.9449990106	618.4993933749
  0.0985202746	  1.0072373897	686.4074046292	137931.0000000000	148148.0000000000	333333.0000000000	 30.0000000000	 30.0000000000	 18.0000000000	  0.0000000000	  0.0000000000	  0.0000000000	  0.0841346634	  9.6521146726	2085367.4237238427	 -7.5116759109	-64.8025632031	-1966.1645215945
  0.0987751821	  0.9933146246	687.0172017932	153846.0000000000	137931.0000000000	363636.0000000000	 30.0000000000	 30.0000000000	 12.0000000000	  0.0000000000	  0.0000000000	  0.0000000000	  0.0974217786	 19.1146798160	1073323.7848670722	 -5.5130178024	-118.4805019763	-801.5088947969
  0.1003509001	  0.9806394123	686.8225120874	137931.0000000000	133333.0000000000	400000.0000000000	 30.0000000000	 36.0000000000	 12.0000000000	  0.0000000000	  0.0000000000	  0.0000000000	  0.1109789439	 14.9576467157	870400.0905254805	 -8.6779620757	-116.9711424294	-586.0127470386
  0.0952179821	  0.9680675559	688.0631527770	129032.0000000000	400000.0000000000	235294.0000000000	 36.0000000000	 12.0000000000	 18.0000000000	  0.0000000000	  0.0000000000	  0.0000000000	  0.0705260219	 21.6253280170	1183318.2779890022	 -8.5224619637	 -3.4654759919	-4337.6191578731
  0.1013053333	  0.9898694698	689.8614430059	125000.0000000000	173913.0000000000	200000.0000000000	 36.0000000000	 24.0000000000	 24.0000000000	  0.0000000000	  0.0000000000	  0.0000000000	  0.1078414520	 20.7164308121	1124959.6016858045	 12.8173947638	-56.0438346888	7608.1353509337
  0.0994967997	  1.0102715967	685.8181197957	117647.0000000000	222222.0000000000	181818.0000000000	 36.0000000000	 24.0000000000	 24.0000000000	  0.0000000000	  0.0000000000	  0.0000000000	  0.0894892336	 13.8325274387	1067219.3922691005	 14.3541202274	 20.2715711306	9747.5639987216
  0.1003512254	  1.0115571208	686.8714914571	190476.0000000000	142857.0000000000	307692.0000000000	 24.0000000000	 30.0000000000	 18.0000000000	  0.0000000000	  0.0000000000	  0.0000000000	  0.1087542813	 15.2769157781	1551418.0124320993	  2.8733735955	 97.5748694364	1794.5786513052
  0.0982317232	  0.9869618739	683.0236531247	148148.0000000000	250000.0000000000	307692.0000000000	 30.0000000000	 18.0000000000	 18.0000000000	  0.0000000000	  0.0000000000	  0.0000000000	  0.0813180650	 31.6115046892	1799346.1344115720	  5.8361254727	-19.0606872995	-2130.2994366029
  0.1031176031	  0.9957480638	684.9295002743	148148.0000000000	222222.0000000000	571429.0000000000	 30.0000000000	 24.0000000000	 12.0000000000	  0.0000000000	  0.0000000000	  0.0000000000	  0.1094846098	 24.4150793969	573714.3389402335	  6.8099629361	-26.7330023757	149.5483818964
  0.1018093588	  1.0024835690	685.4590419684	137931.0000000000	250000.0000000000	181818.0000000000	 30.0000000000	 18.0000000000	 24.0000000000	  0.0000000000	  0.0000000000	  0.0000000000	  0.0992340755	 19.1710917372	772062.0070806257	 -8.7406011338	-13.8173104814	-9077.3614138038
  0.0995252245	  0.9905886887	691.6884906670	190476.0000000000	190476.0000000000	333333.0000000000	 24.0000000000	 24.0000000000	 18.0000000000	  0.0000000000	  0.0000000000	  0.0000000000	  0.1310884695	 19.8583007384	769634.3204350505	 -3.2432448706	-41.4691179785	1153.7311518939
  0.1010718511	  1.0045981834	681.5073531897	153846.0000000000	200000.0000000000	250000.0000000000	 30.0000000000	 24.0000000000	 18.0000000000	  0.0000000000	  0.0000000000	  0.0000000000	  0.1171159880	 39.1179880500	1484861.5054723336	 -5.9323606151	-48.0248334392	-3792.0224382991
  0.0989868020	  0.9993689287	686.4902753245	166667.0000000000	210526.0000000000	210526.0000000000	 30.0000000000	 24.0000000000	 24.0000000000	  0.0000000000	  0.0000000000	  0.0000000000	  0.0980845960	 19.9176134722	2960680.0352706872	 -4.1390597292	-29.0410340975	-9598.1770367452
  0.1013299763	  1.0002807715	684.5280719429	148148.0000000000	160000.0000000000	307692.0000000000	 30.0000000000	 30.0000000000	 18.0000000000	  0.0000000000	  0.0000000000	  0.0000000000	  0.0751971480	  2.5177098146	337760.6611581384	 -6.0586072924	-26.8851552866	-907.5484795974
  0.1013534110	  1.0037166467	691.7878475145	129032.0000000000	133333.0000000000	250000.0000000000	 36.0000000000	 36.0000000000	 18.0000000000	  0.0000000000	  0.0000000000	  0.0000000000	  0.0761131641	 13.1015761986	1574942.0903960818	  9.5287760592	-105.1982493186	4365.9563680658
  0.1047500000	  1.0157321386	684.5963877146	200000.0000000000	133333.0000000000	181818.0000000000	 24.0000000000	 36.0000000000	 24.0000000000	  0.0000000000	  0.0000000000	  0.0000000000	  0.1108600275	 28.3128667551	561209.5894754016	 -2.4430720460	-167.1932626925	-8190.6836508389
  0.0985577464	  0.9950972042	687.1075717969	133333.0000000000	190476.0000000000	235294.0000000000	 36.0000000000	 24.0000000000	 18.0000000000	  0.0000000000	  0.0000000000	  0.0000000000	  0.0986158739	 15.5576172213	2233120.9004245871	 -9.8585952147	 33.6273604029	5675.6017295585
  0.0996333333	  0.9872334362	694.6195827141	160000.0000000000	210526.0000000000	235294.0000000000	 30.0000000000	 24.0000000000	 18.0000000000	  0.0000000000	  0.0000000000	  0.0000000000	  0.0978422927	 12.5385384495	965315.6796132112	  5.1177074797	 22.5387949130	4047.9757944330
  0.1051263769	  0.9793558025	684.7674194907	129032.0000000000	142857.0000000000	307692.0000000000	 36.0000000000	 30.0000000000	 18.0000000000	  0.0000000000	  0.0000000000	  0.0000000000	  0.1250438813	 15.4916030073	1072569.1069729961	-12.5336054778	-92.2096722345	-1862.4297669486
  0.0983337650	  0.9915077018	687.7095079580	108108.0000000000	235294.0000000000	190476.0000000000	 42.0000000000	 18.0000000000	 24.0000000000	  0.0000000000	  0.0000000000	  0.0000000000	  0.1134653848	 14.3409659530	1132030.3135221584	 21.0975330253	 16.8489890308	-9019.0076244145
  0.1015392682	  0.9773896075	686.3393447381	181818.0000000000	153846.0000000000	571429.0000000000	 24.0000000000	 30.0000000000	 12.0000000000	  0.0000000000	  0.0000000000	  0.0000000000	  0.1269298556	 39.4392370229	2230317.5900896797	 -3.3614240099	-121.3795610389	238.4641999704
  0.0975752785	  1.0091209724	686.6424157942	129032.0000000000	148148.0000000000	200000.0000000000	 36.0000000000	 30.0000000000	 24.0000000000	  0.0000000000	  0.0000000000	  0.0000000000	  0.0724006429	 12.4732716756	520009.7543945017	 -8.9997421352	-76.8683132645	-5426.0113590835
  0.1006583507	  0.9922814786	686.6048154753	190476.0000000000	235294.0000000000	250000.0000000000	 24.0000000000	 18.0000000000	 18.0000000000	  0.0000000000	  0.0000000000	  0.0000000000	  0.0989408678	 15.6208194375	2314905.7949711387	  2.7766588249	-14.8744185255	4896.0647661527
  0.1030237341	  1.0002785347	683.1979956149	137931.0000000000	160000.0000000000	200000.0000000000	 30.0000000000	 30.0000000000	 24.0000000000	  0.0000000000	  0.0000000000	  0.0000000000	  0.0687790572	 19.8729366648	1090921.1896706095	 -6.7695238526	-68.6394600390	-7224.1186094188
  0.1001031250	  0.9737978142	685.0784421516	160000.0000000000	173913.0000000000	444444.0000000000	 30.0000000000	 24.0000000000	 12.0000000000	  0.0000000000	  0.0000000000	  0.0000000000	  0.1177319200	 31.1852833149	520301.4682704029	  5.1417371398	-71.2751147895	-335.3740275615
  0.1005209755	  1.0054366619	687.9295450126	307692.0000000000	235294.0000000000	250000.0000000000	 18.0000000000	 18.0000000000	 18.0000000000	  0.0000000000	  0.0000000000	  0.0000000000	  0.0823627452	 18.1937956477	2496118.3125757426	 -0.5213168022	-18.1706841304	5763.4275240421
  0.1009812260	  0.9798296996	686.1090985498	148148.0000000000	181818.0000000000	285714.0000000000	 30.0000000000	 24.0000000000	 18.0000000000	  0.0000000000	  0.0000000000	  0.0000000000	  0.1172695519	 21.8327159001	2226781.7125459779	  7.3326834182	 46.5104170174	3391.5313758481
  0.1000391667	  1.0190972280	686.6884942365	200000.0000000000	190476.0000000000	250000.0000000000	 24.0000000000	 24.0000000000	 18.0000000000	  0.0000000000	  0.0000000000	  0.0000000000	  0.0912212547	 20.5282713614	1277063.4414298485	 -2.2250704333	 38.7643694797	3397.7819544227
  0.0949738566	  0.9962994525	682.9084507436	129032.0000000000	190476.0000000000	173913.0000000000	 36.0000000000	 24.0000000000	 24.0000000000	  0.0000000000	  0.0000000000	  0.0000000000	  0.1093481799	 28.0891963277	773249.6350732255	 10.8819444085	 46.4455510758	-10148.9640526559
  0.0977589311	  1.0004424173	684.4672934606	181818.0000000000	137931.0000000000	153846.0000000000	 24.0000000000	 30.0000000000	 30.0000000000	  0.0000000000	  0.0000000000	  0.0000000000	  0.0711072404	  5.7126188499	887757.0870165807	 -2.8792174813	-66.0399664373	16415.1642191108
  0.0940920941	  0.9816149836	686.0195478936	111111.0000000000	210526.0000000000	200000.0000000000	 42.0000000000	 24.0000000000	 24.0000000000	  0.0000000000	  0.0000000000	  0.0000000000	  0.0927220147	 26.5859414566	1034315.4279315592	 16.5990286582	 34.1706147013	7745.1376113189
  0.1007876667	  1.0112026977	687.0019202027	500000.0000000000	235294.0000000000	235294.0000000000	 12.0000000000	 18.0000000000	 18.0000000000	  0.0000000000	  0.0000000000	  0.0000000000	  0.1344814412	 22.6672581057	1460632.4097505764	  0.1037324504	-21.4505293673	-4888.0406012982
  0.1030632281	  0.9795859256	688.8513448686	363636.0000000000	160000.0000000000	210526.0000000000	 12.0000000000	 30.0000000000	 24.0000000000	  0.0000000000	  0.0000000000	  0.0000000000	  0.1227944874	 40.7012936259	2555568.7638321901	 -0.3643136794	-99.7945423100	10290.5300884589
  0.0993166667	  0.9845252700	685.2825513802	160000.0000000000	235294.0000000000	444444.0000000000	 30.0000000000	 18.0000000000	 12.0000000000	  0.0000000000	  0.0000000000	  0.0000000000	  0.0892109484	 14.0648987683	1384156.1129900585	 -4.5146119604	-14.8170527086	-431.9029482872
  0.0992578076	  1.0066522432	684.2011007608	307692.0000000000	333333.0000000000	666667.0000000000	 18.0000000000	 18.0000000000	 12.0000000000	  0.0000000000	  0.0000000000	  0.0000000000	  0.0926880166	  8.4588534497	1401488.4066627088	  0.4713923038	  4.0525634258	-113.4604732440
  0.1016934767	  1.0063034086	680.0500491718	190476.0000000000	190476.0000000000	190476.0000000000	 24.0000000000	 24.0000000000	 24.0000000000	  0.0000000000	  0.0000000000	  0.0000000000	  0.0800636441	 16.5001321877	462180.2574913691	  2.2969582097	 36.7709909601	6379.8627408196
  0.0983923484	  1.0020196909	684.6711973672	121212.0000000000	200000.0000000000	250000.0000000000	 36.0000000000	 24.0000000000	 18.0000000000	  0.0000000000	  0.0000000000	  0.0000000000	  0.1347270722	 44.9319156862	908242.9162115549	-15.1181278393	-49.2229882542	-3202.5878732117
  0.0960326907	  0.9970917491	685.1110426557	173913.0000000000	166667.0000000000	210526.0000000000	 24.0000000000	 30.0000000000	 24.0000000000	  0.0000000000	  0.0000000000	  0.0000000000	  0.1228781765	 21.1530125904	925523.9508796054	 -3.9078705955	 67.7779055283	-5690.7217116466
  0.1011585506	  1.0018380284	684.7012314306	117647.0000000000	200000.0000000000	210526.0000000000	 36.0000000000	 24.0000000000	 24.0000000000	  0.0000000000	  0.0000000000	  0.0000000000	  0.0830869752	 10.0029311356	1017284.9274063762	-13.0667088551	 21.1998297897	5755.8468279307
  0.1040170207	  0.9827173410	685.5577855987	181818.0000000000	500000.0000000000	444444.0000000000	 24.0000000000	 12.0000000000	 12.0000000000	  0.0000000000	  0.0000000000	  0.0000000000	  0.0959835588	 24.6819408822	1046528.5002335465	  3.2267342456	 -1.4673766916	-430.3692926913
  0.1004936244	  0.9722286992	686.6728672994	266667.0000000000	153846.0000000000	222222.0000000000	 18.0000000000	 30.0000000000	 24.0000000000	  0.0000000000	  0.0000000000	  0.0000000000	  0.0964739204	 23.1096372068	1049766.0321357716	 -0.8612286300	-89.4736065550	5123.9395869054
  0.1001954752	  0.9868930792	688.4112918843	190476.0000000000	200000.0000000000	285714.0000000000	 24.0000000000	 24.0000000000	 18.0000000000	  0.0000000000	  0.0000000000	  0.0000000000	  0.1297230243	 29.3950216663	1157758.3529058401	  3.3485624922	 40.2709716048	-2377.2875031185
  0.0979873775	  1.0035719387	691.4751097461	266667.0000000000	160000.0000000000	210526.0000000000	 18.0000000000	 30.0000000000	 24.0000000000	  0.0000000000	  0.0000000000	  0.0000000000	  0.0801627361	  7.7429307492	2361736.5764738172	  0.8284843174	 44.8882876140	9418.9612416399
  0.1017762176	  0.9796119097	685.4420400613	235294.0000000000	266667.0000000000	307692.0000000000	 18.0000000000	 18.0000000000	 18.0000000000	  0.0000000000	  0.0000000000	  0.0000000000	  0.1326241655	 49.1043603785	1113086.9433746208	 -1.6367406996	 17.9214486060	-1829.6951474731
  0.1018051018	  0.9940471363	690.5416142721	111111.0000000000	166667.0000000000	200000.0000000000	 42.0000000000	 30.0000000000	 24.0000000000	  0.0000000000	  0.0000000000	  0.0000000000	  0.1154930166	  8.0587582575	1126078.1547257595	-19.0666881720	-39.8537573530	-8144.7009433467
  0.0978413333	  1.0124361575	692.4498430730	125000.0000000000	166667.0000000000	173913.0000000000	 36.0000000000	 30.0000000000	 24.0000000000	  0.0000000000	  0.0000000000	  0.0000000000	  0.0991927394	 17.4196471927	1769679.2357021908	 11.3807258802	-53.7250539699	16243.9379956036
  0.0985312235	  0.9896202803	683.7971911431	190476.0000000000	173913.0000000000	181818.0000000000	 24.0000000000	 24.0000000000	 24.0000000000	  0.0000000000	  0.0000000000	  0.0000000000	  0.0993040411	 35.3434410111	1183615.2132404505	  2.7242556560	-74.5388833108	-11541.0240227516
  0.1049428549	  1.0028377423	685.6621955966	181818.0000000000	181818.0000000000	210526.0000000000	 24.0000000000	 24.0000000000	 24.0000000000	  0.0000000000	  0.0000000000	  0.0000000000	  0.1227098997	 23.0113166309	1429460.4536316786	 -3.6557998412	 46.6620363547	-7210.8132405571
  0.0982752233	  0.9713796081	689.0447248076	102564.0000000000	137931.0000000000	222222.0000000000	 42.0000000000	 30.0000000000	 24.0000000000	  0.0000000000	  0.0000000000	  0.0000000000	  0.0749296548	  9.6746964680	843907.8782123068	 20.2216088754	 81.6096828840	4443.4470080155
  0.1000889667	  1.0052410697	684.5489476606	117647.0000000000	148148.0000000000	153846.0000000000	 36.0000000000	 30.0000000000	 30.0000000000	  0.0000000000	  0.0000000000	  0.0000000000	  0.1111030737	 15.3721778818	929500.7013753150	 15.8578527392	 85.2357490721	17957.1578624808
  0.0973440973	  1.0147545540	685.9698787650	102564.0000000000	181818.0000000000	285714.0000000000	 42.0000000000	 24.0000000000	 18.0000000000	  0.0000000000	  0.0000000000	  0.0000000000	  0.1067716957	 26.9783046418	1369731.1578732606	 25.2991735378	-52.3972312334	-2559.2259191302
  0.1021330699	  1.0059759671	688.3794738448	105263.0000000000	125000.0000000000	190476.0000000000	 42.0000000000	 36.0000000000	 24.0000000000	  0.0000000000	  0.0000000000	  0.0000000000	  0.0970684953	  8.0035871048	1903000.3552456948	 22.2555203274	106.4678566914	11559.2786093281
  0.1011693586	  0.9910818071	685.6639795747	173913.0000000000	666667.0000000000	571429.0000000000	 24.0000000000	 12.0000000000	 12.0000000000	  0.0000000000	  0.0000000000	  0.0000000000	  0.0983179333	  5.3143715964	516271.5855910328	 -3.8100811700	  0.2065974954	118.0414937518
  0.0980586814	  1.0161264903	688.2058789741	181818.0000000000	153846.0000000000	173913.0000000000	 24.0000000000	 30.0000000000	 24.0000000000	  0.0000000000	  0.0000000000	  0.0000000000	  0.1376707542	 38.3132353387	799983.3868667802	  3.9716248850	118.1340505368	10489.3132656310
  0.0991260991	  1.0005243713	689.4657075743	148148.0000000000	148148.0000000000	285714.0000000000	 30.0000000000	 30.0000000000	 18.0000000000	  0.0000000000	  0.0000000000	  0.0000000000	  0.0856340517	 13.2264873192	1115778.1758761776	  6.3640161069	-72.1952459639	-2066.8052150206
  0.0989697747	  1.0034865687	688.5640188228	137931.0000000000	137931.0000000000	200000.0000000000	 30.0000000000	 30.0000000000	 24.0000000000	  0.0000000000	  0.0000000000	  0.0000000000	  0.0567855474	 10.8347397825	455811.2055441578	  6.3458448653	-90.8281130612	4603.8456984043
  0.0983932651	  0.9771285509	688.8707921380	142857.0000000000	166667.0000000000	166667.0000000000	 30.0000000000	 30.0000000000	 30.0000000000	  0.0000000000	  0.0000000000	  0.0000000000	  0.1054945192	  6.2024656695	1049641.2432389155	 -7.3610030168	-36.5411385512	-14874.5561744615
  0.0993145833	  0.9981380303	685.5456943145	160000.0000000000	166667.0000000000	222222.0000000000	 30.0000000000	 30.0000000000	 24.0000000000	  0.0000000000	  0.0000000000	  0.0000000000	  0.1046408686	 16.1251234867	619630.1237347396	  5.4850412818	 53.2341333302	4081.7708546411
  0.0976407744	  0.9786864968	686.4112425004	173913.0000000000	500000.0000000000	200000.0000000000	 24.0000000000	 12.0000000000	 24.0000000000	  0.0000000000	  0.0000000000	  0.0000000000	  0.1171292362	 21.8695634282	1147887.5456198519	  3.7928317258	 -1.3923114523	-8254.6134740696
  0.1015333515	  1.0203264957	682.6267686921	190476.0000000000	148148.0000000000	222222.0000000000	 24.0000000000	 30.0000000000	 24.0000000000	  0.0000000000	  0.0000000000	  0.0000000000	  0.1376668372	 37.7084176290	990299.4563337164	 -3.1478629868	-132.6306744317	4927.8050504662
  0.1011162055	  0.9929256012	687.7392565159	114286.0000000000	500000.0000000000	200000.0000000000	 36.0000000000	 12.0000000000	 24.0000000000	  0.0000000000	  0.0000000000	  0.0000000000	  0.1100124877	 31.3674185942	1403211.6371370575	-17.5689148487	 -1.8934403090	-8281.7008115708
  0.0991848581	  0.9859815388	688.2017393293	137931.0000000000	153846.0000000000	444444.0000000000	 30.0000000000	 30.0000000000	 12.0000000000	  0.0000000000	  0.0000000000	  0.0000000000	  0.0960926576	  7.8605821219	947469.1840555670	 -8.1037723567	-52.8457758100	495.1507726373
  0.0998866832	  0.9916177036	683.9044636175	153846.0000000000	173913.0000000000	266667.0000000000	 30.0000000000	 24.0000000000	 18.0000000000	  0.0000000000	  0.0000000000	  0.0000000000	  0.1178954419	 11.5626447217	628048.4994821243	  6.3712736968	 40.2628547162	1926.4047478285
  0.1036484426	  1.0068369541	689.5110595905	137931.0000000000	160000.0000000000	285714.0000000000	 30.0000000000	 30.0000000000	 18.0000000000	  0.0000000000	  0.0000000000	  0.0000000000	  0.0986650631	 14.8121284954	841001.0127340087	 -8.2430592132	-62.1781100071	-1896.4000123992
  0.0994389986	  0.9883473223	686.3871812804	133333.0000000000	400000.0000000000	235294.0000000000	 36.0000000000	 12.0000000000	 18.0000000000	  0.0000000000	  0.0000000000	  0.0000000000	  0.1032767735	 45.2431740438	1708749.8360323103	  9.1747573111	  4.8248961905	-5912.4475731887
  0.0983365492	  1.0077980375	686.0732383855	117647.0000000000	117647.0000000000	266667.0000000000	 36.0000000000	 36.0000000000	 18.0000000000	  0.0000000000	  0.0000000000	  0.0000000000	  0.0737917591	  4.8844082877	935136.8760382209	 12.3070686896	104.1190669007	-2674.4006210492
  0.0983147542	  0.9907349194	688.5260981176	114286.0000000000	363636.0000000000	285714.0000000000	 36.0000000000	 12.0000000000	 18.0000000000	  0.0000000000	  0.0000000000	  0.0000000000	  0.1509549652	 34.7854565422	1916860.7847049544	-20.2012349892	  4.8243687090	2667.8777468540
  0.0965064254	  1.0070017385	690.4623193692	114286.0000000000	129032.0000000000	266667.0000000000	 36.0000000000	 36.0000000000	 18.0000000000	  0.0000000000	  0.0000000000	  0.0000000000	  0.1221897788	 16.0414205230	1204328.3837738885	-17.4295548968	-130.3770764017	-2878.8192901589
  0.1023469773	  0.9603858403	689.2673861814	148148.0000000000	190476.0000000000	190476.0000000000	 30.0000000000	 24.0000000000	 24.0000000000	  0.0000000000	  0.0000000000	  0.0000000000	  0.1351054089	 39.3115621481	1709453.8666008476	 -7.2564032068	-53.4722778143	-11367.7051440822
  0.0997780998	  1.0175564831	692.3434168278	142857.0000000000	129032.0000000000	235294.0000000000	 30.0000000000	 36.0000000000	 18.0000000000	  0.0000000000	  0.0000000000	  0.0000000000	  0.1110060756	  7.1714077477	2552715.3043463510	 -7.9014910855	-87.8271823007	6418.8893249574
  0.1020999354	  0.9852915156	688.2317497934	153846.0000000000	190476.0000000000	285714.0000000000	 30.0000000000	 24.0000000000	 18.0000000000	  0.0000000000	  0.0000000000	  0.0000000000	  0.1181068563	 29.0724468522	743617.9771603126	  6.0163986206	-42.9867978870	-1932.3758658871
  0.0995867663	  0.9883791202	685.4548310615	285714.0000000000	166667.0000000000	222222.0000000000	 18.0000000000	 30.0000000000	 24.0000000000	  0.0000000000	  0.0000000000	  0.0000000000	  0.0749666472	 14.6177299206	2692688.2608898357	  0.6152149083	-50.8330220752	-8104.9577825521
  0.1018949536	  0.9783810729	688.3261941850	114286.0000000000	190476.0000000000	222222.0000000000	 36.0000000000	 24.0000000000	 24.0000000000	  0.0000000000	  0.0000000000	  0.0000000000	  0.1457058907	 33.4341918422	2170652.7778639211	-19.0383087158	 52.2381536543	7162.7749863760
  0.0966216008	  0.9809184362	688.6900216196	97561.0000000000	142857.0000000000	166667.0000000000	 42.0000000000	 30.0000000000	 30.0000000000	  0.0000000000	  0.0000000000	  0.0000000000	  0.0813840879	 22.5410512956	894297.9820333105	 26.1344673285	-119.6885417422	-13593.2943421818
  0.1019494769	  1.0132539743	685.8250240409	121212.0000000000	181818.0000000000	190476.0000000000	 36.0000000000	 24.0000000000	 24.0000000000	  0.0000000000	  0.0000000000	  0.0000000000	  0.1110454161	 27.9098142524	777999.6003633892	-14.0391975561	-54.2489388453	-8152.6829729096
  0.0997908004	  0.9942628523	691.9285675334	166667.0000000000	117647.0000000000	266667.0000000000	 30.0000000000	 36.0000000000	 18.0000000000	  0.0000000000	  0.0000000000	  0.0000000000	  0.0468103254	  1.6896402295	1134350.7346008555	 -2.9830102210	-61.5679190881	-3010.3106244524
  0.1041687292	  1.0022273235	688.4609363145	121212.0000000000	160000.0000000000	250000.0000000000	 36.0000000000	 30.0000000000	 18.0000000000	  0.0000000000	  0.0000000000	  0.0000000000	  0.0875886891	 25.6489447952	2280262.9673516653	-12.4404227373	 80.8811002439	5179.8696379658
  0.1030770833	  1.0082219708	682.3743342900	160000.0000000000	160000.0000000000	210526.0000000000	 30.0000000000	 30.0000000000	 24.0000000000	  0.0000000000	  0.0000000000	  0.0000000000	  0.1435624528	 15.5577845603	1032905.7524754131	  5.8843446052	 61.8021035074	-6115.1550015633
  0.0981505982	  0.9793239263	687.1540336105	142857.0000000000	148148.0000000000	181818.0000000000	 30.0000000000	 30.0000000000	 24.0000000000	  0.0000000000	  0.0000000000	  0.0000000000	  0.1215416790	 37.7309763646	1006657.6319517158	 -7.8259083973	-130.2394787480	-10451.1858051940
  0.1055346361	  0.9904218165	684.3494800118	117647.0000000000	173913.0000000000	363636.0000000000	 36.0000000000	 24.0000000000	 12.0000000000	  0.0000000000	  0.0000000000	  0.0000000000	  0.0723515543	 16.7239972490	630732.7350052376	 12.3994615784	-50.7727034972	-712.4483640912
  0.0999724000	  1.0024966848	682.0341558308	173913.0000000000	160000.0000000000	285714.0000000000	 24.0000000000	 30.0000000000	 18.0000000000	  0.0000000000	  0.0000000000	  0.0000000000	  0.1222135135	 10.8566834779	1451808.9964382995	 -3.9549320973	 53.0758211267	2325.1710389153
  0.0966918884	  0.9943957613	683.8924640333	108108.0000000000	137931.0000000000	235294.0000000000	 42.0000000000	 30.0000000000	 18.0000000000	  0.0000000000	  0.0000000000	  0.0000000000	  0.0819109821	 15.4780758347	851207.2910636605	 18.6245614375	-106.4191880801	3626.2930380478
  0.1006260590	  0.9901055645	688.4249993332	307692.0000000000	222222.0000000000	210526.0000000000	 18.0000000000	 24.0000000000	 24.0000000000	  0.0000000000	  0.0000000000	  0.0000000000	  0.0913547193	 14.3343069127	1005840.7044936892	 -0.5337122653	-17.9796091818	6020.2903289303
