  0.0989288489	  0.9984196566	683.6103352530	222222.0000000000	272727.0000000000	230769.0000000000	 30.0000000000	 24.0000000000	 30.0000000000	  0.0000000000	  0.0000000000	  0.0000000000	  0.1166721289	 42.1139703996	821000.4297659765	 -5.5927726323	-57.8598579317	12845.6854785279
  0.1006216006	  0.9761063536	685.1166354726	162162.0000000000	250000.0000000000	272727.0000000000	 42.0000000000	 30.0000000000	 24.0000000000	  0.0000000000	  0.0000000000	  0.0000000000	  0.0916922746	 15.8305208249	1011304.6113522258	 16.1203344469	-44.3563458212	-8810.7623966567
  0.1010800077	  1.0071496784	684.4521936926	193548.0000000000	315789.0000000000	352941.0000000000	 36.0000000000	 24.0000000000	 18.0000000000	  0.0000000000	  0.0000000000	  0.0000000000	  0.1070000708	 32.8107503604	1168030.0511266219	  9.5013110141	 27.7780145367	4021.3301459040
  0.1022989356	  0.9760942306	689.1700002754	162162.0000000000	375000.0000000000	545455.0000000000	 42.0000000000	 18.0000000000	 12.0000000000	  0.0000000000	  0.0000000000	  0.0000000000	  0.1126608845	 40.6866774213	1776004.2940810483	-17.9341332507	 19.0203920819	-905.6988327795
  0.1008504897	  0.9975168730	686.6998473208	230769.0000000000	214286.0000000000	300000.0000000000	 30.0000000000	 30.0000000000	 24.0000000000	  0.0000000000	  0.0000000000	  0.0000000000	  0.1230262903	 22.9781469400	812057.8378814330	 -5.4560015695	 87.5447616499	5580.0279200085
  0.0988065988	  0.9842028168	689.2953006444	222222.0000000000	206897.0000000000	300000.0000000000	 30.0000000000	 30.0000000000	 24.0000000000	  0.0000000000	  0.0000000000	  0.0000000000	  0.0879142577	 10.4982039618	809668.6644667113	  4.8812111641	-68.3660695089	-5265.6725790652
  0.1010541667	  0.9982172994	686.0812200501	200000.0000000000	240000.0000000000	352941.0000000000	 36.0000000000	 30.0000000000	 18.0000000000	  0.0000000000	  0.0000000000	  0.0000000000	  0.1066107494	 16.0275737714	683531.6973553257	  7.9036930105	 48.5767833098	-2558.2429809424
  0.1017824351	  0.9976864415	685.1438071883	285714.0000000000	214286.0000000000	545455.0000000000	 24.0000000000	 30.0000000000	 12.0000000000	  0.0000000000	  0.0000000000	  0.0000000000	  0.0947365259	 23.5538892099	1741435.2821606307	  2.1710353294	-98.2578959323	-964.6369049305
  0.1009183588	  1.0136567805	687.3061831746	171429.0000000000	222222.0000000000	428571.0000000000	 36.0000000000	 30.0000000000	 18.0000000000	  0.0000000000	  0.0000000000	  0.0000000000	  0.1358053028	 22.2579688227	1049300.5642074142	-15.8878750179	-77.4066744100	1837.1930037051
  0.0982920648	  0.9897349091	684.2695440200	206897.0000000000	176471.0000000000	333333.0000000000	 30.0000000000	 36.0000000000	 24.0000000000	  0.0000000000	  0.0000000000	  0.0000000000	  0.1280250621	  9.5988220957	572418.1612866153	  7.9281238317	119.8770292034	-3236.3417956903
  0.0980957648	  1.0074346369	688.3321059774	285714.0000000000	285714.0000000000	315789.0000000000	 24.0000000000	 24.0000000000	 24.0000000000	  0.0000000000	  0.0000000000	  0.0000000000	  0.0717475720	 11.3843710692	989764.4202689650	  1.8640261874	-24.4822400315	5116.5351662626
  0.0983083205	  1.0029636631	685.1306505965	272727.0000000000	375000.0000000000	272727.0000000000	 24.0000000000	 18.0000000000	 24.0000000000	  0.0000000000	  0.0000000000	  0.0000000000	  0.1145479017	 42.4248612911	1720343.2870361134	  2.9127013325	 17.6233214375	11183.3753642752
  0.0952673453	  0.9836110799	689.0711356517	153846.0000000000	500000.0000000000	272727.0000000000	 42.0000000000	 18.0000000000	 24.0000000000	  0.0000000000	  0.0000000000	  0.0000000000	  0.1129228956	 16.0971918425	2012468.2897037223	 21.1983822388	  4.2516544252	11111.3467625160
  0.1021507957	  0.9908155128	689.4249252168	166667.0000000000	240000.0000000000	260870.0000000000	 42.0000000000	 30.0000000000	 24.0000000000	  0.0000000000	  0.0000000000	  0.0000000000	  0.0821861390	 10.3494840121	1154597.5122823555	 13.9826554356	-44.1756851162	-10724.3817100944
  0.1033581927	  0.9626762817	693.0827482979	206897.0000000000	352941.0000000000	375000.0000000000	 30.0000000000	 18.0000000000	 18.0000000000	  0.0000000000	  0.0000000000	  0.0000000000	  0.1282193620	 10.5564323410	1355703.7753457397	 -7.8643363999	 10.3471820092	-3528.4230973871
  0.0987946667	  1.0001504663	684.0414197574	250000.0000000000	285714.0000000000	285714.0000000000	 30.0000000000	 24.0000000000	 24.0000000000	  0.0000000000	  0.0000000000	  0.0000000000	  0.1079462414	 25.4653701942	2008025.6401432690	  3.7061165316	-37.3464773661	9669.7039302710
  0.0986732653	  1.0069102584	688.3818281474	285714.0000000000	230769.0000000000	400000.0000000000	 24.0000000000	 30.0000000000	 18.0000000000	  0.0000000000	  0.0000000000	  0.0000000000	  0.0955680833	 14.5762791252	818995.5474567709	 -2.0237141730	-60.4344664829	2110.4893259663
  0.1010705319	  0.9812977963	685.5003866530	214286.0000000000	214286.0000000000	272727.0000000000	 30.0000000000	 30.0000000000	 24.0000000000	  0.0000000000	  0.0000000000	  0.0000000000	  0.1512815491	 30.4931332431	1312180.1364579664	 -7.5725032215	104.7141545633	9590.7664534068
  0.1018197129	  0.9931571122	685.3116961755	230769.0000000000	222222.0000000000	428571.0000000000	 30.0000000000	 30.0000000000	 18.0000000000	  0.0000000000	  0.0000000000	  0.0000000000	  0.0895156687	 14.1608042251	2439281.9463091949	  4.4008927878	 65.7931845532	-2493.6490818654
  0.0971222222	  1.0010170057	685.7737718491	150000.0000000000	315789.0000000000	230769.0000000000	 42.0000000000	 24.0000000000	 30.0000000000	  0.0000000000	  0.0000000000	  0.0000000000	  0.1174436845	 21.2780218589	1106652.4732452824	-22.7440962225	 21.9912376451	14792.6932065171
  0.0979457778	  0.9948086804	689.1514854558	187500.0000000000	315789.0000000000	428571.0000000000	 36.0000000000	 24.0000000000	 18.0000000000	  0.0000000000	  0.0000000000	  0.0000000000	  0.0891086576	 12.5859400482	1296072.0982822964	 -9.0732063536	-17.4945026955	1717.3679706972
  0.1006309340	  0.9906692561	686.0610657028	428571.0000000000	272727.0000000000	272727.0000000000	 18.0000000000	 24.0000000000	 24.0000000000	  0.0000000000	  0.0000000000	  0.0000000000	  0.0978491187	  9.9669205074	1343190.1493320835	  0.5018226022	-28.3141320403	10284.4846005795
  0.1024724979	  1.0112098183	687.9426967520	139535.0000000000	214286.0000000000	285714.0000000000	 48.0000000000	 30.0000000000	 24.0000000000	  0.0000000000	  0.0000000000	  0.0000000000	  0.0651552641	 11.4641141739	1980081.6451535134	 22.1727555428	 64.6569098456	9725.3110829837
  0.1001128889	  1.0062696942	688.2706574050	375000.0000000000	260870.0000000000	285714.0000000000	 18.0000000000	 24.0000000000	 24.0000000000	  0.0000000000	  0.0000000000	  0.0000000000	  0.1054757478	 26.2655512993	674818.4488762317	  0.8951868335	-51.8596979019	-5479.5599935869
  0.1000837002	  1.0110153173	688.7437506489	193548.0000000000	300000.0000000000	272727.0000000000	 36.0000000000	 24.0000000000	 24.0000000000	  0.0000000000	  0.0000000000	  0.0000000000	  0.1239634295	 21.4920242689	1309613.1450570461	 -9.9257043596	 28.1783894039	-9583.0135430167
  0.0982403482	  0.9820107106	690.7799225680	222222.0000000000	200000.0000000000	375000.0000000000	 30.0000000000	 36.0000000000	 18.0000000000	  0.0000000000	  0.0000000000	  0.0000000000	  0.1210846818	 18.2569506286	1094530.3978997872	 -5.5682428159	-111.2544530838	-2587.7528857552
  0.0973906501	  0.9795222575	690.0840061393	206897.0000000000	176471.0000000000	230769.0000000000	 30.0000000000	 36.0000000000	 30.0000000000	  0.0000000000	  0.0000000000	  0.0000000000	  0.0990088707	 12.4600206321	1024562.3475153737	 -7.0608501599	-128.3966875790	-14640.3717280732
  0.1003396559	  0.9972568623	689.7517559791	272727.0000000000	285714.0000000000	300000.0000000000	 24.0000000000	 24.0000000000	 24.0000000000	  0.0000000000	  0.0000000000	  0.0000000000	  0.1353870839	 35.5223766309	997476.4172410717	 -3.0191194130	-40.3830793625	-5889.6811314479
  0.0989357023	  0.9802744340	688.1689326934	206897.0000000000	300000.0000000000	230769.0000000000	 30.0000000000	 24.0000000000	 30.0000000000	  0.0000000000	  0.0000000000	  0.0000000000	  0.1214886978	 28.9015683903	881401.8644453416	  7.3059045293	-29.5477938153	13427.7182133018
  0.1006072265	  1.0008976932	686.5332574918	206897.0000000000	193548.0000000000	300000.0000000000	 30.0000000000	 36.0000000000	 24.0000000000	  0.0000000000	  0.0000000000	  0.0000000000	  0.0713586967	 16.3383259626	1056983.7772666495	 -6.0204519585	-116.0982109637	6338.8747707215
  0.1028721029	  0.9828177816	689.6890199718	181818.0000000000	260870.0000000000	272727.0000000000	 36.0000000000	 24.0000000000	 24.0000000000	  0.0000000000	  0.0000000000	  0.0000000000	  0.0655028258	 22.9687525574	1443045.8034765653	  9.0999220276	-49.9413685840	-10229.0481236094
  0.0999959389	  0.9895006925	685.5633879245	352941.0000000000	857143.0000000000	428571.0000000000	 18.0000000000	 12.0000000000	 18.0000000000	  0.0000000000	  0.0000000000	  0.0000000000	  0.1078351350	  6.2339350270	1916990.2822325674	  1.2100860990	  0.4620072854	2130.0354323150
  0.1029406667	  0.9800427858	686.8838299584	250000.0000000000	400000.0000000000	500000.0000000000	 30.0000000000	 18.0000000000	 18.0000000000	  0.0000000000	  0.0000000000	  0.0000000000	  0.1621960170	 21.1378560868	634731.6221937941	 -4.7681192971	  9.6815221081	-852.3254087962
  0.0966625967	  1.0123579978	687.7994035735	162162.0000000000	240000.0000000000	400000.0000000000	 42.0000000000	 30.0000000000	 18.0000000000	  0.0000000000	  0.0000000000	  0.0000000000	  0.1249729646	 35.4174547945	1622327.9277604846	-18.7667259193	-78.4274325872	2594.0056619643
  0.0988652255	  0.9986101832	688.8668005316	193548.0000000000	260870.0000000000	230769.0000000000	 36.0000000000	 24.0000000000	 30.0000000000	  0.0000000000	  0.0000000000	  0.0000000000	  0.0985560099	 13.6052611401	1218391.1319430387	 -8.9747192130	 35.5971099901	17140.2577209338
  0.0980352647	  0.9773944526	686.0992896624	230769.0000000000	193548.0000000000	260870.0000000000	 30.0000000000	 36.0000000000	 24.0000000000	  0.0000000000	  0.0000000000	  0.0000000000	  0.1104947426	 19.0019845355	748005.5050600326	 -4.9147163588	122.6354890746	8342.6492017554
  0.0988809242	  1.0045819194	685.5701678540	146341.0000000000	222222.0000000000	285714.0000000000	 42.0000000000	 30.0000000000	 24.0000000000	  0.0000000000	  0.0000000000	  0.0000000000	  0.0834411165	 20.7762012064	2902341.0774910781	 20.9273560508	-74.7308643214	-11731.7541782542
  0.1000473666	  1.0061461720	688.4146974353	206897.0000000000	187500.0000000000	300000.0000000000	 30.0000000000	 36.0000000000	 24.0000000000	  0.0000000000	  0.0000000000	  0.0000000000	  0.0744428521	 21.5940176828	881319.4612264779	  6.0890401808	-141.6183650236	-5290.2000926830
  0.1032427778	  0.9957524703	689.8019317147	300000.0000000000	428571.0000000000	400000.0000000000	 24.0000000000	 18.0000000000	 18.0000000000	  0.0000000000	  0.0000000000	  0.0000000000	  0.1444274422	 38.1740410878	798699.2613131549	 -2.2848081245	-11.3432668764	1907.3370148174
  0.1003541667	  1.0119509818	686.6165576927	240000.0000000000	285714.0000000000	352941.0000000000	 30.0000000000	 24.0000000000	 18.0000000000	  0.0000000000	  0.0000000000	  0.0000000000	  0.0917666276	 17.3994954010	2167891.1034447588	 -3.7033706602	 29.5668158644	-5356.5296310319
  0.1007097222	  1.0082423990	685.9601383601	240000.0000000000	240000.0000000000	250000.0000000000	 30.0000000000	 30.0000000000	 30.0000000000	  0.0000000000	  0.0000000000	  0.0000000000	  0.1050912470	 35.6716981812	1135685.6265714802	  4.3575217371	 77.0754650459	11914.5006232880
  0.1005991562	  0.9813256934	687.7640601288	230769.0000000000	250000.0000000000	272727.0000000000	 30.0000000000	 30.0000000000	 24.0000000000	  0.0000000000	  0.0000000000	  0.0000000000	  0.1320759627	 33.2533318549	1207705.0341350732	  5.5215430016	-61.9230665957	9147.1305423845
  0.0995084540	  0.9897912132	687.4044544171	146341.0000000000	333333.0000000000	315789.0000000000	 42.0000000000	 24.0000000000	 24.0000000000	  0.0000000000	  0.0000000000	  0.0000000000	  0.0940262521	 24.6635456194	2059079.3548680202	 23.5185031328	 21.1737469358	-6596.9499543900
  0.0978500000	  0.9834559390	684.4707567049	400000.0000000000	300000.0000000000	461538.0000000000	 18.0000000000	 24.0000000000	 18.0000000000	  0.0000000000	  0.0000000000	  0.0000000000	  0.0825381153	  6.3260180506	648954.6350280535	 -0.5920930883	-16.2036372294	1100.0558016533
  0.1013211013	  0.9909894172	688.4734243682	181818.0000000000	214286.0000000000	230769.0000000000	 36.0000000000	 30.0000000000	 30.0000000000	  0.0000000000	  0.0000000000	  0.0000000000	  0.1068149619	 26.5716393321	2215364.2016958608	-11.4338054688	102.1192654561	21373.6479831826
  0.1000396110	  0.9913835851	684.3589853533	260870.0000000000	230769.0000000000	315789.0000000000	 24.0000000000	 30.0000000000	 24.0000000000	  0.0000000000	  0.0000000000	  0.0000000000	  0.0736607647	 13.2897873523	1068768.9356667469	 -2.5655506204	 52.2931204051	4736.6285980248
  0.1004007992	  0.9931699155	686.8498439760	166667.0000000000	240000.0000000000	300000.0000000000	 42.0000000000	 30.0000000000	 24.0000000000	  0.0000000000	  0.0000000000	  0.0000000000	  0.0638401361	  2.8648958719	2429515.4177340223	 11.5354703380	-22.1606163505	9432.1709349097
  0.1019460523	  1.0017044660	690.0469866831	260870.0000000000	750000.0000000000	272727.0000000000	 24.0000000000	 12.0000000000	 24.0000000000	  0.0000000000	  0.0000000000	  0.0000000000	  0.1054686907	 29.5711652085	1341044.3469634445	  3.3917073502	  1.5038436784	10238.1455317194
  0.0988877576	  1.0012200689	686.2394357088	146341.0000000000	285714.0000000000	315789.0000000000	 42.0000000000	 24.0000000000	 24.0000000000	  0.0000000000	  0.0000000000	  0.0000000000	  0.0985496953	 30.3400858676	1450484.7287872848	 22.4442768031	 39.4517768548	5978.9403606786
  0.0989333620	  0.9886062471	685.4699906526	139535.0000000000	230769.0000000000	428571.0000000000	 48.0000000000	 30.0000000000	 18.0000000000	  0.0000000000	  0.0000000000	  0.0000000000	  0.1041501118	 37.7684621600	1086469.5811397028	 27.8835597808	 93.5173882318	-1750.9064141400
  0.1026206667	  0.9948794599	682.0099898378	250000.0000000000	315789.0000000000	285714.0000000000	 30.0000000000	 24.0000000000	 24.0000000000	  0.0000000000	  0.0000000000	  0.0000000000	  0.0963461037	  8.1731666766	1461210.1459601056	  3.7233015617	 13.6154696897	-8856.2085014161
  0.0992251707	  0.9913010224	686.9705655477	193548.0000000000	222222.0000000000	333333.0000000000	 36.0000000000	 30.0000000000	 24.0000000000	  0.0000000000	  0.0000000000	  0.0000000000	  0.0917174945	 26.9606455815	1470126.1925211581	 -8.2386095586	-91.5098373706	-5502.7231718743
  0.0998153671	  1.0080592634	686.2020140868	206897.0000000000	333333.0000000000	375000.0000000000	 30.0000000000	 24.0000000000	 18.0000000000	  0.0000000000	  0.0000000000	  0.0000000000	  0.1360303080	 66.3427126096	1398508.2992839164	  7.7308661862	 34.6685898931	3488.5059052103
  0.1011299307	  0.9970918107	687.5111295027	176471.0000000000	240000.0000000000	285714.0000000000	 36.0000000000	 30.0000000000	 24.0000000000	  0.0000000000	  0.0000000000	  0.0000000000	  0.1037435025	  9.5377840773	446995.5317392812	-12.9436243185	-38.0448148082	-5005.0309701516
  0.1013736472	  0.9844279883	686.1399683300	193548.0000000000	214286.0000000000	750000.0000000000	 36.0000000000	 30.0000000000	 12.0000000000	  0.0000000000	  0.0000000000	  0.0000000000	  0.0376015616	  4.8923518033	831887.7334635122	 -5.2991681390	 41.7073942756	241.9574561184
  0.1023151023	  0.9853122286	686.5546459582	222222.0000000000	461538.0000000000	375000.0000000000	 30.0000000000	 18.0000000000	 18.0000000000	  0.0000000000	  0.0000000000	  0.0000000000	  0.1304051971	 48.9634444440	1000441.8387921337	  6.4087470954	  8.6242075007	-2568.9144286023
  0.1000524444	  0.9897030370	688.1309329902	187500.0000000000	352941.0000000000	352941.0000000000	 36.0000000000	 18.0000000000	 18.0000000000	  0.0000000000	  0.0000000000	  0.0000000000	  0.1145476788	 21.2744349576	732983.5288061358	-10.5338247515	 16.8604390091	-2777.7123338087
  0.0970888471	  0.9948524863	685.7094136571	181818.0000000000	230769.0000000000	285714.0000000000	 36.0000000000	 30.0000000000	 24.0000000000	  0.0000000000	  0.0000000000	  0.0000000000	  0.0989673515	 26.2079521806	953286.5021599830	-11.3228220474	-73.5775746697	-6984.1554301689
  0.0982420149	  0.9915981110	684.0101393471	181818.0000000000	222222.0000000000	272727.0000000000	 36.0000000000	 30.0000000000	 24.0000000000	  0.0000000000	  0.0000000000	  0.0000000000	  0.1194454675	 35.1330248394	3223244.4181716419	 11.3527526691	-106.3456289474	-16130.8910223180
  0.1011286011	  0.9960600338	688.4666990985	181818.0000000000	240000.0000000000	214286.0000000000	 36.0000000000	 30.0000000000	 30.0000000000	  0.0000000000	  0.0000000000	  0.0000000000	  0.0930142350	 15.7452630279	974431.3742919241	 10.7919410273	 52.4517048441	18041.0343283501
  0.1017904351	  0.9994673556	690.2700404119	181818.0000000000	214286.0000000000	428571.0000000000	 36.0000000000	 30.0000000000	 18.0000000000	  0.0000000000	  0.0000000000	  0.0000000000	  0.1035523110	 31.3131482789	1754865.2304169494	-10.8869443406	-113.9474717041	-2361.1092553581
  0.0981740982	  1.0155475698	685.3190969207	333333.0000000000	181818.0000000000	600000.0000000000	 24.0000000000	 36.0000000000	 12.0000000000	  0.0000000000	  0.0000000000	  0.0000000000	  0.0636801792	  3.2582954948	855177.3937028437	 -1.0181256111	 59.2706323431	567.3603274624
  0.1002381002	  1.0075726874	688.1788858071	333333.0000000000	272727.0000000000	260870.0000000000	 24.0000000000	 24.0000000000	 24.0000000000	  0.0000000000	  0.0000000000	  0.0000000000	  0.1095319318	 51.1363710646	822586.6173557799	  1.3976468616	-60.7812259686	8758.4231648577
  0.0975206809	  1.0015384032	686.2014638920	461538.0000000000	250000.0000000000	333333.0000000000	 18.0000000000	 30.0000000000	 24.0000000000	  0.0000000000	  0.0000000000	  0.0000000000	  0.0583153368	  8.5799465156	383097.3713912698	  0.3076145766	 34.1443115905	2609.7579260891
  0.0981078203	  1.0046424450	686.7950310910	428571.0000000000	230769.0000000000	260870.0000000000	 18.0000000000	 30.0000000000	 24.0000000000	  0.0000000000	  0.0000000000	  0.0000000000	  0.1377332654	 21.9849097647	1643364.4539752293	 -0.6599544821	-67.5509432969	-12712.5631366123
  0.1005953103	  1.0041273425	688.8412871040	214286.0000000000	240000.0000000000	333333.0000000000	 30.0000000000	 30.0000000000	 24.0000000000	  0.0000000000	  0.0000000000	  0.0000000000	  0.0823302999	  6.3398111067	1428838.5229087875	  5.9019057118	 32.6341695264	-5064.2458089056
  0.1019340278	  1.0123756187	690.2974806938	240000.0000000000	315789.0000000000	461538.0000000000	 30.0000000000	 24.0000000000	 18.0000000000	  0.0000000000	  0.0000000000	  0.0000000000	  0.1313550454	 51.1466708915	1219123.2443473137	  4.6591543909	 36.3843368680	1443.8441743357
  0.0988592594	  0.9945573987	683.6977654133	315789.0000000000	428571.0000000000	352941.0000000000	 24.0000000000	 18.0000000000	 18.0000000000	  0.0000000000	  0.0000000000	  0.0000000000	  0.0949040366	 26.5198276752	1609691.1303240901	  1.4805260854	 -8.4037509660	-4698.5905057238
  0.1041761111	  1.0345898378	688.4310624308	300000.0000000000	193548.0000000000	857143.0000000000	 24.0000000000	 36.0000000000	 12.0000000000	  0.0000000000	  0.0000000000	  0.0000000000	  0.1153733870	  8.6961364424	1740541.3009400624	 -2.0929591502	-83.3765051301	-180.1149712469
  0.0999048889	  0.9959330602	683.5073646750	187500.0000000000	240000.0000000000	750000.0000000000	 36.0000000000	 30.0000000000	 12.0000000000	  0.0000000000	  0.0000000000	  0.0000000000	  0.0996622012	 30.8275286800	832424.9227334947	 10.1834217766	-68.2640538741	265.7827023932
  0.1011653333	  0.9939429985	681.5229134418	187500.0000000000	222222.0000000000	230769.0000000000	 36.0000000000	 30.0000000000	 30.0000000000	  0.0000000000	  0.0000000000	  0.0000000000	  0.0752659707	 15.3762605173	872948.5229062635	  8.0847106853	 69.1159740291	13179.5331457634
  0.0986244745	  1.0209613800	686.4369299198	260870.0000000000	260870.0000000000	250000.0000000000	 24.0000000000	 24.0000000000	 30.0000000000	  0.0000000000	  0.0000000000	  0.0000000000	  0.1085052431	 14.1893134181	775226.2980074449	 -3.0894820678	-38.3794691944	9294.8787305792
  0.1011084444	  0.9877780720	691.9374289559	187500.0000000000	187500.0000000000	250000.0000000000	 36.0000000000	 36.0000000000	 30.0000000000	  0.0000000000	  0.0000000000	  0.0000000000	  0.0728879894	 27.7835851913	940185.7972532770	 -7.9088664241	-154.7826067186	-10675.3834942810
  0.0979650000	  0.9959531988	686.5206760383	200000.0000000000	285714.0000000000	315789.0000000000	 36.0000000000	 24.0000000000	 24.0000000000	  0.0000000000	  0.0000000000	  0.0000000000	  0.0965869879	 17.5591865749	1077969.3076614919	 -7.8214566323	 27.4130736067	4930.2921260747
  0.1017863181	  1.0013996346	686.6408353000	176471.0000000000	193548.0000000000	375000.0000000000	 36.0000000000	 36.0000000000	 18.0000000000	  0.0000000000	  0.0000000000	  0.0000000000	  0.0828538418	 20.0394715319	1911425.9519034510	 10.8458097002	-124.9638310739	-3978.6772947553
  0.1005160432	  1.0106057968	692.1041032712	176471.0000000000	200000.0000000000	545455.0000000000	 36.0000000000	 36.0000000000	 12.0000000000	  0.0000000000	  0.0000000000	  0.0000000000	  0.0634690899	 18.3803253481	722140.1996533551	 -9.7339221016	-105.5646100853	535.0598920634
  0.0977287538	  1.0086695558	686.4187209234	260870.0000000000	250000.0000000000	400000.0000000000	 24.0000000000	 30.0000000000	 18.0000000000	  0.0000000000	  0.0000000000	  0.0000000000	  0.0931788593	 20.6417433456	661554.0922566555	  3.0884815634	-51.7661756241	1755.0010797635
  0.1007861537	  1.0074233495	685.8053628204	176471.0000000000	193548.0000000000	285714.0000000000	 36.0000000000	 36.0000000000	 24.0000000000	  0.0000000000	  0.0000000000	  0.0000000000	  0.0870422035	 14.1951274017	1737831.4005976026	-11.1882873949	-107.5009102753	-8691.4488194353
  0.0990158020	  0.9976221706	689.4968640073	166667.0000000000	260870.0000000000	260870.0000000000	 42.0000000000	 24.0000000000	 24.0000000000	  0.0000000000	  0.0000000000	  0.0000000000	  0.1302402494	 16.5204742467	570822.5273795305	-16.3251599538	-40.0173327364	-7886.6080509228
  0.0988552471	  1.0078976773	686.2397966741	133333.0000000000	181818.0000000000	352941.0000000000	 48.0000000000	 36.0000000000	 18.0000000000	  0.0000000000	  0.0000000000	  0.0000000000	  0.0725964827	  7.4589166252	692160.7677141890	 27.7217317422	 94.5901816594	2829.6830389108
  0.0981027597	  1.0087962517	686.3892109166	206897.0000000000	300000.0000000000	260870.0000000000	 30.0000000000	 24.0000000000	 24.0000000000	  0.0000000000	  0.0000000000	  0.0000000000	  0.1125568596	 25.1896992408	1017995.4115739065	 -7.6288243772	-31.5235396172	-9445.4763048584
  0.1000601999	  1.0143113852	683.1768039088	214286.0000000000	260870.0000000000	285714.0000000000	 30.0000000000	 24.0000000000	 24.0000000000	  0.0000000000	  0.0000000000	  0.0000000000	  0.0986853868	 32.2560852772	930042.4818561908	  5.9358682320	-53.0196729844	-6420.7190507687
  0.0988533333	  0.9982134169	683.8035680324	200000.0000000000	200000.0000000000	250000.0000000000	 36.0000000000	 36.0000000000	 30.0000000000	  0.0000000000	  0.0000000000	  0.0000000000	  0.1287312039	 42.5835441788	1268941.7872272469	  8.6897070670	-153.3781462242	-13207.1278598322
  0.1006140000	  0.9971945589	689.5134064406	250000.0000000000	500000.0000000000	285714.0000000000	 30.0000000000	 18.0000000000	 24.0000000000	  0.0000000000	  0.0000000000	  0.0000000000	  0.0898634853	 15.1872490310	1929994.6438884973	 -3.6119288740	 -4.4740819832	9058.7242132295
  0.1048077208	  0.9859240879	689.3163177724	146341.0000000000	193548.0000000000	500000.0000000000	 42.0000000000	 36.0000000000	 18.0000000000	  0.0000000000	  0.0000000000	  0.0000000000	  0.0801445416	  4.8054545647	887700.3788611582	 20.6418892173	-58.9309511602	855.6668714540
  0.1008253333	  0.9923079688	686.3826582494	250000.0000000000	260870.0000000000	666667.0000000000	 30.0000000000	 24.0000000000	 12.0000000000	  0.0000000000	  0.0000000000	  0.0000000000	  0.0754237762	 41.2335339085	1235084.1708622819	  2.9240577290	-63.9487015465	-374.5358412545
  0.0955280949	  0.9846659448	686.5623560308	214286.0000000000	461538.0000000000	250000.0000000000	 30.0000000000	 18.0000000000	 30.0000000000	  0.0000000000	  0.0000000000	  0.0000000000	  0.0924936271	 19.3203587992	1175315.2671300280	  6.1744575970	  5.2225161107	11644.8409846789
  0.1011154313	  1.0147123868	683.5672994955	146341.0000000000	250000.0000000000	240000.0000000000	 42.0000000000	 30.0000000000	 30.0000000000	  0.0000000000	  0.0000000000	  0.0000000000	  0.0741990029	  5.0814136876	1061842.4062581358	 20.2114510697	 25.2485277043	13879.0475042842
  0.1012670179	  0.9865723742	686.2279022884	181818.0000000000	187500.0000000000	461538.0000000000	 36.0000000000	 36.0000000000	 18.0000000000	  0.0000000000	  0.0000000000	  0.0000000000	  0.0659810744	  5.5045613163	2120419.9449725379	 -8.5129066670	-74.3770020870	-2128.5694901179
  0.0977875556	  0.9929502125	685.6872820137	187500.0000000000	214286.0000000000	300000.0000000000	 36.0000000000	 30.0000000000	 24.0000000000	  0.0000000000	  0.0000000000	  0.0000000000	  0.0978843708	  8.5785097026	1668532.0032550783	 10.2013961308	-56.2196776031	7471.7652089566
  0.0981785487	  0.9723555579	687.4925138816	176471.0000000000	375000.0000000000	285714.0000000000	 36.0000000000	 18.0000000000	 24.0000000000	  0.0000000000	  0.0000000000	  0.0000000000	  0.1364486395	 15.9489505685	732832.4864527453	-14.1728849453	-10.6533102005	-6169.2142774757
  0.1015408633	  0.9921584029	686.1890696601	206897.0000000000	375000.0000000000	375000.0000000000	 30.0000000000	 18.0000000000	 18.0000000000	  0.0000000000	  0.0000000000	  0.0000000000	  0.1115331106	  9.5947475760	567025.2333545918	 -7.1196852868	 -8.5749106655	2186.7829742464
  0.1033049389	  0.9945088544	689.3664926236	157895.0000000000	315789.0000000000	272727.0000000000	 42.0000000000	 24.0000000000	 24.0000000000	  0.0000000000	  0.0000000000	  0.0000000000	  0.0910356273	 27.6139692681	1212141.1317868270	-16.6457952847	-27.4032694248	-9715.1004170953
  0.1029973046	  1.0087753001	690.7571209946	206897.0000000000	250000.0000000000	240000.0000000000	 30.0000000000	 30.0000000000	 30.0000000000	  0.0000000000	  0.0000000000	  0.0000000000	  0.0891466717	 26.3840439444	1315856.4049577916	 -6.4295298645	-61.3238608437	-15550.6580133367
  0.0963593872	  1.0059611642	683.5797377650	193548.0000000000	214286.0000000000	600000.0000000000	 36.0000000000	 30.0000000000	 12.0000000000	  0.0000000000	  0.0000000000	  0.0000000000	  0.0925558516	 23.2066097991	1234874.9821577920	 -8.0737518046	-88.3048649460	514.1666920370
  0.1002363885	  1.0018770938	689.4995440489	260870.0000000000	375000.0000000000	400000.0000000000	 24.0000000000	 18.0000000000	 18.0000000000	  0.0000000000	  0.0000000000	  0.0000000000	  0.1051159404	 15.0351337858	1750313.3504922255	 -3.3115495846	  9.9806136301	3179.5133043885
  0.0988525155	  0.9824719592	686.7075428272	181818.0000000000	222222.0000000000	315789.0000000000	 36.0000000000	 30.0000000000	 24.0000000000	  0.0000000000	  0.0000000000	  0.0000000000	  0.0741389776	 10.1555913235	1523597.1309768569	  9.8052428136	-52.5635653559	-6265.1832361955
  0.0974618051	  0.9955318570	684.5051770216	166667.0000000000	315789.0000000000	400000.0000000000	 42.0000000000	 24.0000000000	 18.0000000000	  0.0000000000	  0.0000000000	  0.0000000000	  0.1339143969	 39.1311750428	1125071.3866445362	-16.3798994876	 28.5280122371	2503.5957110685
  0.0973268933	  1.0112767897	686.7677672275	260870.0000000000	285714.0000000000	352941.0000000000	 24.0000000000	 24.0000000000	 18.0000000000	  0.0000000000	  0.0000000000	  0.0000000000	  0.1321640495	 21.7792714883	769893.9003592442	 -3.5813178997	-33.5193612270	-2946.3598357428
  0.0988855156	  0.9861344512	684.8683638270	181818.0000000000	400000.0000000000	666667.0000000000	 36.0000000000	 18.0000000000	 12.0000000000	  0.0000000000	  0.0000000000	  0.0000000000	  0.1156935532	 32.7149536271	2719547.8278937992	 11.2697509482	-12.8975431448	529.3746398898
  0.0971777778	  0.9864381345	685.7730571683	240000.0000000000	272727.0000000000	461538.0000000000	 30.0000000000	 24.0000000000	 18.0000000000	  0.0000000000	  0.0000000000	  0.0000000000	  0.0978941785	 23.2875019856	1778218.1349144124	  4.0258984121	-40.8926262898	1865.7402370522
  0.1002458502	  0.9696494120	689.9501636796	181818.0000000000	315789.0000000000	461538.0000000000	 36.0000000000	 24.0000000000	 18.0000000000	  0.0000000000	  0.0000000000	  0.0000000000	  0.1210370774	 26.7377342069	992766.0789386343	 12.5941281286	-25.7709062147	-1252.4311803899
  0.0998419503	  0.9878943678	688.4273749873	206897.0000000000	375000.0000000000	260870.0000000000	 30.0000000000	 18.0000000000	 24.0000000000	  0.0000000000	  0.0000000000	  0.0000000000	  0.0721873780	  7.6863896661	678760.4332316084	  6.2081230835	  6.9886168195	8041.1814163075
  0.1008819203	  0.9859140050	682.7167720988	206897.0000000000	260870.0000000000	272727.0000000000	 30.0000000000	 24.0000000000	 24.0000000000	  0.0000000000	  0.0000000000	  0.0000000000	  0.0744966097	 16.1578898234	1538536.7214503139	 -6.1302693079	-38.2832418504	9683.2411071413
  0.0993222222	  0.9961103160	688.9719611840	300000.0000000000	230769.0000000000	300000.0000000000	 24.0000000000	 30.0000000000	 24.0000000000	  0.0000000000	  0.0000000000	  0.0000000000	  0.0829591365	  9.1981437814	1132892.7492421542	 -1.7324612968	 45.7018408124	6830.0500492666
  0.1020902455	  0.9957144379	686.4214385261	352941.0000000000	240000.0000000000	250000.0000000000	 18.0000000000	 30.0000000000	 30.0000000000	  0.0000000000	  0.0000000000	  0.0000000000	  0.0747185216	  7.3771621694	1321255.8986315627	  0.8975882839	-36.6117094914	-13528.7439790802
  0.0997215563	  1.0005942512	685.9230081370	171429.0000000000	285714.0000000000	333333.0000000000	 36.0000000000	 24.0000000000	 24.0000000000	  0.0000000000	  0.0000000000	  0.0000000000	  0.0946655617	 16.8234236216	2294028.5613616556	 13.5228239458	 27.1536148157	6524.9115748337
  0.1000511388	  1.0070751109	686.5192235434	171429.0000000000	250000.0000000000	461538.0000000000	 36.0000000000	 30.0000000000	 18.0000000000	  0.0000000000	  0.0000000000	  0.0000000000	  0.0880409607	 24.3890288259	1862849.6464256975	-12.0782742434	 59.2739269279	1737.0075360410
  0.1001507997	  0.9937930361	682.4721888138	166667.0000000000	250000.0000000000	272727.0000000000	 42.0000000000	 30.0000000000	 24.0000000000	  0.0000000000	  0.0000000000	  0.0000000000	  0.0886189673	 22.3643011902	1490106.1623780222	 13.4750787340	 54.5719997513	10236.8927405890
  0.1008754620	  0.9779492687	688.2370904406	162162.0000000000	206897.0000000000	272727.0000000000	 42.0000000000	 30.0000000000	 24.0000000000	  0.0000000000	  0.0000000000	  0.0000000000	  0.0773512704	 21.4244145418	1366974.2649342527	 13.9503823578	-104.1884680452	-9423.9183640141
  0.1028705473	  1.0025090661	686.8506096140	230769.0000000000	250000.0000000000	352941.0000000000	 30.0000000000	 30.0000000000	 18.0000000000	  0.0000000000	  0.0000000000	  0.0000000000	  0.0802782169	 10.8706002159	638431.5469449227	 -4.4749072836	 34.8753420435	-2437.6105393160
  0.1017777778	  1.0076335985	688.0172986421	240000.0000000000	240000.0000000000	230769.0000000000	 30.0000000000	 30.0000000000	 30.0000000000	  0.0000000000	  0.0000000000	  0.0000000000	  0.0726727996	 24.6027688603	885636.1431091148	  3.5720847213	-68.6360059589	-14902.8393141994
  0.0960044427	  0.9969320464	685.3287727621	176471.0000000000	193548.0000000000	230769.0000000000	 36.0000000000	 36.0000000000	 30.0000000000	  0.0000000000	  0.0000000000	  0.0000000000	  0.0724426565	 10.8662888124	1377686.3812829258	 10.5029228348	 92.3134077724	17622.8779626179
  0.1002267337	  0.9947349055	683.2381710346	315789.0000000000	285714.0000000000	600000.0000000000	 24.0000000000	 24.0000000000	 12.0000000000	  0.0000000000	  0.0000000000	  0.0000000000	  0.0883499259	 10.7772001737	1897527.5497509404	  1.3997386160	 24.3961930223	792.7131576805
  0.1008650000	  0.9868367815	685.7542111028	200000.0000000000	260870.0000000000	428571.0000000000	 36.0000000000	 24.0000000000	 18.0000000000	  0.0000000000	  0.0000000000	  0.0000000000	  0.0994316791	 18.8593850025	1442791.2135476200	 -7.6224128994	-40.5227978100	2076.9975670522
  0.1003330122	  1.0158462626	688.1479242504	146341.0000000000	272727.0000000000	375000.0000000000	 42.0000000000	 24.0000000000	 18.0000000000	  0.0000000000	  0.0000000000	  0.0000000000	  0.0907915576	 33.3927424046	1161844.1728150118	 21.8257709260	-52.0170849125	-2892.5253168782
  0.1028591667	  1.0034073326	686.0453382346	200000.0000000000	222222.0000000000	750000.0000000000	 36.0000000000	 30.0000000000	 12.0000000000	  0.0000000000	  0.0000000000	  0.0000000000	  0.0759996143	  2.8763137120	3276151.0010226560	  6.5693466143	 28.3585940425	-446.6025516685
  0.1017593518	  1.0014970599	682.9407539272	222222.0000000000	240000.0000000000	600000.0000000000	 30.0000000000	 30.0000000000	 12.0000000000	  0.0000000000	  0.0000000000	  0.0000000000	  0.0987913570	 15.3705239448	1430611.0491548113	  5.2426223255	-47.5764475969	-720.8073140003
  0.0993860994	  0.9825488076	685.7490770872	333333.0000000000	352941.0000000000	260870.0000000000	 24.0000000000	 18.0000000000	 24.0000000000	  0.0000000000	  0.0000000000	  0.0000000000	  0.0462681210	  7.7489174269	1033595.2302288756	 -0.8402406279	 -9.8977603880	-9242.4597146156
  0.0958958459	  0.9882130085	686.2511565774	222222.0000000000	333333.0000000000	285714.0000000000	 30.0000000000	 24.0000000000	 24.0000000000	  0.0000000000	  0.0000000000	  0.0000000000	  0.1412488033	 24.1621453391	831097.4347149475	 -6.7066642614	 20.5856895466	-6369.4069696085
  0.0992232850	  0.9895316499	688.3644766972	206897.0000000000	222222.0000000000	352941.0000000000	 30.0000000000	 30.0000000000	 18.0000000000	  0.0000000000	  0.0000000000	  0.0000000000	  0.1055804694	 21.6549453530	755675.0190562304	  6.8454730726	-78.7427093600	3120.8098259208
  0.1008041667	  0.9989420419	687.7693854338	240000.0000000000	315789.0000000000	300000.0000000000	 30.0000000000	 24.0000000000	 24.0000000000	  0.0000000000	  1.0000000000	  0.0000000000	  0.1450674425	 38.6529398598	759013.9158234244	  4.7670797509	 29.8695349269	4828.3769620516
  0.1005108121	  0.9924995734	686.6733322449	193548.0000000000	272727.0000000000	260870.0000000000	 36.0000000000	 24.0000000000	 24.0000000000	  0.0000000000	  0.0000000000	  0.0000000000	  0.1130239918	 12.7743794053	1015030.8488922376	 -9.0568470514	 30.1832299875	10160.7461719529
  0.1030672222	  1.0010046259	686.6440304195	300000.0000000000	300000.0000000000	500000.0000000000	 24.0000000000	 24.0000000000	 18.0000000000	  0.0000000000	  0.0000000000	  0.0000000000	  0.1286011188	 42.3910589786	1237051.7583373091	 -2.2918531432	-36.5421817738	-1007.5576595079
  0.1022347600	  1.0053584632	685.9764607667	193548.0000000000	272727.0000000000	272727.0000000000	 36.0000000000	 24.0000000000	 24.0000000000	  0.0000000000	  0.0000000000	  0.0000000000	  0.0836336805	  8.7289293543	1025121.0279311754	 -8.3033746166	-26.0172949442	-8183.8752839248
  0.1025377778	  0.9972492458	685.7553721022	187500.0000000000	214286.0000000000	500000.0000000000	 36.0000000000	 30.0000000000	 18.0000000000	  0.0000000000	  0.0000000000	  0.0000000000	  0.1109177886	 11.4568360164	647482.1870406240	-10.6426772329	 62.0537971144	887.3998282428
  0.0989401545	  1.0027183629	684.3278881570	162162.0000000000	333333.0000000000	285714.0000000000	 42.0000000000	 24.0000000000	 24.0000000000	  0.0000000000	  0.0000000000	  0.0000000000	  0.1078927426	 26.1177455883	965014.4280403078	 16.3696799538	-22.0527861770	7009.9362403036
  0.1021098243	  0.9861401950	687.0370541568	162162.0000000000	200000.0000000000	230769.0000000000	 42.0000000000	 36.0000000000	 30.0000000000	  0.0000000000	  0.0000000000	  0.0000000000	  0.0725066605	 14.2345602560	622640.7933593947	-13.9884847887	 94.3874456544	-11648.2396603316
  0.1029353529	  1.0090230801	686.7228035950	222222.0000000000	285714.0000000000	600000.0000000000	 30.0000000000	 24.0000000000	 12.0000000000	  0.0000000000	  0.0000000000	  0.0000000000	  0.0807399089	 15.1860582355	2122759.9652288710	 -5.0162761894	-27.1028141447	-762.5271426138
  0.1001937778	  0.9988247126	685.9841801932	187500.0000000000	187500.0000000000	285714.0000000000	 36.0000000000	 36.0000000000	 24.0000000000	  0.0000000000	  0.0000000000	  0.0000000000	  0.0828610633	 17.4225378978	1324983.3812058864	 -9.3693682724	-130.8230075876	-8751.1395444320
  0.1001627778	  0.9925215448	690.6726697546	300000.0000000000	428571.0000000000	285714.0000000000	 24.0000000000	 18.0000000000	 24.0000000000	  0.0000000000	  0.0000000000	  0.0000000000	  0.0893244395	 14.3826670161	1975314.6708900246	  1.6430655086	 -6.0542599221	-10608.2638397557
  0.0964550409	  0.9979895463	687.1913048959	230769.0000000000	206897.0000000000	500000.0000000000	 30.0000000000	 30.0000000000	 18.0000000000	  0.0000000000	  0.0000000000	  0.0000000000	  0.0713219968	 15.1335186334	1772023.9032174151	 -4.1483481608	-86.6224723467	1182.3622479346
  0.0996585997	  0.9997750326	685.2224777933	222222.0000000000	352941.0000000000	272727.0000000000	 30.0000000000	 18.0000000000	 24.0000000000	  0.0000000000	  0.0000000000	  0.0000000000	  0.0654422749	 14.5903085354	634073.3563449256	  4.3004432484	 13.2899850598	6908.1001619557
  0.0990733971	  1.0037769256	689.8427123035	146341.0000000000	250000.0000000000	240000.0000000000	 42.0000000000	 30.0000000000	 30.0000000000	  0.0000000000	  0.0000000000	  0.0000000000	  0.0805321965	 27.4257498562	1479845.8904561682	 21.1605254255	-59.5380879635	15750.4572875341
  0.0988024321	  1.0046003734	686.2818129127	162162.0000000000	333333.0000000000	250000.0000000000	 42.0000000000	 24.0000000000	 30.0000000000	  0.0000000000	  0.0000000000	  0.0000000000	  0.1343100542	 28.4011321137	736200.4262277231	-18.1956301858	-23.6526645068	-9974.6292477491
  0.0994965278	  0.9970370996	686.2969402403	240000.0000000000	428571.0000000000	300000.0000000000	 30.0000000000	 18.0000000000	 24.0000000000	  0.0000000000	  0.0000000000	  0.0000000000	  0.0998439528	 34.7444730661	636739.0881703980	 -4.0964379537	  9.0889194532	-4430.8186510653
  0.0976564588	  1.0023741488	685.4040254345	162162.0000000000	230769.0000000000	230769.0000000000	 42.0000000000	 30.0000000000	 30.0000000000	  0.0000000000	  0.0000000000	  0.0000000000	  0.0813523472	 16.2602245387	677911.1328110989	 14.4126648435	-56.8155864476	-11819.3734663133
  0.0984314206	  1.0053023253	684.9929646375	171429.0000000000	260870.0000000000	375000.0000000000	 36.0000000000	 24.0000000000	 18.0000000000	  0.0000000000	  0.0000000000	  0.0000000000	  0.0727075758	 18.3751807910	1556548.5867218000	-10.8723027788	-44.8942939121	3559.4488126331
  0.0977019186	  0.9931952207	685.9203560779	545455.0000000000	352941.0000000000	214286.0000000000	 12.0000000000	 18.0000000000	 30.0000000000	  0.0000000000	  0.0000000000	  0.0000000000	  0.0822123376	 28.9015056755	920399.4213206682	  0.1979297485	-19.4630510696	-17771.5823953409
  0.0996853333	  1.0174924874	688.9292152688	250000.0000000000	171429.0000000000	260870.0000000000	 30.0000000000	 36.0000000000	 24.0000000000	  0.0000000000	  0.0000000000	  0.0000000000	  0.0715293015	  8.4875366874	517739.8724730064	 -3.0085743556	-117.8620638872	-6565.9216832132
  0.1025341025	  0.9802284078	686.2821899572	222222.0000000000	214286.0000000000	260870.0000000000	 30.0000000000	 30.0000000000	 24.0000000000	  0.0000000000	  0.0000000000	  0.0000000000	  0.0660244961	 11.7827549081	933495.5256925812	  4.3570897839	 62.7133466678	-9933.8642477178
  0.0994641667	  1.0021515727	684.6526324128	200000.0000000000	600000.0000000000	545455.0000000000	 36.0000000000	 12.0000000000	 12.0000000000	  0.0000000000	  0.0000000000	  0.0000000000	  0.1169639693	 32.4691441802	1056481.8935600137	 -8.5514642651	  2.9347238648	-802.2450106301
  0.1029357043	  1.0129766547	690.5503919610	176471.0000000000	200000.0000000000	260870.0000000000	 36.0000000000	 36.0000000000	 24.0000000000	  0.0000000000	  0.0000000000	  0.0000000000	  0.1333236899	 14.9005666514	1125030.9533657879	 13.5243068123	 97.5250098063	-10188.8816273183
  0.0979555556	  0.9934085099	687.8773082302	240000.0000000000	206897.0000000000	352941.0000000000	 30.0000000000	 30.0000000000	 18.0000000000	  0.0000000000	  0.0000000000	  0.0000000000	  0.0830195534	  5.8679099350	598453.0261384555	 -3.6565030720	 52.0396292174	2863.2629864738
  0.1026286026	  0.9836284310	689.2001717010	461538.0000000000	285714.0000000000	375000.0000000000	 18.0000000000	 24.0000000000	 18.0000000000	  0.0000000000	  0.0000000000	  0.0000000000	  0.1160772119	 30.7988807985	1642523.3571703692	  0.4258579861	-41.0678895047	-3397.3698883042
  0.0976920977	  0.9881787675	683.4714468809	285714.0000000000	428571.0000000000	230769.0000000000	 24.0000000000	 18.0000000000	 30.0000000000	  0.0000000000	  0.0000000000	  0.0000000000	  0.0992004654	 27.9271742881	1834639.0854238134	  2.1012057814	  8.1182979635	-21468.6301792994
  0.1008527778	  0.9769861412	687.0221634261	240000.0000000000	230769.0000000000	375000.0000000000	 30.0000000000	 30.0000000000	 18.0000000000	  0.0000000000	  0.0000000000	  0.0000000000	  0.0827444791	  6.7887797215	1042200.3740163688	 -3.8425005345	-36.9085675799	-2964.3485724047
  0.0988019804	  0.9906222094	689.6195004012	206897.0000000000	300000.0000000000	272727.0000000000	 30.0000000000	 24.0000000000	 24.0000000000	  0.0000000000	  0.0000000000	  0.0000000000	  0.1300868128	 17.2349929528	760161.3088336278	 -7.4358259260	 24.7033830193	-7494.5851001208
  0.0990111111	  0.9860264503	684.9835943425	150000.0000000000	206897.0000000000	750000.0000000000	 42.0000000000	 30.0000000000	 12.0000000000	  0.0000000000	  0.0000000000	  0.0000000000	  0.0895872458	 17.6299460092	1920031.8661508579	 20.6147640847	 89.0390423363	303.8836443048
  0.0998620892	  0.9967918340	685.6089092571	206897.0000000000	315789.0000000000	250000.0000000000	 30.0000000000	 24.0000000000	 30.0000000000	  0.0000000000	  0.0000000000	  0.0000000000	  0.1356208208	 26.4932815369	1588364.7580165486	 -7.6943549218	-26.3365179635	-14601.6615773072
  0.1008560453	  0.9945853318	686.5940909025	272727.0000000000	222222.0000000000	285714.0000000000	 24.0000000000	 30.0000000000	 24.0000000000	  0.0000000000	  0.0000000000	  0.0000000000	  0.1303877454	 24.2295669564	1243538.7383197923	 -2.9908985219	-80.7391811225	-7602.9958058964
  0.1016370962	  0.9891008661	688.3137279466	176471.0000000000	272727.0000000000	333333.0000000000	 36.0000000000	 24.0000000000	 24.0000000000	  0.0000000000	  0.0000000000	  0.0000000000	  0.1055736185	 13.9355185718	1438810.1350364061	-12.3144427812	-31.9439137538	-4849.9688715027
  0.1009672070	  0.9908072284	683.4595559433	315789.0000000000	352941.0000000000	400000.0000000000	 24.0000000000	 18.0000000000	 18.0000000000	  0.0000000000	  0.0000000000	  0.0000000000	  0.0838534632	 21.5835096155	1598984.5917849413	  1.5399394041	-16.7289858876	2738.1790011265
  0.1010393510	  1.0020534495	687.5812385515	153846.0000000000	187500.0000000000	300000.0000000000	 42.0000000000	 36.0000000000	 24.0000000000	  0.0000000000	  0.0000000000	  0.0000000000	  0.0746339728	 11.1200308353	2379402.7709011692	-16.3505961716	-104.4878946748	-9161.5626136703
  0.0996358333	  0.9799455733	689.0338063284	400000.0000000000	315789.0000000000	545455.0000000000	 18.0000000000	 24.0000000000	 12.0000000000	  0.0000000000	  0.0000000000	  0.0000000000	  0.0889928002	 26.0875998396	1258171.2412460470	  0.6929840295	-23.5080488054	842.6625223507
  0.1005250000	  0.9861722227	688.7566511999	200000.0000000000	428571.0000000000	400000.0000000000	 36.0000000000	 18.0000000000	 18.0000000000	  0.0000000000	  0.0000000000	  0.0000000000	  0.0727903633	 27.6864783106	1346510.8431918288	  6.5877650563	  8.8103653575	-2530.8203291831
  0.0997791667	  1.0064173016	687.3637118641	200000.0000000000	222222.0000000000	285714.0000000000	 36.0000000000	 30.0000000000	 24.0000000000	  0.0000000000	  0.0000000000	  0.0000000000	  0.0960486599	 41.0044192930	781379.3755953274	 -7.6284637448	-108.6009732347	5963.1935059344
  0.0998523995	  0.9818454921	682.8696427578	146341.0000000000	300000.0000000000	500000.0000000000	 42.0000000000	 24.0000000000	 18.0000000000	  0.0000000000	  0.0000000000	  0.0000000000	  0.0618268226	 11.1042489400	1180919.0916871929	 18.2440294666	 19.6577894079	-1213.5293439415
  0.1028590278	  0.9961354447	689.0450100660	240000.0000000000	315789.0000000000	461538.0000000000	 30.0000000000	 24.0000000000	 18.0000000000	  0.0000000000	  0.0000000000	  0.0000000000	  0.1332434421	 26.9031212911	1829565.8744450617	  4.9070022588	 25.8085171784	-1972.1226817703
  0.1001022221	  0.9925487422	687.1858725997	260870.0000000000	315789.0000000000	400000.0000000000	 24.0000000000	 24.0000000000	 18.0000000000	  0.0000000000	  0.0000000000	  0.0000000000	  0.0743889786	 16.3337456997	1277270.1242652920	  2.5659598871	-20.7496975700	2259.9332619661
  0.0997819609	  1.0044442733	687.6244686177	461538.0000000000	272727.0000000000	461538.0000000000	 18.0000000000	 24.0000000000	 18.0000000000	  0.0000000000	  0.0000000000	  0.0000000000	  0.0659081979	 26.3673216597	2203395.8383430052	  0.3765703380	-41.5886900496	1955.3819409397
  0.1010199849	  0.9974422462	685.5872237144	315789.0000000000	600000.0000000000	315789.0000000000	 24.0000000000	 12.0000000000	 24.0000000000	  0.0000000000	  0.0000000000	  0.0000000000	  0.0994663310	 14.6392636994	660343.5496607833	  1.5575718314	  2.0976826305	3703.8467116085
  0.1014697681	  0.9993086856	685.0389415073	428571.0000000000	352941.0000000000	333333.0000000000	 18.0000000000	 18.0000000000	 24.0000000000	  0.0000000000	  0.0000000000	  0.0000000000	  0.1286893195	 20.8176637027	1345167.7619314883	 -0.6733171153	-15.2630373508	5135.4140088735
  0.1016834200	  0.9946708424	687.0063884794	214286.0000000000	352941.0000000000	352941.0000000000	 30.0000000000	 18.0000000000	 18.0000000000	  0.0000000000	  0.0000000000	  0.0000000000	  0.1170939468	 23.1502489367	1461599.3564823738	 -6.7366646691	-17.0185800461	4314.3797085797
  0.1016138889	  0.9931184883	686.0305098421	240000.0000000000	375000.0000000000	272727.0000000000	 30.0000000000	 18.0000000000	 24.0000000000	  0.0000000000	  0.0000000000	  0.0000000000	  0.0910395834	 21.2582039072	735688.8489610528	  3.7728153546	-12.1179760754	6683.6561780378
  0.0988737778	  1.0001374279	684.1855823786	187500.0000000000	333333.0000000000	600000.0000000000	 36.0000000000	 24.0000000000	 12.0000000000	  0.0000000000	  0.0000000000	  0.0000000000	  0.1168423831	 40.7224579810	1222162.5358392266	-10.1139959796	 28.3145909094	574.6969148632
  0.0988368023	  1.0027440050	685.8083846735	166667.0000000000	187500.0000000000	315789.0000000000	 42.0000000000	 36.0000000000	 24.0000000000	  0.0000000000	  0.0000000000	  0.0000000000	  0.0668113070	  7.5175746750	682154.8631684594	-11.6208923108	-81.2857378164	-4131.7174313877
  0.1008381667	  1.0004574100	686.4470838414	1000000.0000000000	352941.0000000000	400000.0000000000	 12.0000000000	 18.0000000000	 18.0000000000	  0.0000000000	  0.0000000000	  0.0000000000	  0.1195416055	 18.6007641950	2259775.1533527994	  0.0342820965	 15.7652939117	3098.9554742215
  0.0986348486	  0.9872658126	686.6950170735	222222.0000000000	206897.0000000000	285714.0000000000	 30.0000000000	 30.0000000000	 24.0000000000	  0.0000000000	  0.0000000000	  0.0000000000	  0.0665831830	  5.2013446092	992618.2251196718	  4.4355232861	-47.1153763766	7350.0470077072
  0.1011020178	  0.9925686451	684.2120386993	181818.0000000000	206897.0000000000	333333.0000000000	 36.0000000000	 30.0000000000	 24.0000000000	  0.0000000000	  0.0000000000	  0.0000000000	  0.0819253260	 10.8780235127	1590456.9373537099	 -9.4659685556	-70.6837424143	-5555.8178889974
  0.1012800000	  0.9901250091	687.6896750789	187500.0000000000	200000.0000000000	315789.0000000000	 36.0000000000	 36.0000000000	 24.0000000000	  0.0000000000	  0.0000000000	  0.0000000000	  0.0911070809	 12.0556330468	1044169.5569816742	 -8.8444913339	-82.1675344572	5525.5680237613
  0.1028277571	  1.0088624780	683.7062140749	133333.0000000000	240000.0000000000	375000.0000000000	 48.0000000000	 30.0000000000	 18.0000000000	  0.0000000000	  0.0000000000	  0.0000000000	  0.0716288337	 13.5847964345	1136915.6222791045	 27.2638563681	-46.6377148154	-3098.5148015692
  0.1010131010	  0.9887372703	686.0169536743	333333.0000000000	666667.0000000000	315789.0000000000	 24.0000000000	 12.0000000000	 24.0000000000	  0.0000000000	  0.0000000000	  0.0000000000	  0.0704558199	 25.1454908272	1602451.0814090220	 -1.0491238852	 -1.7324098668	6752.5035193411
  0.1009600000	  1.0008450552	687.2565297528	200000.0000000000	214286.0000000000	222222.0000000000	 36.0000000000	 30.0000000000	 30.0000000000	  0.0000000000	  0.0000000000	  0.0000000000	  0.1341054676	 19.1989604055	1124166.9333657434	 -8.5467405029	-90.1604768111	-18940.4776375846
  0.1012651470	  0.9976488375	684.3827495116	193548.0000000000	187500.0000000000	260870.0000000000	 36.0000000000	 36.0000000000	 24.0000000000	  0.0000000000	  0.0000000000	  0.0000000000	  0.1489920289	 11.8920806342	878349.3658908296	-11.0635235840	101.9777705293	-9633.5614706750
  0.1013193333	  0.9932150745	686.9655455857	250000.0000000000	400000.0000000000	461538.0000000000	 30.0000000000	 18.0000000000	 18.0000000000	  0.0000000000	  0.0000000000	  0.0000000000	  0.1392051346	 22.0782631824	1287235.8604897584	  4.0094110012	 11.2958263754	1646.6814770666
  0.1013986014	  0.9886511889	685.2860996406	162162.0000000000	375000.0000000000	260870.0000000000	 42.0000000000	 18.0000000000	 24.0000000000	  0.0000000000	  0.0000000000	  0.0000000000	  0.1510921737	 25.9534519546	847967.0507654002	-19.2513485270	-13.9158467302	-9537.0732844226
  0.1004941993	  0.9870052824	684.9452603065	214286.0000000000	250000.0000000000	750000.0000000000	 30.0000000000	 30.0000000000	 12.0000000000	  0.0000000000	  0.0000000000	  0.0000000000	  0.1190939913	 25.7326624817	660431.7284817927	  6.4978352501	 54.1298798312	-239.1159377417
  0.1021962060	  0.9997725908	685.9388914721	176471.0000000000	187500.0000000000	206897.0000000000	 36.0000000000	 36.0000000000	 30.0000000000	  0.0000000000	  0.0000000000	  0.0000000000	  0.1124539830	 20.1113667155	759778.5898338956	 12.8334198612	-142.4933726275	-18278.7919445628
  0.0992737790	  1.0113532775	686.4917507051	157895.0000000000	230769.0000000000	500000.0000000000	 42.0000000000	 30.0000000000	 18.0000000000	  0.0000000000	  0.0000000000	  0.0000000000	  0.1050450505	 12.0362046841	2234573.8640718022	 18.4167225706	 50.6813700718	-1505.5267637290
  0.1007254341	  0.9842899978	686.0965178360	428571.0000000000	300000.0000000000	260870.0000000000	 18.0000000000	 24.0000000000	 24.0000000000	  0.0000000000	  0.0000000000	  0.0000000000	  0.1041527043	 16.6025698888	759446.9033052918	 -0.5236451093	-24.6718963558	8917.8386172997
  0.1007711008	  0.9992370959	685.4737576920	333333.0000000000	240000.0000000000	230769.0000000000	 24.0000000000	 30.0000000000	 30.0000000000	  0.0000000000	  0.0000000000	  0.0000000000	  0.0656719738	 31.3357094225	1165743.7063056403	 -1.0317111756	-77.1463305885	15691.1693641593
  0.0997093333	  1.0011541763	685.2461919372	187500.0000000000	250000.0000000000	352941.0000000000	 36.0000000000	 30.0000000000	 18.0000000000	  0.0000000000	  0.0000000000	  0.0000000000	  0.1352555715	 21.1564149929	1134734.5203944969	 11.0689955661	 50.9756184193	-3313.4546870543
  0.1026379915	  0.9913710394	689.6466373551	230769.0000000000	375000.0000000000	352941.0000000000	 30.0000000000	 18.0000000000	 18.0000000000	  0.0000000000	  0.0000000000	  0.0000000000	  0.0628776884	  8.5833215816	1289624.3618057037	  3.7746137205	 -7.6359895400	3825.8052152515
  0.1005564215	  1.0297437205	687.2340233142	214286.0000000000	272727.0000000000	230769.0000000000	 30.0000000000	 24.0000000000	 30.0000000000	  0.0000000000	  0.0000000000	  0.0000000000	  0.1093224088	 15.4257154305	1945353.4909049820	 -6.2036457543	-31.6571755792	21177.1138314552
  0.1001311557	  0.9888975426	689.7841251526	230769.0000000000	333333.0000000000	333333.0000000000	 30.0000000000	 24.0000000000	 24.0000000000	  0.0000000000	  0.0000000000	  0.0000000000	  0.1246333665	 14.0353389001	472057.2403898221	  5.2939418705	 15.5161954046	-2829.1831010526
  0.0986693333	  0.9699284954	686.5225615250	375000.0000000000	352941.0000000000	352941.0000000000	 18.0000000000	 18.0000000000	 18.0000000000	  0.0000000000	  0.0000000000	  0.0000000000	  0.1009036668	 25.9092667235	742102.8644827573	  0.8073742500	-15.9049146843	2680.6831174409
  0.0991344459	  0.9863427340	686.6675637784	157895.0000000000	600000.0000000000	315789.0000000000	 42.0000000000	 12.0000000000	 24.0000000000	  0.0000000000	  0.0000000000	  0.0000000000	  0.0906183279	 20.7922754743	1717927.5670055295	 16.4058849756	  2.1765665939	6117.6484473271
  0.1000483333	  0.9935093456	686.8285415134	1000000.0000000000	176471.0000000000	352941.0000000000	 12.0000000000	 36.0000000000	 18.0000000000	  0.0000000000	  0.0000000000	  0.0000000000	  0.0965234040	 18.5162355926	1653096.8913000580	  0.0312564579	172.9371218284	3982.0041776366
  0.0980811814	  0.9987798929	687.6945572887	285714.0000000000	300000.0000000000	222222.0000000000	 24.0000000000	 24.0000000000	 30.0000000000	  0.0000000000	  0.0000000000	  0.0000000000	  0.1053720635	 25.1526818497	593916.8742928782	  2.2973900190	 29.7975891166	-12817.5230818660
  0.1006689156	  1.0085263420	683.7514278401	260870.0000000000	222222.0000000000	545455.0000000000	 24.0000000000	 30.0000000000	 12.0000000000	  0.0000000000	  0.0000000000	  0.0000000000	  0.0895008877	 21.4272976012	1033460.2208637787	  2.9956478482	-78.0717899007	-802.1877099934
  0.1010404344	  0.9873009458	683.6910626134	230769.0000000000	181818.0000000000	545455.0000000000	 30.0000000000	 36.0000000000	 12.0000000000	  0.0000000000	  0.0000000000	  0.0000000000	  0.0565653762	  5.7395986872	681651.3364569271	  3.7631274406	-82.1529049028	-648.1492762619
  0.1001340000	  1.0040501144	683.0540688630	250000.0000000000	300000.0000000000	545455.0000000000	 30.0000000000	 24.0000000000	 12.0000000000	  0.0000000000	  0.0000000000	  0.0000000000	  0.0976625850	 16.4578490686	1349590.2436576674	  3.3403061725	-24.8619866236	861.5388677305
  0.1008281008	  1.0040282753	687.8861253887	153846.0000000000	200000.0000000000	352941.0000000000	 42.0000000000	 36.0000000000	 18.0000000000	  0.0000000000	  0.0000000000	  0.0000000000	  0.0883763261	 21.6552008242	1951067.0914182351	-17.9482646800	-118.5323975351	4960.9245045406
  0.1002149891	  1.0110752021	689.0129515902	272727.0000000000	375000.0000000000	375000.0000000000	 24.0000000000	 18.0000000000	 18.0000000000	  0.0000000000	  0.0000000000	  0.0000000000	  0.1174196384	 13.2113214146	1133546.1707615980	  2.6453746607	-10.1277502114	2609.5439908185
  0.0985324444	  0.9941711610	688.4227746068	187500.0000000000	214286.0000000000	750000.0000000000	 36.0000000000	 30.0000000000	 12.0000000000	  0.0000000000	  0.0000000000	  0.0000000000	  0.1186487115	 29.9583016584	1874792.7355066407	 10.3872868280	-107.6000634954	350.7118980798
  0.1009862677	  1.0216473465	685.4897535514	153846.0000000000	200000.0000000000	461538.0000000000	 42.0000000000	 36.0000000000	 18.0000000000	  0.0000000000	  0.0000000000	  0.0000000000	  0.1125798274	 12.4084522525	1219485.0123703391	-21.3504212099	-87.6061133767	-1562.6714615385
  0.0990625435	  1.0115365891	691.1359522083	428571.0000000000	272727.0000000000	272727.0000000000	 18.0000000000	 24.0000000000	 24.0000000000	  0.0000000000	  0.0000000000	  0.0000000000	  0.1054382329	 28.8428425130	889049.4088223918	 -0.5920388424	-45.1724015930	-7640.7891551545
  0.1017195509	  1.0027332569	683.2653835808	352941.0000000000	333333.0000000000	230769.0000000000	 18.0000000000	 24.0000000000	 30.0000000000	  0.0000000000	  0.0000000000	  0.0000000000	  0.1230102712	 36.5280846549	1776350.9078844159	 -1.0788618403	-27.2822072937	19151.9510174980
  0.0995855996	  1.0060722774	686.6751639238	162162.0000000000	214286.0000000000	315789.0000000000	 42.0000000000	 30.0000000000	 24.0000000000	  0.0000000000	  0.0000000000	  0.0000000000	  0.0908061811	 23.5490828074	2015801.7298577821	 15.3824069536	-96.1205333841	-7457.1804049226
