  0.1010945274	  1.0372428669	693.9146902982	10050.0000000000	17094.0000000000	14870.0000000000	398.0000000000	234.0000000000	269.0000000000	  0.0000000000	  0.0000000000	  0.0000000000	  0.0378190902	  9.2107298202	2678519.1890670490	  0.5467484504	  3.8481505688	2557.4525901164
  0.1147820287	  1.0888750300	698.0067163957	137931.0000000000	27972.0000000000	12500.0000000000	 29.0000000000	143.0000000000	320.0000000000	  0.0000000000	  0.0000000000	  0.0000000000	  0.1017298696	 27.4430444410	1075839.1959798394	  0.0173273769	  3.1544819725	2100.6907332920
  0.1091062773	  0.9750784626	694.4942793435	57971.0000000000	18605.0000000000	15504.0000000000	 69.0000000000	215.0000000000	258.0000000000	  0.0000000000	  0.0000000000	  0.0000000000	  0.0852541176	 13.0681323674	2860272.8496410204	  0.0595997275	  4.0185161837	2478.2536535129
  0.0972280731	  1.0729310401	681.3438731945	11869.0000000000	17021.0000000000	13889.0000000000	337.0000000000	235.0000000000	288.0000000000	  0.0000000000	  0.0000000000	  0.0000000000	  0.0953585143	 27.1622960513	1357744.5462912575	  0.6741772240	  6.6559235345	2017.1476207887
  0.0997244979	  1.0377717526	677.4523471596	27586.0000000000	21053.0000000000	9592.0000000000	145.0000000000	190.0000000000	417.0000000000	  0.0000000000	  0.0000000000	  0.0000000000	  0.0802638818	 15.1172097409	640873.7983188571	  0.1743549522	  3.5936634307	2409.5084835541
  0.0949402024	  1.0351887248	701.7731780600	10870.0000000000	15625.0000000000	10638.0000000000	368.0000000000	256.0000000000	376.0000000000	  0.0000000000	  0.0000000000	  0.0000000000	  0.0671190757	 14.1607578248	920668.9583650406	  0.6457971239	  5.4518520004	2474.9399300174
  0.0980212158	  1.0342810521	693.3779351534	9804.0000000000	11364.0000000000	14599.0000000000	408.0000000000	352.0000000000	274.0000000000	  0.0000000000	  0.0000000000	  0.0000000000	  0.0802768378	 11.4345180977	2086250.6960410350	  0.8248770347	  7.8848290968	2314.1299117532
  0.0986149584	  1.0367977260	711.9296650148	14440.0000000000	12903.0000000000	10724.0000000000	277.0000000000	310.0000000000	373.0000000000	  0.0000000000	  0.0000000000	  0.0000000000	  0.0645821685	  8.3941234262	886853.5824772394	  0.4138720329	  5.5852084211	2397.5848968471
  0.1032648261	  1.0340632704	689.2675027229	17857.0000000000	13158.0000000000	10554.0000000000	224.0000000000	304.0000000000	379.0000000000	  0.0000000000	  0.0000000000	  0.0000000000	  0.1048167878	  9.8640513546	742335.8139616817	  0.3839337019	  5.8949726153	2246.4182204484
  0.1041908132	  1.0652259089	689.3871623043	16393.0000000000	13746.0000000000	12539.0000000000	244.0000000000	291.0000000000	319.0000000000	  0.0000000000	  0.0000000000	  0.0000000000	  0.0909294076	 16.4625222250	1123363.4446802419	  0.4063511737	  7.1265518791	2136.9826682231
  0.1044226044	  1.0252326283	699.7846802825	17094.0000000000	11050.0000000000	10204.0000000000	234.0000000000	362.0000000000	392.0000000000	  0.0000000000	  0.0000000000	  0.0000000000	  0.1057614878	 12.9075123647	663779.1347659546	  0.4105658898	  8.7504562442	2238.0898454244
  0.1037396122	  0.9277446245	703.9028513930	14440.0000000000	7477.0000000000	12780.0000000000	277.0000000000	535.0000000000	313.0000000000	  0.0000000000	  0.0000000000	  0.0000000000	  0.1058810075	  7.3671632911	1211026.8444221353	  0.5295377274	 11.8623039223	2159.1894211976
  0.1045763007	  1.0252622314	705.6696284332	11494.0000000000	11869.0000000000	11461.0000000000	348.0000000000	337.0000000000	349.0000000000	  0.0000000000	  0.0000000000	  0.0000000000	  0.0575472390	  7.1454327310	991078.5421668974	  0.5509242818	  5.8458075805	2295.1077394660
  0.1024224394	  1.0331086412	689.1228741435	11765.0000000000	16194.0000000000	11765.0000000000	340.0000000000	247.0000000000	340.0000000000	  0.0000000000	  0.0000000000	  0.0000000000	  0.0825229674	 31.0033354256	1215451.6006529226	  0.6358350677	  7.6595942238	2443.1435364273
  0.0959163010	  1.0860432931	694.2538907614	14815.0000000000	35714.0000000000	12308.0000000000	270.0000000000	112.0000000000	325.0000000000	  0.0000000000	  0.0000000000	  0.0000000000	  0.1048232043	 58.2329125804	1367172.2517103758	  0.5088169539	  3.2079774264	2423.4866506103
  0.0963266731	  0.9803518516	665.6072302898	11461.0000000000	10989.0000000000	12012.0000000000	349.0000000000	364.0000000000	333.0000000000	  0.0000000000	  0.0000000000	  0.0000000000	  0.0899931671	 14.1471526425	1097158.7821084559	  0.6913784629	  9.2228489859	2251.4640129396
  0.0981940361	  1.0131978692	693.3015974577	11905.0000000000	11050.0000000000	13699.0000000000	336.0000000000	362.0000000000	292.0000000000	  0.0000000000	  0.0000000000	  0.0000000000	  0.1105230182	 18.7391772363	1553279.8785873181	  0.7234639850	 10.5408406168	2203.2704161872
  0.1006902152	  0.9960821620	686.1359675484	9852.0000000000	6780.0000000000	9804.0000000000	406.0000000000	590.0000000000	408.0000000000	  0.0000000000	  0.0000000000	  0.0000000000	  0.0964631916	  7.1389078932	943792.8066496047	  0.8986260307	 13.5357870324	2827.1261790151
  0.1043091655	  0.9920243964	684.6139189447	23392.0000000000	14440.0000000000	13201.0000000000	171.0000000000	277.0000000000	303.0000000000	  0.0000000000	  0.0000000000	  0.0000000000	  0.1290133883	 22.0132863152	1386788.1842913760	  0.2841870016	  7.6671807776	2200.5883257856
  0.1057302908	  1.0667797594	702.2320550083	41237.0000000000	10127.0000000000	9153.0000000000	 97.0000000000	395.0000000000	437.0000000000	  0.0000000000	  0.0000000000	  0.0000000000	  0.0978640234	  5.3322582031	471845.1358619615	  0.1054210132	  6.4184263321	2219.6200734027
  0.1050143855	  1.0188407850	689.8885757628	9732.0000000000	15444.0000000000	13468.0000000000	411.0000000000	259.0000000000	297.0000000000	  0.0000000000	  0.0000000000	  0.0000000000	  0.0809533099	 27.7948895588	2045120.4961925801	  0.8371323365	  7.7906856882	2586.9963472094
  0.1066643567	  1.0571308864	702.3498034554	17316.0000000000	9685.0000000000	11730.0000000000	231.0000000000	413.0000000000	341.0000000000	  0.0000000000	  0.0000000000	  0.0000000000	  0.0799724167	  4.8851774811	829277.0917191056	  0.3503136589	  6.5500578211	2024.2542636877
  0.1165187500	  1.0263252178	698.1425500228	160000.0000000000	14035.0000000000	11019.0000000000	 25.0000000000	285.0000000000	363.0000000000	  0.0000000000	  0.0000000000	  0.0000000000	  0.1330606152	 25.7211268434	1011228.8410327011	 -0.0159616724	  8.6171039981	2461.4980856057
  0.1031985516	  1.0514305266	690.0693754939	28169.0000000000	8247.0000000000	11561.0000000000	142.0000000000	485.0000000000	346.0000000000	  0.0000000000	  0.0000000000	  0.0000000000	  0.0833313809	  4.1170562140	810947.4413636057	  0.1729560534	  7.6578646076	2052.2587242286
  0.1016897456	  0.9903244345	667.9029062484	16393.0000000000	18349.0000000000	14599.0000000000	244.0000000000	218.0000000000	274.0000000000	  0.0000000000	  0.0000000000	  0.0000000000	  0.0478158262	 13.8876565156	1629707.9578242055	  0.2949248539	  4.2429411910	2050.4250123246
  0.1011361938	  0.9979187858	689.3860363902	13378.0000000000	12945.0000000000	11396.0000000000	299.0000000000	309.0000000000	351.0000000000	  0.0000000000	  0.0000000000	  0.0000000000	  0.0901187744	 13.6787803290	1240806.6444515933	  0.5474151798	  7.1132467558	2584.7931073340
  0.0980406128	  0.9872421353	680.2642524901	14035.0000000000	13746.0000000000	11494.0000000000	285.0000000000	291.0000000000	348.0000000000	  0.0000000000	  0.0000000000	  0.0000000000	  0.1024071563	 24.0619267565	1116268.5995024103	  0.5455695818	  8.5929790667	2426.9298836028
  0.0981540982	  1.0334289906	690.7741294009	15873.0000000000	12739.0000000000	10782.0000000000	252.0000000000	314.0000000000	371.0000000000	  0.0000000000	  0.0000000000	  0.0000000000	  0.1346970166	 21.5478103609	770798.1897717630	  0.5180458923	  9.1496169833	2216.6899232056
  0.1006412971	  1.0557357148	692.4617776046	33058.0000000000	10929.0000000000	12945.0000000000	121.0000000000	366.0000000000	309.0000000000	  0.0000000000	  0.0000000000	  0.0000000000	  0.1142397801	  7.5882585179	1840561.9024376785	 -0.1588210110	  6.8138403760	2601.1415286853
  0.1024353367	  0.9969670518	681.4289945076	18519.0000000000	13514.0000000000	10444.0000000000	216.0000000000	296.0000000000	383.0000000000	  0.0000000000	  0.0000000000	  0.0000000000	  0.1416037292	 30.4922145373	731208.1234739627	  0.4216992274	  9.9309639713	2264.7983194849
  0.0995294681	  1.0463239358	673.8571488714	12539.0000000000	12658.0000000000	10554.0000000000	319.0000000000	316.0000000000	379.0000000000	  0.0000000000	  0.0000000000	  0.0000000000	  0.0666456400	 13.9007091141	748107.2789534390	  0.5207706626	  7.4154670322	2252.1586530304
  0.1031593894	  0.9837948973	695.9255570348	14085.0000000000	11940.0000000000	10724.0000000000	284.0000000000	335.0000000000	373.0000000000	  0.0000000000	  0.0000000000	  0.0000000000	  0.0643026683	  7.7125232643	873685.9621229350	  0.4289554814	  6.0330794958	2384.7498162570
  0.1049401049	  1.0562513610	700.4736334597	20202.0000000000	17857.0000000000	11494.0000000000	198.0000000000	224.0000000000	348.0000000000	  0.0000000000	  0.0000000000	  0.0000000000	  0.1422949562	 40.4761772753	938671.0842892308	  0.3710818527	  7.5365600552	2219.9104265997
  0.1006308569	  1.0022917485	706.9849451468	16327.0000000000	17167.0000000000	11696.0000000000	245.0000000000	233.0000000000	342.0000000000	  0.0000000000	  0.0000000000	  0.0000000000	  0.1107025820	 22.3817003118	977263.4202259940	  0.4498668844	  5.9482204635	2212.9961843189
  0.1049097991	  1.0292159665	677.4755175427	19512.0000000000	15625.0000000000	11799.0000000000	205.0000000000	256.0000000000	339.0000000000	  0.0000000000	  0.0000000000	  0.0000000000	  0.1047086056	 16.4778406456	1043456.4574365037	  0.3352681467	  5.8717382768	2255.4735069045
  0.1035013185	  1.0445142880	700.2259043233	13652.0000000000	15385.0000000000	17094.0000000000	293.0000000000	260.0000000000	234.0000000000	  0.0000000000	  0.0000000000	  0.0000000000	  0.0974255080	 25.6242684463	2845150.6674558488	  0.5547767068	  7.4933615732	2138.5092711941
  0.1035448284	  1.0438670142	699.3802040677	17857.0000000000	16327.0000000000	10554.0000000000	224.0000000000	245.0000000000	379.0000000000	  0.0000000000	  0.0000000000	  0.0000000000	  0.1070387854	 16.2494751944	707703.2864903075	  0.3885846847	  5.4641632784	2195.5053434454
  0.0981228225	  0.9900238321	710.6149277962	19231.0000000000	15326.0000000000	11299.0000000000	208.0000000000	261.0000000000	354.0000000000	  0.0000000000	  0.0000000000	  0.0000000000	  0.1073295020	 16.1340674340	981031.6076729362	  0.3462440489	  6.0032255642	2330.8954603743
  0.1016379672	  1.0036844518	700.5515035896	23810.0000000000	13158.0000000000	14035.0000000000	168.0000000000	304.0000000000	285.0000000000	  0.0000000000	  0.0000000000	  0.0000000000	  0.1038397216	 12.0157358038	1754189.6915013553	  0.2471394194	  6.5014367248	2255.7762446468
  0.1019276805	  1.0462159602	690.8814492078	7937.0000000000	18779.0000000000	13378.0000000000	504.0000000000	213.0000000000	299.0000000000	  0.0000000000	  0.0000000000	  0.0000000000	  0.0371128225	 16.2636114841	1386770.4873133642	  0.7702469544	  4.4183168196	2154.7851181536
  0.1052278412	  0.9999922810	697.0719075398	16393.0000000000	19048.0000000000	10417.0000000000	244.0000000000	210.0000000000	384.0000000000	  0.0000000000	  0.0000000000	  0.0000000000	  0.0898656408	 25.9383781202	816637.9227116936	  0.4027576635	  5.4749103600	2405.8651439233
  0.1048346693	  1.0387009649	680.5092495618	23952.0000000000	10309.0000000000	8909.0000000000	167.0000000000	388.0000000000	449.0000000000	  0.0000000000	  0.0000000000	  0.0000000000	  0.1340478501	 21.7927059864	465849.4296458628	  0.2805735749	 12.6268921455	2295.5302471864
  0.1028782716	  1.0067922699	690.7815447336	13793.0000000000	15748.0000000000	13793.0000000000	290.0000000000	254.0000000000	290.0000000000	  0.0000000000	  0.0000000000	  0.0000000000	  0.0471556118	 11.2428795489	1769731.3626443485	  0.3789697451	  4.7872279609	2323.4441876815
  0.1035197950	  1.0870366561	683.7206486226	16393.0000000000	16529.0000000000	10417.0000000000	244.0000000000	242.0000000000	384.0000000000	  0.0000000000	  0.0000000000	  0.0000000000	  0.1125131281	 28.8537974005	722712.0207245927	  0.4510021264	  7.1586399550	2265.2304790238
  0.1027852334	  1.0006174360	693.4390490302	22727.0000000000	14870.0000000000	9828.0000000000	176.0000000000	269.0000000000	407.0000000000	  0.0000000000	  0.0000000000	  0.0000000000	  0.1303829910	 30.9030787212	583677.6637747283	  0.2982689333	  8.6941292050	2214.5797503523
  0.1025542947	  1.0230449993	701.9415093318	23529.0000000000	17391.0000000000	12158.0000000000	170.0000000000	230.0000000000	329.0000000000	  0.0000000000	  0.0000000000	  0.0000000000	  0.1329350546	 41.9823269371	938886.8987929918	  0.2845274793	  7.9774761306	2040.9244112597
  0.1050323403	  0.9825852761	684.5128645187	40816.0000000000	14545.0000000000	11142.0000000000	 98.0000000000	275.0000000000	359.0000000000	  0.0000000000	  0.0000000000	  0.0000000000	  0.1356760025	 25.0437055981	858922.0611165365	 -0.1261199734	  8.0504645122	2227.5543702069
  0.1014398190	  1.0085589115	704.5145833392	22989.0000000000	12862.0000000000	10724.0000000000	174.0000000000	311.0000000000	373.0000000000	  0.0000000000	  0.0000000000	  0.0000000000	  0.1048771983	 14.5081573664	823884.0350345820	  0.2629882315	  7.3789269302	2309.4046960968
  0.1163821164	  1.0096008178	705.2852781941	142857.0000000000	19417.0000000000	13746.0000000000	 28.0000000000	206.0000000000	291.0000000000	  0.0000000000	  0.0000000000	  0.0000000000	  0.1081325022	 21.2632155194	1689394.8475761265	  0.0174999868	  4.8295711124	2279.9703110746
  0.0984904543	  0.9552415162	691.2808185186	13514.0000000000	11976.0000000000	12500.0000000000	296.0000000000	334.0000000000	320.0000000000	  0.0000000000	  0.0000000000	  0.0000000000	  0.0979073555	 12.3330619061	1441920.2378907844	  0.5639544314	  7.5781287854	2430.2417014808
  0.1049914449	  1.0337031978	684.2390724913	33898.0000000000	20202.0000000000	11268.0000000000	118.0000000000	198.0000000000	355.0000000000	  0.0000000000	  0.0000000000	  0.0000000000	  0.1145992221	 38.4873142950	947434.4745241107	  0.1534672593	  6.1273385945	2299.9322889426
  0.1058086058	  1.0400531623	687.8607782571	63492.0000000000	10989.0000000000	10390.0000000000	 63.0000000000	364.0000000000	385.0000000000	  0.0000000000	  0.0000000000	  0.0000000000	  0.1183755457	 14.0714257463	725595.4512995300	  0.0615022299	  9.2236310649	2279.0460204408
  0.1058266058	  1.0264541688	677.5439253979	17094.0000000000	10638.0000000000	10256.0000000000	234.0000000000	376.0000000000	390.0000000000	  0.0000000000	  0.0000000000	  0.0000000000	  0.0919734312	 10.4916296323	781679.7193381380	  0.3833836264	  8.3345081906	2404.3878873823
  0.1033481467	  1.0132224422	692.6218703183	39604.0000000000	13158.0000000000	10336.0000000000	101.0000000000	304.0000000000	387.0000000000	  0.0000000000	  0.0000000000	  0.0000000000	  0.0850940729	  7.9119940514	683430.9713860331	  0.1051630468	  5.2760616606	2229.0967370952
  0.1056223594	  1.0870129142	694.2773935221	15385.0000000000	14925.0000000000	11142.0000000000	260.0000000000	268.0000000000	359.0000000000	  0.0000000000	  0.0000000000	  0.0000000000	  0.1211323560	 30.9116237033	1081974.0314706711	  0.5164800741	  8.6324616376	2500.0513060652
  0.1011449575	  1.0607933448	686.0702648178	23669.0000000000	23669.0000000000	11494.0000000000	169.0000000000	169.0000000000	348.0000000000	  0.0000000000	  0.0000000000	  0.0000000000	  0.0749508793	 16.9142969141	1087259.9038184185	  0.2127597033	  3.1918255559	2398.1341499426
  0.1013023531	  1.0784584390	687.3712742382	13514.0000000000	15038.0000000000	10000.0000000000	296.0000000000	266.0000000000	400.0000000000	  0.0000000000	  0.0000000000	  0.0000000000	  0.0956134057	 22.2676168495	804966.5460889358	  0.5556691569	  7.2302670479	2538.1902092371
  0.1044790373	  1.0665776705	681.6435480917	10471.0000000000	12658.0000000000	10230.0000000000	382.0000000000	316.0000000000	391.0000000000	  0.0000000000	  0.0000000000	  0.0000000000	  0.0643533091	 15.9992592617	875271.2252509274	  0.6687352705	  7.9449462543	2558.4707621050
  0.1064996895	  1.0649193611	705.3410514273	9662.0000000000	10638.0000000000	11236.0000000000	414.0000000000	376.0000000000	356.0000000000	  0.0000000000	  0.0000000000	  0.0000000000	  0.0800151705	 12.0459932327	891202.1498090111	  0.8437910948	  8.9455607592	2237.8943639144
  0.0974641545	  1.0839589093	699.8415273038	16878.0000000000	19139.0000000000	12945.0000000000	237.0000000000	209.0000000000	309.0000000000	  0.0000000000	  0.0000000000	  0.0000000000	  0.1376272715	 39.0245419215	1253735.5299146899	  0.4783731225	  6.6868128613	2147.6015951210
  0.1030423940	  1.0054620582	682.0636701161	30075.0000000000	11019.0000000000	9877.0000000000	133.0000000000	363.0000000000	405.0000000000	  0.0000000000	  0.0000000000	  0.0000000000	  0.1053579890	 11.7742939650	599639.7664252254	  0.1765998291	  8.3757479540	2232.8269043817
  0.0990390623	  1.0749524833	684.2252967544	33613.0000000000	10753.0000000000	12384.0000000000	119.0000000000	372.0000000000	323.0000000000	  0.0000000000	  0.0000000000	  0.0000000000	  0.0950408397	  7.1826838596	1633284.6973232639	  0.1422978823	  6.8099803442	2624.0055759646
  0.1046810117	  1.0487703135	695.8270287926	26490.0000000000	13652.0000000000	12461.0000000000	151.0000000000	293.0000000000	321.0000000000	  0.0000000000	  0.0000000000	  0.0000000000	  0.1001559004	  9.0264229700	1088458.1937827496	 -0.2077606555	  5.3352436094	2123.5500983821
  0.0977033865	  1.0515156491	689.8536426197	7707.0000000000	12739.0000000000	10782.0000000000	519.0000000000	314.0000000000	371.0000000000	  0.0000000000	  0.0000000000	  0.0000000000	  0.0659743173	 13.9794122413	731327.8517811811	  1.0737833344	  7.3385241063	2162.7003104966
  0.1021941022	  1.0478501542	680.5499967204	27027.0000000000	15748.0000000000	10101.0000000000	148.0000000000	254.0000000000	396.0000000000	  0.0000000000	  0.0000000000	  0.0000000000	  0.0974288793	 11.0184079163	732918.8557830545	  0.1994061473	  4.7489859371	2387.0099657425
  0.1014381885	  1.0288529970	694.4927563850	19608.0000000000	15152.0000000000	12821.0000000000	204.0000000000	264.0000000000	312.0000000000	  0.0000000000	  0.0000000000	  0.0000000000	  0.1032823337	 18.1668646386	1478586.4259495519	  0.3319999398	  6.4707117117	2373.4504868813
  0.1024901025	  0.9933052729	695.3883813135	27027.0000000000	17937.0000000000	12384.0000000000	148.0000000000	223.0000000000	323.0000000000	  0.0000000000	  0.0000000000	  0.0000000000	  0.1213481671	 22.5225180214	1143797.6001371816	  0.2222712667	  5.5922807043	2197.7602923408
  0.1018375739	  0.9741217473	698.4999817263	15564.0000000000	11976.0000000000	9456.0000000000	257.0000000000	334.0000000000	423.0000000000	  0.0000000000	  0.0000000000	  0.0000000000	  0.1013299762	 14.3491254727	522267.8395872049	  0.4635628150	  8.1634435521	2222.6754862000
  0.1077971502	  0.9783858447	700.1739720698	11299.0000000000	13201.0000000000	9615.0000000000	354.0000000000	303.0000000000	416.0000000000	  0.0000000000	  0.0000000000	  0.0000000000	  0.0752513682	 16.6775119893	732440.6961325747	  0.6468773583	  7.6089312211	2569.9790655621
  0.1004094288	  0.9980754229	702.1093788243	25157.0000000000	11799.0000000000	11111.0000000000	159.0000000000	339.0000000000	360.0000000000	  0.0000000000	  0.0000000000	  0.0000000000	  0.1141390497	 11.3801889477	808006.9492517038	  0.2393435224	  7.4414036075	2168.7936223613
  0.1025431797	  1.0280921947	693.2334114882	29412.0000000000	18433.0000000000	13115.0000000000	136.0000000000	217.0000000000	305.0000000000	  0.0000000000	  0.0000000000	  0.0000000000	  0.1141280652	 23.8792590522	1478158.5035082037	 -0.1895873004	  5.5388694289	2284.0227647725
  0.1005147938	  0.9948217218	687.7550392808	19231.0000000000	15385.0000000000	12618.0000000000	208.0000000000	260.0000000000	317.0000000000	  0.0000000000	  0.0000000000	  0.0000000000	  0.0876140219	 19.4946029921	1695650.3879380606	  0.3138237395	  6.5619671433	2599.7158671052
  0.1059026476	  0.9748766757	677.7532835016	13333.0000000000	12987.0000000000	11204.0000000000	300.0000000000	308.0000000000	357.0000000000	  0.0000000000	  0.0000000000	  0.0000000000	  0.1076970872	 25.2624459265	804800.7877117428	  0.6024189320	  9.6093085621	2138.7984820763
  0.1054645781	  1.0763989005	677.3883543976	22472.0000000000	14706.0000000000	11364.0000000000	178.0000000000	272.0000000000	352.0000000000	  0.0000000000	  0.0000000000	  0.0000000000	  0.1121342781	 17.7500055179	1170343.8834557401	  0.2813095379	  6.6639330314	2525.8062854000
  0.1044623884	  1.0797708565	666.6589911931	11765.0000000000	14286.0000000000	11905.0000000000	340.0000000000	280.0000000000	336.0000000000	  0.0000000000	  0.0000000000	  0.0000000000	  0.0821927573	 16.1168132150	1149583.9346680655	  0.6348752809	  6.6329884811	2338.7655369408
  0.1039060262	  1.0411555545	687.7826939527	20942.0000000000	11111.0000000000	10101.0000000000	191.0000000000	360.0000000000	396.0000000000	  0.0000000000	  0.0000000000	  0.0000000000	  0.1301949029	 16.1522277821	776348.4678288074	  0.3357888216	  9.7105936599	2452.8294620298
  0.1049979000	  1.0274157693	692.4223883110	16667.0000000000	18182.0000000000	12121.0000000000	240.0000000000	220.0000000000	330.0000000000	  0.0000000000	  0.0000000000	  0.0000000000	  0.0836035906	 27.0243677096	1166625.0103818018	  0.3799077186	  6.0094254065	2288.5829371682
  0.1008957242	  1.0121183856	698.0114533226	11834.0000000000	15267.0000000000	10929.0000000000	338.0000000000	262.0000000000	366.0000000000	  0.0000000000	  0.0000000000	  0.0000000000	  0.0661721690	 10.3161583414	816874.6945637030	  0.5658019262	  4.8205907973	2233.1496556631
  0.1031672817	  1.0010866110	695.9335427233	19512.0000000000	8909.0000000000	11869.0000000000	205.0000000000	449.0000000000	337.0000000000	  0.0000000000	  0.0000000000	  0.0000000000	  0.1039870953	  7.4633597403	1020830.7613255690	  0.3355507717	  9.1792761421	2205.6784439518
  0.1063889147	  1.0180691899	683.9069507863	10753.0000000000	15094.0000000000	10127.0000000000	372.0000000000	265.0000000000	395.0000000000	  0.0000000000	  0.0000000000	  0.0000000000	  0.0890304666	 18.3654184806	869817.4505193750	  0.7566790587	  6.5494076474	2589.2032892206
  0.0997929782	  1.0478721990	687.6142728282	23669.0000000000	17544.0000000000	11080.0000000000	169.0000000000	228.0000000000	361.0000000000	  0.0000000000	  0.0000000000	  0.0000000000	  0.1450187562	 34.1039960669	822377.5323088082	  0.2951904076	  7.1144445459	2202.9925288145
  0.0982972136	  1.0419264783	700.7621097964	23256.0000000000	13793.0000000000	12270.0000000000	172.0000000000	290.0000000000	326.0000000000	  0.0000000000	  0.0000000000	  0.0000000000	  0.1192169409	 14.1955083712	1312461.4703798071	  0.2758353387	  6.5725927417	2386.0602381822
  0.0988328313	  1.0164978419	681.7602693284	15936.0000000000	9091.0000000000	9070.0000000000	251.0000000000	440.0000000000	441.0000000000	  0.0000000000	  0.0000000000	  0.0000000000	  0.0478668066	  2.0400307764	563430.0929696588	  0.3085079241	  4.6650726401	2461.7762362696
  0.0996590205	  1.0291610569	687.6358062052	6452.0000000000	7194.0000000000	14134.0000000000	620.0000000000	556.0000000000	283.0000000000	  0.0000000000	  0.0000000000	  0.0000000000	  0.0474787570	  4.6483275852	2111469.9646554352	  1.1879590831	 10.0057009145	2450.7203310448
  0.1010333665	  1.0499769609	694.1468110821	16064.0000000000	16194.0000000000	11396.0000000000	249.0000000000	247.0000000000	351.0000000000	  0.0000000000	  0.0000000000	  0.0000000000	  0.1032694581	 20.7776807524	1050008.8461985735	  0.4465237534	  6.2473526375	2378.9984337608
  0.1062148246	  1.0191419080	686.3950719636	8351.0000000000	11173.0000000000	13605.0000000000	479.0000000000	358.0000000000	294.0000000000	  0.0000000000	  0.0000000000	  0.0000000000	  0.0375738879	  3.5205935266	1865631.7927071454	  0.7188016213	  4.4981270966	2429.3048948401
  0.1018104366	  1.0345883270	679.1414517411	14085.0000000000	10753.0000000000	12903.0000000000	284.0000000000	372.0000000000	310.0000000000	  0.0000000000	  0.0000000000	  0.0000000000	  0.1063760126	 22.8753511447	1392314.0366907727	  0.5526750392	 12.1391751298	2272.9470249184
  0.1065826395	  1.0053051806	687.1340513992	21739.0000000000	16878.0000000000	10204.0000000000	184.0000000000	237.0000000000	392.0000000000	  0.0000000000	  0.0000000000	  0.0000000000	  0.1000757502	 13.6706534606	687283.1726379246	  0.2794800628	  4.7741184426	2272.7295311224
  0.1088851790	  1.0470673316	699.5244362974	10782.0000000000	19512.0000000000	13468.0000000000	371.0000000000	205.0000000000	297.0000000000	  0.0000000000	  0.0000000000	  0.0000000000	  0.0884059488	 28.6353161424	1340607.1535059195	  0.7499510668	  5.5396125190	2095.9100626128
  0.1048576214	  1.0507792663	677.9287910230	11940.0000000000	18433.0000000000	11050.0000000000	335.0000000000	217.0000000000	362.0000000000	  0.0000000000	  0.0000000000	  0.0000000000	  0.0793210549	 16.9956565726	983214.8151590429	  0.6093100497	  4.6463768805	2412.6160788056
  0.1029908156	  0.9602621927	698.1577053543	12739.0000000000	16129.0000000000	11696.0000000000	314.0000000000	248.0000000000	342.0000000000	  0.0000000000	  0.0000000000	  0.0000000000	  0.1047299127	 20.4446393056	1019875.7310673733	  0.6363595362	  6.2294842595	2258.9712376068
  0.1049126049	  1.0419339559	709.2946765459	25974.0000000000	19231.0000000000	10959.0000000000	154.0000000000	208.0000000000	365.0000000000	  0.0000000000	  0.0000000000	  0.0000000000	  0.1017246351	 25.2302966669	835356.9199241986	  0.2152350428	  5.3160585816	2256.2382178214
  0.0962500963	  1.0577463457	710.4631072682	12987.0000000000	16260.0000000000	12461.0000000000	308.0000000000	246.0000000000	321.0000000000	  0.0000000000	  0.0000000000	  0.0000000000	  0.0967374490	 20.6805963495	1224247.9527183487	  0.5945357816	  6.2023077781	2247.0596927838
  0.1001462961	  1.0306684623	690.4069488769	15038.0000000000	17167.0000000000	10695.0000000000	266.0000000000	233.0000000000	374.0000000000	  0.0000000000	  0.0000000000	  0.0000000000	  0.0875259028	 15.0207623300	747469.0876798285	  0.4541214336	  4.8729158796	2207.1867120214
  0.1027081837	  1.0644315388	696.8543423767	23669.0000000000	18605.0000000000	12579.0000000000	169.0000000000	215.0000000000	318.0000000000	  0.0000000000	  0.0000000000	  0.0000000000	  0.1042380518	 33.8521426314	1581065.7472792990	  0.2513806909	  6.4713726135	2519.6576554237
  0.0997250423	  1.0431188604	696.4539347678	9456.0000000000	17937.0000000000	13605.0000000000	423.0000000000	223.0000000000	294.0000000000	  0.0000000000	  0.0000000000	  0.0000000000	  0.0924735413	 36.4995803362	2003460.8064775262	  0.9340793424	  7.1311029823	2519.9785613627
  0.1014606668	  0.9830662470	690.8230223179	15267.0000000000	15385.0000000000	11799.0000000000	262.0000000000	260.0000000000	339.0000000000	  0.0000000000	  0.0000000000	  0.0000000000	  0.1069889206	 26.5666219237	1140595.0728332994	  0.4900688648	  7.6429803499	2359.3350483756
  0.0965902046	  0.9465646983	691.4569274994	8065.0000000000	5642.0000000000	11142.0000000000	496.0000000000	709.0000000000	359.0000000000	  0.0000000000	  0.0000000000	  0.0000000000	  0.0472729644	  1.7808906095	1077463.8954858661	  0.8481983373	  8.9066799443	2494.6995353443
  0.1104636105	  1.0118246715	685.5222872764	108108.0000000000	10230.0000000000	13029.0000000000	 37.0000000000	391.0000000000	307.0000000000	  0.0000000000	  0.0000000000	  0.0000000000	  0.1173983198	  9.0331385818	1374426.6688853751	 -0.0269413682	  8.2161168615	2229.9375470456
  0.0995418576	  1.0536854623	699.5766842005	16807.0000000000	13029.0000000000	11111.0000000000	238.0000000000	307.0000000000	360.0000000000	  0.0000000000	  0.0000000000	  0.0000000000	  0.0847741559	 11.3667489096	953414.5003758031	  0.3770179256	  6.4083012566	2361.2897261124
  0.1048070634	  0.9944574602	681.7890261174	12232.0000000000	13468.0000000000	10152.0000000000	327.0000000000	297.0000000000	394.0000000000	  0.0000000000	  0.0000000000	  0.0000000000	  0.0638571972	 15.3873515499	654165.1083444331	  0.5277234268	  7.0867779645	2235.9547854496
  0.1044915151	  1.0549955168	709.2671241689	24691.0000000000	11799.0000000000	12232.0000000000	162.0000000000	339.0000000000	327.0000000000	  0.0000000000	  0.0000000000	  0.0000000000	  0.1064433342	 10.4900811152	974702.2139578365	  0.2372266803	  7.1540753416	2062.3777729094
  0.1008107914	  1.0218713949	703.0329383468	13937.0000000000	14035.0000000000	12085.0000000000	287.0000000000	285.0000000000	331.0000000000	  0.0000000000	  0.0000000000	  0.0000000000	  0.0673007135	  9.5494304090	1261777.6409010387	  0.4466764468	  5.2504127782	2387.9721363335
  0.1039360000	  1.0431103238	698.6420441834	15625.0000000000	14706.0000000000	11111.0000000000	256.0000000000	272.0000000000	360.0000000000	  0.0000000000	  0.0000000000	  0.0000000000	  0.0978278904	 25.6686777316	754191.3114554626	  0.4533114949	  8.0438770379	2100.6618661889
  0.1016637033	  0.9968037678	697.2529381484	31496.0000000000	15810.0000000000	12862.0000000000	127.0000000000	253.0000000000	311.0000000000	  0.0000000000	  0.0000000000	  0.0000000000	  0.1274988322	 28.6438378714	1453492.6540190466	  0.1801705776	  7.6034460033	2340.7019085317
  0.1024598197	  1.0261040812	700.1969621521	20408.0000000000	17021.0000000000	12821.0000000000	196.0000000000	235.0000000000	312.0000000000	  0.0000000000	  0.0000000000	  0.0000000000	  0.1518500200	 33.1277812727	1283910.3124054149	  0.3773280544	  7.3422920103	2203.5812241554
  0.0982928546	  1.0065824222	695.8106207660	11364.0000000000	13605.0000000000	10811.0000000000	352.0000000000	294.0000000000	370.0000000000	  0.0000000000	  0.0000000000	  0.0000000000	  0.0889530777	 19.3477880980	1030466.7439313886	  0.6966961751	  7.8291097937	2554.3706694945
  0.1015103618	  1.0265765545	705.8808484038	14235.0000000000	11940.0000000000	12232.0000000000	281.0000000000	335.0000000000	327.0000000000	  0.0000000000	  0.0000000000	  0.0000000000	  0.0806039776	  8.6957242382	1238054.6703763241	  0.4740038162	  6.3824318348	2321.6422927219
  0.0998895028	  0.9958701407	685.2476857703	9050.0000000000	7366.0000000000	11834.0000000000	442.0000000000	543.0000000000	338.0000000000	  0.0000000000	  0.0000000000	  0.0000000000	  0.0561870157	  3.9601404485	968867.4674090305	  0.7780760456	  8.9021189027	2166.1786630488
  0.0981853308	  1.0873521333	685.6996466281	14493.0000000000	8969.0000000000	7767.0000000000	276.0000000000	446.0000000000	515.0000000000	  0.0000000000	  0.0000000000	  0.0000000000	  0.0974594130	  8.3983290899	379625.7402611009	  0.5058057650	  9.6410652865	2547.4103439772
  0.1064251064	  1.0279568351	697.4028865978	10101.0000000000	16598.0000000000	11696.0000000000	396.0000000000	241.0000000000	342.0000000000	  0.0000000000	  0.0000000000	  0.0000000000	  0.0993876215	 27.9187081481	1255875.0742759407	  0.8778104167	  7.0048454975	2502.9852997743
  0.1039011201	  1.0450215314	689.0112731348	12945.0000000000	22599.0000000000	11204.0000000000	309.0000000000	177.0000000000	357.0000000000	  0.0000000000	  0.0000000000	  0.0000000000	  0.0930291142	 39.8648540809	1144942.4257748544	  0.5845348407	  5.2440162179	2551.4232742632
  0.1013979318	  1.0218280075	695.9313059315	10444.0000000000	5369.0000000000	9524.0000000000	383.0000000000	745.0000000000	420.0000000000	  0.0000000000	  0.0000000000	  0.0000000000	  0.0764676068	  1.7482221794	570743.4208544877	  0.7316724386	  9.5017824222	2295.6776608295
  0.1008932197	  1.0395752605	674.4908130485	9852.0000000000	7505.0000000000	9195.0000000000	406.0000000000	533.0000000000	435.0000000000	  0.0000000000	  0.0000000000	  0.0000000000	  0.0638398523	  4.2925982240	541243.3201119629	  0.7309952768	  9.0200486336	2357.0039898305
  0.0994435469	  0.9806372856	684.2057499543	11142.0000000000	12698.0000000000	12308.0000000000	359.0000000000	315.0000000000	325.0000000000	  0.0000000000	  0.0000000000	  0.0000000000	  0.1055461317	 19.5124025807	1074607.7711106804	  0.7803123869	  8.7188774883	2145.5026697510
  0.1180741181	  1.0034287902	685.4272752856	181818.0000000000	16000.0000000000	12862.0000000000	 22.0000000000	250.0000000000	311.0000000000	  0.0000000000	  0.0000000000	  0.0000000000	  0.0847149077	 10.7041287047	1276717.4400149158	 -0.0102712366	  4.5765216628	2192.1017235805
  0.1052942757	  0.9730907235	700.0377443602	18605.0000000000	14440.0000000000	11765.0000000000	215.0000000000	277.0000000000	340.0000000000	  0.0000000000	  0.0000000000	  0.0000000000	  0.1101128156	 22.1511541245	1038006.5195060940	  0.3700092056	  7.6786723155	2259.7415905783
  0.1012173695	  1.0632965007	703.7737039890	15936.0000000000	17391.0000000000	11461.0000000000	251.0000000000	230.0000000000	349.0000000000	  0.0000000000	  0.0000000000	  0.0000000000	  0.1153297458	 31.2064142447	1094033.2456288196	  0.4774436846	  6.8765624714	2411.0782006897
  0.0967973231	  1.0402971198	682.4521209687	8368.0000000000	13652.0000000000	11331.0000000000	478.0000000000	293.0000000000	353.0000000000	  0.0000000000	  0.0000000000	  0.0000000000	  0.0668706552	 17.9302533334	947798.2475152215	  0.9544387732	  7.4945846945	2287.5763868422
  0.1020305661	  1.0605757405	679.0643881164	13937.0000000000	24691.0000000000	12012.0000000000	287.0000000000	162.0000000000	333.0000000000	  0.0000000000	  0.0000000000	  0.0000000000	  0.0813531740	 38.2503989739	1277962.9095581665	  0.4914876801	  4.4919802962	2425.2550481153
  0.1022612217	  1.0623630138	685.1868843172	14815.0000000000	14493.0000000000	11628.0000000000	270.0000000000	276.0000000000	344.0000000000	  0.0000000000	  0.0000000000	  0.0000000000	  0.1289623202	 23.3425097599	1163874.4213345780	  0.5633863362	  7.8289604128	2435.0283807788
  0.0981725457	  0.9677937625	684.0416557381	9412.0000000000	9709.0000000000	10127.0000000000	425.0000000000	412.0000000000	395.0000000000	  0.0000000000	  0.0000000000	  0.0000000000	  0.0626325639	  7.8949896126	671245.9730054832	  0.7742274142	  8.3052858318	2273.3161277908
  0.0993023763	  1.0934780781	703.7838101653	9174.0000000000	20305.0000000000	14599.0000000000	436.0000000000	197.0000000000	274.0000000000	  0.0000000000	  0.0000000000	  0.0000000000	  0.0976404429	 59.4361835515	2003736.3466849918	  1.0065669586	  7.5349510558	2273.0221252782
  0.1031717361	  1.0159638441	717.4473391365	13841.0000000000	14870.0000000000	9368.0000000000	289.0000000000	269.0000000000	427.0000000000	  0.0000000000	  0.0000000000	  0.0000000000	  0.0740263404	 11.4545506481	510917.0479128289	  0.4715208894	  5.2756981368	2233.2287278552
  0.0962101837	  0.9665917916	699.1454549823	21505.0000000000	9877.0000000000	11331.0000000000	186.0000000000	405.0000000000	353.0000000000	  0.0000000000	  0.0000000000	  0.0000000000	  0.0854366177	  4.5549632432	891401.4649038967	  0.2613332631	  6.1600994851	2217.7120013343
  0.1005683795	  0.9645922534	703.7193031226	8621.0000000000	11142.0000000000	12048.0000000000	464.0000000000	359.0000000000	332.0000000000	  0.0000000000	  0.0000000000	  0.0000000000	  0.0546375639	  9.5086514682	1329104.1448074405	  0.8263612900	  7.4103857836	2467.9308379948
  0.0996931089	  0.9461654067	699.0619228483	10753.0000000000	9975.0000000000	11080.0000000000	372.0000000000	401.0000000000	361.0000000000	  0.0000000000	  0.0000000000	  0.0000000000	  0.0576208838	  5.9679773529	904862.7194667953	  0.6085759835	  6.9340940818	2309.8583041082
  0.1032705297	  1.0168465741	693.2142251736	16878.0000000000	13889.0000000000	14388.0000000000	237.0000000000	288.0000000000	278.0000000000	  0.0000000000	  0.0000000000	  0.0000000000	  0.0941829014	 14.7451393238	1607833.1139931311	  0.3955279648	  6.6219000694	2073.6656425278
  0.1056420423	  1.0133249176	696.6609250175	61538.0000000000	17621.0000000000	14652.0000000000	 65.0000000000	227.0000000000	273.0000000000	  0.0000000000	  0.0000000000	  0.0000000000	  0.1207231807	 26.8657638795	2092779.2518776334	  0.0649335627	  6.2726822450	2310.6509798049
  0.1050972404	  1.0172397940	688.3194074619	20619.0000000000	11869.0000000000	10076.0000000000	194.0000000000	337.0000000000	397.0000000000	  0.0000000000	  0.0000000000	  0.0000000000	  0.0801957208	  8.2052904534	771882.5639012110	  0.2712374666	  6.2542402742	2457.6167291469
  0.1091871092	  1.0440013933	691.0528532570	76923.0000000000	18018.0000000000	13333.0000000000	 52.0000000000	222.0000000000	300.0000000000	  0.0000000000	  0.0000000000	  0.0000000000	  0.1169570779	 38.4456818080	1396148.9045160383	 -0.0448852090	  7.2480897525	2168.7870054163
  0.1008924777	  1.0310512534	683.9142290631	11765.0000000000	15267.0000000000	12048.0000000000	340.0000000000	262.0000000000	332.0000000000	  0.0000000000	  0.0000000000	  0.0000000000	  0.0963780186	 19.7016552238	1054916.2699773046	  0.6866535044	  6.6470239368	2200.6549698469
  0.1036405196	  1.0941612929	698.7750348627	17937.0000000000	17094.0000000000	14388.0000000000	223.0000000000	234.0000000000	278.0000000000	  0.0000000000	  0.0000000000	  0.0000000000	  0.1249096218	 32.6628604681	1510907.4180815150	  0.4169164161	  7.2098491707	2017.6053201206
  0.1141127853	  1.0350297708	686.1785381820	133333.0000000000	26667.0000000000	10753.0000000000	 30.0000000000	150.0000000000	372.0000000000	  0.0000000000	  0.0000000000	  0.0000000000	  0.1007076213	 21.9331641296	815562.1469421054	  0.0181828391	  3.0465288561	2286.7957767338
  0.1037273537	  1.0063338188	703.9377250470	13468.0000000000	15444.0000000000	10336.0000000000	297.0000000000	259.0000000000	387.0000000000	  0.0000000000	  0.0000000000	  0.0000000000	  0.1044801242	 28.9909379835	763129.3352579873	  0.5834859038	  7.9457702138	2354.2811536834
  0.0974981393	  1.0328038056	688.1872934128	17467.0000000000	14981.0000000000	10499.0000000000	229.0000000000	267.0000000000	381.0000000000	  0.0000000000	  0.0000000000	  0.0000000000	  0.0810977172	 19.4456542720	922127.6538449732	  0.3485297073	  6.7919028219	2521.8855303729
  0.1002547050	  1.0349132882	681.8876887447	14134.0000000000	16807.0000000000	11662.0000000000	283.0000000000	238.0000000000	343.0000000000	  0.0000000000	  0.0000000000	  0.0000000000	  0.1073394446	 32.1289453027	881123.0256755276	  0.5511850935	  7.3809741641	2109.5404651903
  0.1086141788	  1.0140496922	683.0891281425	70175.0000000000	17544.0000000000	11628.0000000000	 57.0000000000	228.0000000000	344.0000000000	  0.0000000000	  0.0000000000	  0.0000000000	  0.1208875808	 22.2959301905	1266025.0403585369	  0.0530035640	  5.7324224894	2536.7828712272
  0.1156471156	  0.9838009728	688.2587391200	142857.0000000000	15564.0000000000	12780.0000000000	 28.0000000000	257.0000000000	313.0000000000	  0.0000000000	  0.0000000000	  0.0000000000	  0.1342483458	 29.5673067239	1527914.0050222585	 -0.0186978236	  7.9137976955	2417.1446990379
  0.1038861689	  1.0502539031	698.5314410782	19608.0000000000	14760.0000000000	9926.0000000000	204.0000000000	271.0000000000	403.0000000000	  0.0000000000	  0.0000000000	  0.0000000000	  0.0971302599	 11.4381476035	676263.1621352296	  0.3203004038	  5.3216307271	2354.0480344431
  0.1049061608	  1.0181747022	692.3367261432	19608.0000000000	11204.0000000000	10256.0000000000	204.0000000000	357.0000000000	390.0000000000	  0.0000000000	  0.0000000000	  0.0000000000	  0.1215844958	 12.8971898413	711442.3423806018	  0.3594249950	  8.5791903556	2292.8305994890
  0.1017441860	  0.9964807312	696.0399974880	13072.0000000000	18265.0000000000	13245.0000000000	306.0000000000	219.0000000000	302.0000000000	  0.0000000000	  0.0000000000	  0.0000000000	  0.1172015467	 26.0379021616	1622949.4187646182	  0.6492142306	  5.8501816146	2369.4124105899
  0.0988125000	  1.0138208851	692.2215704740	16000.0000000000	13986.0000000000	13029.0000000000	250.0000000000	286.0000000000	307.0000000000	  0.0000000000	  0.0000000000	  0.0000000000	  0.0727141480	  9.7693275932	1391349.4941401202	  0.3763635255	  5.3574347885	2242.2039197538
  0.1014591883	  1.0318126579	702.0229464663	17544.0000000000	12085.0000000000	13201.0000000000	228.0000000000	331.0000000000	303.0000000000	  0.0000000000	  0.0000000000	  0.0000000000	  0.1051917600	 15.3582557307	1338570.7932786455	  0.3960353620	  8.3333802128	2160.5484324908
  0.0995917429	  0.9737451686	699.5672242371	17391.0000000000	9732.0000000000	9975.0000000000	230.0000000000	411.0000000000	401.0000000000	  0.0000000000	  0.0000000000	  0.0000000000	  0.0753637982	  5.8815925736	749023.8802242845	  0.3384680685	  7.1417658710	2459.8415453334
  0.1024825707	  0.9886926031	682.7306827510	50633.0000000000	13378.0000000000	14134.0000000000	 79.0000000000	299.0000000000	283.0000000000	  0.0000000000	  0.0000000000	  0.0000000000	  0.1231470429	 22.8294016958	2051422.3520585753	  0.0866729241	  8.7388354754	2414.2590365606
  0.1040932620	  1.0594411663	676.8752576849	22989.0000000000	16461.0000000000	10444.0000000000	174.0000000000	243.0000000000	383.0000000000	  0.0000000000	  0.0000000000	  0.0000000000	  0.1195509518	 31.5240561390	800397.0474317633	  0.2798205405	  7.5014277824	2372.5140667805
  0.1028916769	  1.0005606721	688.4216188327	13072.0000000000	14184.0000000000	12987.0000000000	306.0000000000	282.0000000000	308.0000000000	  0.0000000000	  0.0000000000	  0.0000000000	  0.0891065857	 20.4686857028	1308613.1419161421	  0.5660836027	  7.5872711137	2184.9925086913
  0.1027071783	  1.0422660617	695.0632779809	27778.0000000000	11080.0000000000	12821.0000000000	144.0000000000	361.0000000000	312.0000000000	  0.0000000000	  0.0000000000	  0.0000000000	  0.1339446129	 20.1303864856	1374959.2450144703	  0.2246062422	 10.8733801779	2290.0259324139
  0.1039516076	  0.9671687559	698.8485264884	15209.0000000000	13072.0000000000	14493.0000000000	263.0000000000	306.0000000000	276.0000000000	  0.0000000000	  0.0000000000	  0.0000000000	  0.0743876692	  9.6350738565	1928615.5617671735	  0.4109177484	  5.8739228260	2248.5525481468
  0.1195636196	  1.0581722507	695.4364314903	190476.0000000000	15444.0000000000	12862.0000000000	 21.0000000000	259.0000000000	311.0000000000	  0.0000000000	  0.0000000000	  0.0000000000	  0.1223034688	 22.9880434451	1500413.3538448748	 -0.0122837540	  7.0770131070	2374.7715987111
  0.1045154923	  1.0021238774	685.7323728443	28369.0000000000	21739.0000000000	10989.0000000000	141.0000000000	184.0000000000	364.0000000000	  0.0000000000	  0.0000000000	  0.0000000000	  0.1000036005	 26.9016728046	909089.0791479020	  0.1877284247	  4.5666521637	2336.3825870214
  0.1027447910	  1.0305154595	696.5960752565	22989.0000000000	17021.0000000000	10363.0000000000	174.0000000000	235.0000000000	386.0000000000	  0.0000000000	  0.0000000000	  0.0000000000	  0.1341350415	 30.9010403068	662271.9350569532	  0.2966983730	  7.0846331417	2185.9630180719
  0.1046845124	  1.0098911492	699.3121898725	16736.0000000000	16949.0000000000	10554.0000000000	239.0000000000	236.0000000000	379.0000000000	  0.0000000000	  0.0000000000	  0.0000000000	  0.0764675140	 28.1591143270	846513.9233070642	  0.3616091739	  6.7935656140	2403.8499130093
  0.0998313050	  1.0406911582	685.6284985369	16598.0000000000	10000.0000000000	10390.0000000000	241.0000000000	400.0000000000	385.0000000000	  0.0000000000	  0.0000000000	  0.0000000000	  0.0665564939	  7.0940987073	806239.3554350991	  0.3409747054	  7.5349733404	2399.3053559175
  0.1012443956	  0.9935137088	698.2714750154	21858.0000000000	12945.0000000000	13468.0000000000	183.0000000000	309.0000000000	297.0000000000	  0.0000000000	  0.0000000000	  0.0000000000	  0.1148818392	 14.4568400556	1423515.6650300557	  0.2976818700	  7.2859654401	2160.7966169040
  0.1025969425	  1.0528890995	685.7884748229	36697.0000000000	15152.0000000000	13793.0000000000	109.0000000000	264.0000000000	290.0000000000	  0.0000000000	  0.0000000000	  0.0000000000	  0.1062701976	 13.1711633820	1390648.4414143264	  0.1305063509	  5.5138797349	2055.7086881698
  0.1030769231	  1.0230062692	685.4511950646	11050.0000000000	15267.0000000000	12195.0000000000	362.0000000000	262.0000000000	328.0000000000	  0.0000000000	  0.0000000000	  0.0000000000	  0.0733203760	 17.3550891315	1132700.8982099111	  0.6595376295	  6.2492274729	2238.5032112365
  0.1005471956	  1.0125861410	712.3884739622	17544.0000000000	12862.0000000000	15152.0000000000	228.0000000000	311.0000000000	264.0000000000	  0.0000000000	  0.0000000000	  0.0000000000	  0.1151491456	 23.6866671318	2042139.7310698286	  0.4119714274	  9.4491833740	2164.7529903809
  0.0989538673	  0.9640855847	689.4698142018	11662.0000000000	10050.0000000000	9639.0000000000	343.0000000000	398.0000000000	415.0000000000	  0.0000000000	  0.0000000000	  0.0000000000	  0.0839396992	  7.0660756872	596200.4669588670	  0.6509934402	  7.4597381645	2305.8221557606
  0.1003486056	  1.0503890835	709.8454098946	12048.0000000000	19417.0000000000	11799.0000000000	332.0000000000	206.0000000000	339.0000000000	  0.0000000000	  0.0000000000	  0.0000000000	  0.1050631923	 29.1440409372	1297197.0658043684	  0.6928494406	  5.6606491034	2518.1381740675
  0.1040172482	  1.0202980336	693.3962233027	22727.0000000000	14815.0000000000	11461.0000000000	176.0000000000	270.0000000000	349.0000000000	  0.0000000000	  0.0000000000	  0.0000000000	  0.0910191995	 13.0051339225	879585.6633813387	  0.2498366860	  5.6426406032	2160.3798303730
  0.0999375000	  0.9747082383	702.3891371730	16000.0000000000	16000.0000000000	11396.0000000000	250.0000000000	250.0000000000	351.0000000000	  0.0000000000	  0.0000000000	  0.0000000000	  0.0886093212	 24.6465154792	883692.5479251236	  0.4161690722	  6.9287882253	2189.5638619807
  0.1040054180	  1.0768179013	704.6714859939	31008.0000000000	13029.0000000000	12461.0000000000	129.0000000000	307.0000000000	321.0000000000	  0.0000000000	  0.0000000000	  0.0000000000	  0.1144020880	 25.3456428695	1259105.7096835026	  0.1755176979	  9.5843690273	2285.4554473463
  0.1017632822	  1.0436200449	685.5796271554	8677.0000000000	9685.0000000000	11299.0000000000	461.0000000000	413.0000000000	354.0000000000	  0.0000000000	  0.0000000000	  0.0000000000	  0.0377244377	  5.7810161522	989042.4481759367	  0.6792445570	  7.1380886066	2339.0205529426
  0.1023976024	  0.9426574837	704.4079263281	36036.0000000000	10101.0000000000	13986.0000000000	111.0000000000	396.0000000000	286.0000000000	  0.0000000000	  0.0000000000	  0.0000000000	  0.0822692726	  5.4527391700	1593062.3350885140	  0.1188656161	  6.4954868315	2160.6570722564
  0.1033066033	  0.9833063472	687.7374211426	20202.0000000000	19512.0000000000	11662.0000000000	198.0000000000	205.0000000000	343.0000000000	  0.0000000000	  0.0000000000	  0.0000000000	  0.1472319378	 38.0680452619	831215.1102254881	  0.3773233123	  6.3891612228	2044.5795750416
  0.0993467337	  1.0580153340	687.2873685994	19900.0000000000	13699.0000000000	9368.0000000000	201.0000000000	292.0000000000	427.0000000000	  0.0000000000	  0.0000000000	  0.0000000000	  0.0912248566	 12.3993140805	542958.1519645627	  0.3048831165	  6.1971427825	2298.2846994101
  0.1014021888	  1.0196315046	681.4458356045	17544.0000000000	22727.0000000000	9950.0000000000	228.0000000000	176.0000000000	402.0000000000	  0.0000000000	  0.0000000000	  0.0000000000	  0.0473518489	  9.3805972439	647846.4448851895	  0.2643985112	  2.5340711380	2290.0710174216
  0.1029327648	  1.0263601865	684.4022727281	38462.0000000000	13072.0000000000	8475.0000000000	104.0000000000	306.0000000000	472.0000000000	  0.0000000000	  0.0000000000	  0.0000000000	  0.1064422431	  9.8928959048	417048.1262458508	 -0.1227142475	  5.9628023164	2341.4850237953
  0.1046408840	  1.0274939408	715.2779177126	18100.0000000000	15038.0000000000	12012.0000000000	221.0000000000	266.0000000000	333.0000000000	  0.0000000000	  0.0000000000	  0.0000000000	  0.0641555927	  7.0649548569	1186823.4043343966	  0.2934804316	  4.0668672073	2343.0783335582
  0.1017067630	  1.0300112627	690.3479321578	17167.0000000000	20305.0000000000	12579.0000000000	233.0000000000	197.0000000000	318.0000000000	  0.0000000000	  0.0000000000	  0.0000000000	  0.0730750904	 33.8142678255	1445341.0350554353	  0.3408950393	  5.6902245489	2409.5731652925
  0.1063801064	  1.0859839608	701.8887010054	74074.0000000000	11765.0000000000	10899.0000000000	 54.0000000000	340.0000000000	367.0000000000	  0.0000000000	  0.0000000000	  0.0000000000	  0.1167841772	 12.5894314171	845243.6986661749	  0.0486086508	  7.8810704309	2284.3121283686
  0.1013653289	  0.9950648059	682.9488354298	12085.0000000000	15038.0000000000	13514.0000000000	331.0000000000	266.0000000000	296.0000000000	  0.0000000000	  0.0000000000	  0.0000000000	  0.0734427943	 12.7327029565	1614804.2629995432	  0.5780686089	  5.4671758113	2290.7458821628
  0.1042846718	  0.9690287030	689.1057022239	28777.0000000000	9950.0000000000	8850.0000000000	139.0000000000	402.0000000000	452.0000000000	  0.0000000000	  0.0000000000	  0.0000000000	  0.1287560659	 12.3446796421	377611.3882110369	  0.2084311785	 10.0119156059	2088.5408400095
  0.1042410309	  0.9971074718	667.4523111755	16529.0000000000	16667.0000000000	9390.0000000000	242.0000000000	240.0000000000	426.0000000000	  0.0000000000	  0.0000000000	  0.0000000000	  0.0988189001	 16.2482591984	588038.8729756144	  0.4174939953	  5.3063103544	2384.0455451087
  0.1041055718	  1.0224418065	693.9647843082	10230.0000000000	9217.0000000000	10076.0000000000	391.0000000000	434.0000000000	397.0000000000	  0.0000000000	  0.0000000000	  0.0000000000	  0.0793184175	  8.0927476935	776066.9600670349	  0.7691553391	  9.0998010448	2463.5822712052
  0.0979617143	  1.0359476419	688.7379129333	12903.0000000000	15748.0000000000	9852.0000000000	310.0000000000	254.0000000000	406.0000000000	  0.0000000000	  0.0000000000	  0.0000000000	  0.0871506308	 16.5677979699	590311.9748945397	  0.5686670606	  5.8246482111	2219.0020169916
  0.1011357980	  1.0505215772	687.7181134201	22099.0000000000	11869.0000000000	9238.0000000000	181.0000000000	337.0000000000	433.0000000000	  0.0000000000	  0.0000000000	  0.0000000000	  0.0603361906	  9.6184492063	687578.3414958752	  0.2121868661	  6.7864459708	2637.7878724264
  0.1025172554	  1.0722723337	702.5609306807	19704.0000000000	13841.0000000000	14545.0000000000	203.0000000000	289.0000000000	275.0000000000	  0.0000000000	  0.0000000000	  0.0000000000	  0.0561844885	  5.0188663833	2236837.1091563096	  0.2424495520	  3.8874925999	2405.0666872541
  0.0998307953	  1.0349752013	691.2353078460	14184.0000000000	20408.0000000000	12945.0000000000	282.0000000000	196.0000000000	309.0000000000	  0.0000000000	  0.0000000000	  0.0000000000	  0.0917873385	 37.1953564613	1331502.6961568408	  0.5081568633	  5.9282712057	2217.4069277613
  0.1021588281	  1.0340936333	667.8608884559	15564.0000000000	13289.0000000000	12121.0000000000	257.0000000000	301.0000000000	330.0000000000	  0.0000000000	  0.0000000000	  0.0000000000	  0.0935705759	 25.9855076935	1113480.9381577466	  0.4461415458	  9.3926210724	2238.1519859503
  0.1025334608	  0.9723550691	680.0908503666	16736.0000000000	14440.0000000000	13333.0000000000	239.0000000000	277.0000000000	300.0000000000	  0.0000000000	  0.0000000000	  0.0000000000	  0.1012270300	 15.2088690145	1297393.7411671393	  0.4148280261	  6.3667213746	2093.3923769026
  0.0996404129	  0.9719677822	692.3470928904	8621.0000000000	13793.0000000000	13333.0000000000	464.0000000000	290.0000000000	300.0000000000	  0.0000000000	  0.0000000000	  0.0000000000	  0.0570736304	 12.0857802031	1576647.8662606599	  0.8433178402	  6.0708265995	2302.7695430027
  0.1056882541	  1.0896060512	693.6554251990	20305.0000000000	13889.0000000000	13559.0000000000	197.0000000000	288.0000000000	295.0000000000	  0.0000000000	  0.0000000000	  0.0000000000	  0.1088786282	 21.0433566535	1358670.3015611011	  0.3222806755	  7.9160227395	2091.1010156021
  0.1022440393	  1.0422640217	694.9783291516	21390.0000000000	20202.0000000000	12384.0000000000	187.0000000000	198.0000000000	323.0000000000	  0.0000000000	  0.0000000000	  0.0000000000	  0.0944144245	 37.2138308569	1424112.6138448736	  0.2777492219	  6.0294570291	2444.3731959281
  0.1048057260	  1.0354784406	696.7674729198	9780.0000000000	11396.0000000000	9662.0000000000	409.0000000000	351.0000000000	414.0000000000	  0.0000000000	  0.0000000000	  0.0000000000	  0.0391810586	  4.7749492153	713584.9840535000	  0.5796524468	  5.0718645810	2519.9695495270
  0.1016022099	  1.0494229031	681.0639336656	18100.0000000000	20513.0000000000	8889.0000000000	221.0000000000	195.0000000000	450.0000000000	  0.0000000000	  0.0000000000	  0.0000000000	  0.0746251688	 14.9360987277	590351.0357178048	  0.3166670606	  3.7098060825	2595.8871496247
  0.0978572859	  0.9791173668	685.7311038988	14981.0000000000	13559.0000000000	12048.0000000000	267.0000000000	295.0000000000	332.0000000000	  0.0000000000	  0.0000000000	  0.0000000000	  0.0893307365	 16.0381919364	1208718.3323764943	  0.4605042057	  7.1693516481	2350.2901030786
  0.0989063243	  1.0564533227	687.8064335990	12618.0000000000	16807.0000000000	10101.0000000000	317.0000000000	238.0000000000	396.0000000000	  0.0000000000	  0.0000000000	  0.0000000000	  0.0651052622	 14.4124813078	787184.8078540831	  0.5100053066	  4.9136043971	2475.6818256030
  0.0968305810	  1.0536055807	686.9157521313	21739.0000000000	14085.0000000000	10336.0000000000	184.0000000000	284.0000000000	387.0000000000	  0.0000000000	  0.0000000000	  0.0000000000	  0.0837381775	 18.5930301004	730306.3459105325	  0.2562554976	  7.3053554214	2301.3386808304
  0.1027876938	  1.0597935574	712.2825404972	36697.0000000000	13699.0000000000	12158.0000000000	109.0000000000	292.0000000000	329.0000000000	  0.0000000000	  0.0000000000	  0.0000000000	  0.0961238875	 13.9891029512	1126894.0955764689	  0.1253754747	  6.5851772787	2238.5931274861
  0.1056000000	  0.8757287686	702.7028858570	10000.0000000000	6969.0000000000	15152.0000000000	400.0000000000	574.0000000000	264.0000000000	  0.0000000000	  0.0000000000	  0.0000000000	  0.0478706553	  2.0689414013	1915195.5049236703	  0.6178049219	  6.9904911941	2103.3631920240
  0.1036959020	  1.0196253103	685.6948865697	10444.0000000000	10929.0000000000	10610.0000000000	383.0000000000	366.0000000000	377.0000000000	  0.0000000000	  0.0000000000	  0.0000000000	  0.0816319215	 10.6843521478	888347.1669524878	  0.7578541337	  8.0808027470	2442.0813094079
  0.1059136059	  1.0037591135	692.9633009175	17316.0000000000	10283.0000000000	10444.0000000000	231.0000000000	389.0000000000	383.0000000000	  0.0000000000	  0.0000000000	  0.0000000000	  0.0644503158	  5.8707125856	934920.4130211250	  0.3154180099	  6.5754175192	2562.4739792629
  0.1069173758	  1.0836619467	684.4857616447	65574.0000000000	21164.0000000000	9852.0000000000	 61.0000000000	189.0000000000	406.0000000000	  0.0000000000	  0.0000000000	  0.0000000000	  0.1253418698	 21.7650028624	632804.1232170365	 -0.0593597808	  4.3000891095	2297.2496206928
  0.1034190265	  1.0344980996	684.3452009910	15326.0000000000	12862.0000000000	12270.0000000000	261.0000000000	311.0000000000	326.0000000000	  0.0000000000	  0.0000000000	  0.0000000000	  0.0910597463	 13.0790177539	1116619.4049759710	  0.4503998886	  7.0017876680	2196.1062172186
  0.1039600000	  0.9905954209	686.9871118712	25000.0000000000	12158.0000000000	11976.0000000000	160.0000000000	329.0000000000	334.0000000000	  0.0000000000	  0.0000000000	  0.0000000000	  0.1253282719	 15.7974326100	932775.6640686678	  0.2524419572	  8.3883288840	2082.9909649699
  0.1022960230	  1.0798660990	685.5753426240	9756.0000000000	11299.0000000000	9070.0000000000	410.0000000000	354.0000000000	441.0000000000	  0.0000000000	  0.0000000000	  0.0000000000	  0.0990980233	 16.2373433167	688789.7330354466	  0.9248864434	  9.4766783036	2713.0846958192
  0.1145177863	  1.0404322339	686.3144923619	133333.0000000000	17937.0000000000	10840.0000000000	 30.0000000000	223.0000000000	369.0000000000	  0.0000000000	  0.0000000000	  0.0000000000	  0.0979309680	 22.8457492496	1122340.6353031555	 -0.0183620878	  5.6373685829	2653.1884459848
  0.0970985650	  0.9944266940	688.2869682047	9547.0000000000	15686.0000000000	12308.0000000000	419.0000000000	255.0000000000	325.0000000000	  0.0000000000	  0.0000000000	  0.0000000000	  0.0861582289	 22.0144093247	1348939.9333081250	  0.8900657185	  6.7427523906	2408.6922837119
  0.0998750000	  1.0240149801	691.9538732519	8000.0000000000	16667.0000000000	12121.0000000000	500.0000000000	240.0000000000	330.0000000000	  0.0000000000	  0.0000000000	  0.0000000000	  0.0464644063	 20.4186993662	1240187.6488488696	  0.8513603228	  5.9289602711	2356.4491186066
  0.1019670577	  0.9951208705	683.5009902539	16878.0000000000	7663.0000000000	10499.0000000000	237.0000000000	522.0000000000	381.0000000000	  0.0000000000	  0.0000000000	  0.0000000000	  0.1209804639	  8.6980018167	812445.9224679843	  0.4490730687	 12.4330011624	2365.7206044995
  0.1014816137	  1.0627457031	683.2792505489	11204.0000000000	16807.0000000000	11905.0000000000	357.0000000000	238.0000000000	336.0000000000	  0.0000000000	  0.0000000000	  0.0000000000	  0.0735919577	 19.8039080582	981626.5770026868	  0.6456330497	  5.7609191954	2154.1245124012
  0.1011772365	  0.9999388699	708.9877684886	18433.0000000000	17857.0000000000	11730.0000000000	217.0000000000	224.0000000000	341.0000000000	  0.0000000000	  0.0000000000	  0.0000000000	  0.0667775092	 15.2694231345	1078224.5899379093	  0.2928924199	  4.6334878927	2308.6595042988
  0.0949937940	  1.0909661537	711.4621590649	12085.0000000000	13289.0000000000	17241.0000000000	331.0000000000	301.0000000000	232.0000000000	  0.0000000000	  0.0000000000	  0.0000000000	  0.0964629915	 21.6769600071	2341729.4311382491	  0.6620148659	  8.6062000226	1914.2163758726
  0.1030654353	  1.0012602154	691.6958307925	10178.0000000000	8929.0000000000	10178.0000000000	393.0000000000	448.0000000000	393.0000000000	  0.0000000000	  0.0000000000	  0.0000000000	  0.0894940898	 10.4422823061	710012.2003223057	  0.8239039701	 10.8228173408	2320.0623881140
  0.0994621620	  1.0329287262	700.4065271580	13201.0000000000	11111.0000000000	9281.0000000000	303.0000000000	360.0000000000	431.0000000000	  0.0000000000	  0.0000000000	  0.0000000000	  0.1002834849	 14.6413492609	599818.1284338804	  0.5912580906	  9.2397880785	2451.0115150573
  0.1009460907	  1.0570232663	685.9273321379	11204.0000000000	12821.0000000000	10444.0000000000	357.0000000000	312.0000000000	383.0000000000	  0.0000000000	  0.0000000000	  0.0000000000	  0.0570331057	 10.6823766775	778543.1745048147	  0.5685010895	  6.3803042177	2340.8977839421
  0.1045931696	  0.9699618973	707.9332156767	21053.0000000000	11940.0000000000	12085.0000000000	190.0000000000	335.0000000000	331.0000000000	  0.0000000000	  0.0000000000	  0.0000000000	  0.1165832679	 14.5671741355	954288.9445290463	  0.3161520761	  8.2872833223	2078.5928713396
  0.1061752124	  1.0485892986	699.0318928275	32258.0000000000	13889.0000000000	9009.0000000000	124.0000000000	288.0000000000	444.0000000000	  0.0000000000	  0.0000000000	  0.0000000000	  0.1053907608	 16.8452031288	473593.0310293870	  0.1584682039	  7.1047567644	2272.9274832943
  0.1022569605	  1.0493612540	699.4628307096	21622.0000000000	24096.0000000000	12308.0000000000	185.0000000000	166.0000000000	325.0000000000	  0.0000000000	  0.0000000000	  0.0000000000	  0.0909275121	 27.3586812451	1408550.1741002726	  0.2687773015	  3.9477989890	2456.0350143243
  0.0997346200	  1.0431790603	698.7663718008	20725.0000000000	13937.0000000000	9009.0000000000	193.0000000000	287.0000000000	444.0000000000	  0.0000000000	  0.0000000000	  0.0000000000	  0.1194281339	 23.6610775386	528898.6248410965	  0.3277520295	  8.3786723462	2408.5284458899
  0.0989820990	  1.0520714966	705.0727596970	11396.0000000000	15625.0000000000	10444.0000000000	351.0000000000	256.0000000000	383.0000000000	  0.0000000000	  0.0000000000	  0.0000000000	  0.0661360512	 13.0115283565	698270.3954550214	  0.5975166216	  5.2352890757	2215.1397554905
  0.1040769367	  1.0985976784	683.3454617994	16949.0000000000	20202.0000000000	9456.0000000000	236.0000000000	198.0000000000	423.0000000000	  0.0000000000	  0.0000000000	  0.0000000000	  0.0900466083	 39.0504155252	674737.6552502490	  0.3835714108	  6.1734413021	2527.4042792999
  0.1007481297	  0.9983009256	691.1239056442	14035.0000000000	11111.0000000000	10127.0000000000	285.0000000000	360.0000000000	395.0000000000	  0.0000000000	  0.0000000000	  0.0000000000	  0.0645284917	  6.9388206174	760400.4477379753	  0.4318964883	  6.3506225366	2419.0331059022
  0.1046943322	  1.0239987950	698.2377841304	24242.0000000000	15810.0000000000	13937.0000000000	165.0000000000	253.0000000000	287.0000000000	  0.0000000000	  0.0000000000	  0.0000000000	  0.1046177051	 28.4891884956	1458845.7963700322	  0.2415865025	  7.6070136479	2073.2802448302
  0.0974762102	  1.0215922292	697.0307265376	12085.0000000000	13746.0000000000	9709.0000000000	331.0000000000	291.0000000000	412.0000000000	  0.0000000000	  0.0000000000	  0.0000000000	  0.0907871927	 22.5893328042	607872.5333256357	  0.6424312312	  8.3309934397	2306.9071333418
  0.1036314728	  1.0577619289	685.3928547431	14870.0000000000	14815.0000000000	10638.0000000000	269.0000000000	270.0000000000	376.0000000000	  0.0000000000	  0.0000000000	  0.0000000000	  0.1206441593	 25.9949061867	919588.6095085482	  0.5415948124	  7.9813294657	2469.5767477303
  0.1036797868	  1.0306245583	689.7195929711	19512.0000000000	19512.0000000000	13245.0000000000	205.0000000000	205.0000000000	302.0000000000	  0.0000000000	  0.0000000000	  0.0000000000	  0.0916817029	 17.5358165958	1399901.9071528830	  0.3149390649	  4.3391796133	2194.0142275916
  0.1009950711	  1.0713318244	695.5892140973	10753.0000000000	17857.0000000000	12195.0000000000	372.0000000000	224.0000000000	328.0000000000	  0.0000000000	  0.0000000000	  0.0000000000	  0.0821269901	 30.0753966185	932117.0533753433	  0.7272386408	  6.5146484202	2028.9808388023
  0.1009126009	  0.9921691348	695.4176355571	34188.0000000000	16736.0000000000	12048.0000000000	117.0000000000	239.0000000000	332.0000000000	  0.0000000000	  0.0000000000	  0.0000000000	  0.0985392552	 13.2321130096	1009273.1451231327	  0.1405253115	  4.7498048821	2149.5817242354
  0.1020291838	  0.9847319830	687.6417833329	17544.0000000000	14085.0000000000	12308.0000000000	228.0000000000	284.0000000000	325.0000000000	  0.0000000000	  0.0000000000	  0.0000000000	  0.1161747233	 29.8223241116	1403057.4379685235	  0.4139194532	  9.2460868799	2455.7834571126
  0.0974322898	  1.0694581220	678.5797601728	8529.0000000000	12618.0000000000	8811.0000000000	469.0000000000	317.0000000000	454.0000000000	  0.0000000000	  0.0000000000	  0.0000000000	  0.0643269629	 20.4527767670	441625.5942080465	  0.9113716585	  9.0138679496	2274.3463855753
  0.1003779924	  1.0668724358	687.3138964401	14286.0000000000	15038.0000000000	13699.0000000000	280.0000000000	266.0000000000	292.0000000000	  0.0000000000	  0.0000000000	  0.0000000000	  0.1276696580	 35.0128939036	1306124.8840107308	  0.5913330147	  9.0551868331	2018.5653399967
  0.1064268625	  1.0798084076	701.3421688860	24242.0000000000	28571.0000000000	13841.0000000000	165.0000000000	140.0000000000	289.0000000000	  0.0000000000	  0.0000000000	  0.0000000000	  0.1001561440	 23.7527201307	1666029.5645032569	  0.2381855187	  2.8590746274	2243.5688342429
  0.1022766051	  0.9600468523	694.8302997475	20513.0000000000	11905.0000000000	10390.0000000000	195.0000000000	336.0000000000	385.0000000000	  0.0000000000	  0.0000000000	  0.0000000000	  0.1185390745	 21.3672885272	782511.2518060893	  0.3305801761	 10.0613793878	2363.1722788169
  0.1013016136	  0.9387438916	689.5012333957	20513.0000000000	11905.0000000000	12346.0000000000	195.0000000000	336.0000000000	324.0000000000	  0.0000000000	  0.0000000000	  0.0000000000	  0.1132398219	 13.7386979494	1182621.7476875496	  0.3233571162	  8.0754817864	2243.7624410386
  0.1011772853	  0.9594158741	710.1991087228	14440.0000000000	10127.0000000000	9132.0000000000	277.0000000000	395.0000000000	438.0000000000	  0.0000000000	  0.0000000000	  0.0000000000	  0.0907207163	  9.7524058641	497444.2585882164	  0.4922435597	  8.6548779491	2287.2834156648
  0.0987373215	  1.0140313292	718.5977297716	9662.0000000000	12862.0000000000	10025.0000000000	414.0000000000	311.0000000000	399.0000000000	  0.0000000000	  0.0000000000	  0.0000000000	  0.0477464652	  6.7554453071	757080.0836288498	  0.6502773937	  5.0387983867	2451.4926600356
  0.1020723569	  1.0618418326	700.8069888099	14235.0000000000	15094.0000000000	9217.0000000000	281.0000000000	265.0000000000	434.0000000000	  0.0000000000	  0.0000000000	  0.0000000000	  0.0901172866	 23.5859659628	601701.4167520867	  0.4989563771	  7.3874108031	2476.9641534349
  0.1029219663	  0.9923330384	690.8410207368	14545.0000000000	16736.0000000000	13841.0000000000	275.0000000000	239.0000000000	289.0000000000	  0.0000000000	  0.0000000000	  0.0000000000	  0.0907075771	 27.8417943673	2026671.2020862657	  0.4844049844	  6.9066874616	2467.1409945439
  0.1054956538	  1.0858071818	715.0898497845	21053.0000000000	18100.0000000000	10638.0000000000	190.0000000000	221.0000000000	376.0000000000	  0.0000000000	  0.0000000000	  0.0000000000	  0.1142339158	 39.3024633635	789515.6546481992	  0.3126704779	  7.2627643772	2291.7227343324
  0.1023634882	  1.0163404735	686.0306746367	12270.0000000000	6711.0000000000	9756.0000000000	326.0000000000	596.0000000000	410.0000000000	  0.0000000000	  0.0000000000	  0.0000000000	  0.0625261593	  2.7064953580	519630.1853463874	  0.5198791610	  8.4538972044	2115.5351467526
  0.1059241526	  1.0316087057	698.3951893552	52632.0000000000	10025.0000000000	13245.0000000000	 76.0000000000	399.0000000000	302.0000000000	  0.0000000000	  0.0000000000	  0.0000000000	  0.0891791404	  9.3823631418	1530747.3386095078	  0.0701545375	  8.6157115713	2296.9178531351
  0.1018704075	  0.9807807525	691.2987859581	23952.0000000000	19512.0000000000	11561.0000000000	167.0000000000	205.0000000000	346.0000000000	  0.0000000000	  0.0000000000	  0.0000000000	  0.0946590905	 26.3611400355	847669.5395246760	  0.2340352943	  5.3201229862	2095.5956468484
  0.1022358019	  0.9929212411	700.1898271641	20619.0000000000	11396.0000000000	10444.0000000000	194.0000000000	351.0000000000	383.0000000000	  0.0000000000	  0.0000000000	  0.0000000000	  0.1069254327	  8.9301434790	652976.1203775000	  0.3115930887	  6.9537875760	2137.2949529222
  0.1064218133	  1.0276392254	686.1158220723	26846.0000000000	13289.0000000000	14235.0000000000	149.0000000000	301.0000000000	281.0000000000	  0.0000000000	  0.0000000000	  0.0000000000	  0.1207488632	 12.3839708953	1707508.3552346183	 -0.2238465690	  6.4831114545	2179.8074486965
  0.0995260664	  1.0941576348	704.2671237146	14981.0000000000	20513.0000000000	12308.0000000000	267.0000000000	195.0000000000	325.0000000000	  0.0000000000	  0.0000000000	  0.0000000000	  0.1062302334	 39.2987151843	1405982.2539096398	  0.5022018223	  6.0446520362	2454.4291635014
  0.1018773747	  1.0197435147	690.1009382113	26846.0000000000	17316.0000000000	10667.0000000000	149.0000000000	231.0000000000	375.0000000000	  0.0000000000	  0.0000000000	  0.0000000000	  0.1200463499	 24.7519687214	885390.5715953753	  0.2231542326	  6.1759634255	2412.3189843998
  0.1033526927	  1.0330544806	700.0815685794	15152.0000000000	14184.0000000000	13245.0000000000	264.0000000000	282.0000000000	302.0000000000	  0.0000000000	  0.0000000000	  0.0000000000	  0.1137912865	 18.9161703088	1467935.0067190817	  0.5117484767	  7.2858308830	2246.6459450966
  0.1011368091	  0.9822078304	685.9128595704	17857.0000000000	10444.0000000000	11268.0000000000	224.0000000000	383.0000000000	355.0000000000	  0.0000000000	  0.0000000000	  0.0000000000	  0.0911680694	  6.2685341946	848335.3153763356	  0.3570425992	  6.6239378099	2178.5738603626
  0.1075912927	  1.0317124849	685.6360179426	81633.0000000000	10256.0000000000	11429.0000000000	 49.0000000000	390.0000000000	350.0000000000	  0.0000000000	  0.0000000000	  0.0000000000	  0.1193279752	 13.4152572295	1136219.7647575929	 -0.0421964781	  9.9755037027	2464.2220586043
  0.0998145859	  1.0183007386	695.6712907386	6472.0000000000	15873.0000000000	10638.0000000000	618.0000000000	252.0000000000	376.0000000000	  0.0000000000	  0.0000000000	  0.0000000000	  0.0190618789	 10.0973737419	901143.6249549423	  0.7504888129	  4.4986093275	2449.6930678834
  0.1060773635	  1.0040772637	683.2651334747	71429.0000000000	16194.0000000000	9569.0000000000	 56.0000000000	247.0000000000	418.0000000000	  0.0000000000	  0.0000000000	  0.0000000000	  0.0949123494	 16.3042040107	589825.3702679467	 -0.0450777354	  5.5488228276	2319.5758793634
  0.1062129825	  0.9936463506	698.0507888022	25157.0000000000	10283.0000000000	11662.0000000000	159.0000000000	389.0000000000	343.0000000000	  0.0000000000	  0.0000000000	  0.0000000000	  0.1073756288	 11.3043376686	1173641.6793100680	  0.2315646967	  9.1281700804	2433.9661252386
  0.1032691059	  1.0176074659	706.0747163068	9238.0000000000	13652.0000000000	10667.0000000000	433.0000000000	293.0000000000	375.0000000000	  0.0000000000	  0.0000000000	  0.0000000000	  0.0666996849	 13.7024264025	780907.7242016566	  0.8233026808	  6.5521201612	2269.0400014925
  0.1035708045	  0.9793410024	689.7225097937	17167.0000000000	15209.0000000000	12308.0000000000	233.0000000000	263.0000000000	325.0000000000	  0.0000000000	  0.0000000000	  0.0000000000	  0.1116635532	 24.3490751622	1244368.7278816481	  0.4210106846	  7.4387781717	2314.3309815813
  0.0990279465	  1.0461165348	705.9583244733	8230.0000000000	18433.0000000000	14493.0000000000	486.0000000000	217.0000000000	276.0000000000	  0.0000000000	  0.0000000000	  0.0000000000	  0.0846012701	 38.6822197239	1382550.6893680671	  1.1015308477	  7.0421021845	1904.3513569494
  0.1004898395	  1.0265290862	684.8765453051	20619.0000000000	18957.0000000000	13605.0000000000	194.0000000000	211.0000000000	294.0000000000	  0.0000000000	  0.0000000000	  0.0000000000	  0.1256639001	 30.1587630894	1635954.1675201266	  0.3392040315	  5.9498696618	2285.1019458082
  0.1023035230	  1.0217136833	700.6559309502	14760.0000000000	17699.0000000000	12422.0000000000	271.0000000000	226.0000000000	322.0000000000	  0.0000000000	  0.0000000000	  0.0000000000	  0.0479966156	 11.5723142807	1318378.6325994090	  0.3455849068	  4.0970085229	2341.1792506494
  0.1031680000	  0.9680409218	671.4587973588	31250.0000000000	10811.0000000000	11799.0000000000	128.0000000000	370.0000000000	339.0000000000	  0.0000000000	  0.0000000000	  0.0000000000	  0.1132343526	 12.7651018243	1206232.9258605593	  0.1720010086	  8.9881009505	2424.9795742422
  0.1035010597	  1.0000280530	673.1358806557	25478.0000000000	10390.0000000000	9804.0000000000	157.0000000000	385.0000000000	408.0000000000	  0.0000000000	  0.0000000000	  0.0000000000	  0.1138353422	 10.3655242887	660914.4355705109	  0.2337024038	  8.6004697970	2366.0442679554
  0.1024660247	  1.0540817834	699.8256920166	22222.0000000000	18182.0000000000	13072.0000000000	180.0000000000	220.0000000000	306.0000000000	  0.0000000000	  0.0000000000	  0.0000000000	  0.0985106178	 19.1387598378	1483422.7865567824	  0.2679284781	  5.0333622073	2302.1861256671
  0.1034982405	  1.0272789844	699.9725991939	14493.0000000000	15504.0000000000	11662.0000000000	276.0000000000	258.0000000000	343.0000000000	  0.0000000000	  0.0000000000	  0.0000000000	  0.0639951086	 22.9863855568	1157886.4380866443	  0.4104226805	  7.0201743766	2414.2123091666
  0.1042826257	  1.0620119473	685.1376571042	43478.0000000000	20619.0000000000	13559.0000000000	 92.0000000000	194.0000000000	295.0000000000	  0.0000000000	  0.0000000000	  0.0000000000	  0.1191246634	 37.7885430181	1538279.0699170972	  0.1073235156	  5.8733989169	2221.8855091794
  0.1022951816	  1.0572817436	714.6739873992	26316.0000000000	13514.0000000000	10050.0000000000	152.0000000000	296.0000000000	398.0000000000	  0.0000000000	  0.0000000000	  0.0000000000	  0.1162110926	 20.0072146317	614059.6267465629	  0.2255176603	  8.0497805562	2198.3168867400
  0.1037421110	  0.9812213637	708.0165950466	47059.0000000000	9639.0000000000	10076.0000000000	 85.0000000000	415.0000000000	397.0000000000	  0.0000000000	  0.0000000000	  0.0000000000	  0.0913186072	  6.9551625447	614117.0104059038	  0.0832330557	  7.8711821241	2191.3223728037
  0.1006056288	  1.0431639572	685.5842013270	14035.0000000000	13245.0000000000	9547.0000000000	285.0000000000	302.0000000000	419.0000000000	  0.0000000000	  0.0000000000	  0.0000000000	  0.0824467272	 11.6720701489	596657.2292804453	  0.4890265667	  6.3337773431	2338.3585458002
  0.0988866100	  0.9919790988	698.6293242498	13652.0000000000	15748.0000000000	10127.0000000000	293.0000000000	254.0000000000	395.0000000000	  0.0000000000	  0.0000000000	  0.0000000000	  0.1145336915	 36.1903471964	803953.2424859281	  0.5999777350	  8.6110854982	2484.1691429704
  0.1027924461	  1.0603290228	695.5944882978	22346.0000000000	26846.0000000000	13289.0000000000	179.0000000000	149.0000000000	301.0000000000	  0.0000000000	  0.0000000000	  0.0000000000	  0.1530023981	 42.5903558236	1248437.1849286314	  0.3314650388	  4.2027994420	2058.6417861249
  0.1004207574	  1.0332705176	679.8191801822	21390.0000000000	21622.0000000000	11869.0000000000	187.0000000000	185.0000000000	337.0000000000	  0.0000000000	  0.0000000000	  0.0000000000	  0.0730106553	 16.1335258626	1016094.9715484029	  0.2434700368	  3.5621297572	2203.7497412904
  0.0987564599	  1.0379236008	691.0705021521	12384.0000000000	9132.0000000000	12121.0000000000	323.0000000000	438.0000000000	330.0000000000	  0.0000000000	  0.0000000000	  0.0000000000	  0.0812348733	  8.3879501713	1168748.6745012398	  0.5846372686	  9.3918528643	2292.7104879658
  0.1065551476	  1.0010162242	696.4259318261	29412.0000000000	12158.0000000000	12903.0000000000	136.0000000000	329.0000000000	310.0000000000	  0.0000000000	  0.0000000000	  0.0000000000	  0.1388363243	 19.5377478832	1094889.5050787912	  0.2089120203	  9.3140700614	2022.2646261752
  0.0947981896	  1.0703420383	694.6869995210	16129.0000000000	14440.0000000000	8850.0000000000	248.0000000000	277.0000000000	452.0000000000	  0.0000000000	  0.0000000000	  0.0000000000	  0.0833147741	 18.0215562007	523827.2186499952	  0.3976694655	  6.9164066403	2455.3911521811
  0.1024000000	  1.0254706775	698.1200597060	20000.0000000000	19324.0000000000	13072.0000000000	200.0000000000	207.0000000000	306.0000000000	  0.0000000000	  0.0000000000	  0.0000000000	  0.1210081320	 27.9906019834	1863440.5652646644	  0.3469894960	  5.5538318374	2579.8959889907
  0.1160866161	  0.9754067327	700.5265098005	148148.0000000000	13986.0000000000	13333.0000000000	 27.0000000000	286.0000000000	300.0000000000	  0.0000000000	  0.0000000000	  0.0000000000	  0.0735554162	  5.6675122152	1971700.7334247385	  0.0137130018	  4.0739385375	2576.5195139373
  0.1034128097	  1.0884670024	686.8002184820	10695.0000000000	8197.0000000000	8282.0000000000	374.0000000000	488.0000000000	483.0000000000	  0.0000000000	  0.0000000000	  0.0000000000	  0.0543403174	  2.6182007752	362178.4158139090	  0.5960096045	  6.1695678902	2258.6800527918
  0.1007743934	  0.9986592060	687.1723485938	9685.0000000000	9639.0000000000	10309.0000000000	413.0000000000	415.0000000000	388.0000000000	  0.0000000000	  0.0000000000	  0.0000000000	  0.0647093182	  5.1036114469	688356.1735425637	  0.7544645307	  6.7616263350	2244.9269992850
  0.1025600128	  1.0536422742	693.1093045268	12539.0000000000	8909.0000000000	9195.0000000000	319.0000000000	449.0000000000	435.0000000000	  0.0000000000	  0.0000000000	  0.0000000000	  0.1050641021	  9.3995855412	476017.8763908037	  0.6531311472	 10.3258748773	2213.1687190379
  0.0984064149	  0.9977167902	700.9068490690	19704.0000000000	10127.0000000000	11111.0000000000	203.0000000000	395.0000000000	360.0000000000	  0.0000000000	  0.0000000000	  0.0000000000	  0.1048551273	  8.3987125827	1087424.2744951136	  0.3315873832	  8.0437931221	2521.5931350141
  0.1026678933	  1.0080889680	701.8997407471	10870.0000000000	11142.0000000000	12821.0000000000	368.0000000000	359.0000000000	312.0000000000	  0.0000000000	  0.0000000000	  0.0000000000	  0.0581871166	  5.7365059943	1400767.2203532134	  0.6026920729	  5.7718810979	2306.9891335439
  0.1031877458	  1.0095613011	711.0717337527	28986.0000000000	23256.0000000000	12903.0000000000	138.0000000000	172.0000000000	310.0000000000	  0.0000000000	  0.0000000000	  0.0000000000	  0.1346547614	 24.8959185260	1319541.3359577081	 -0.2103223000	  3.9750757789	2216.2511649975
  0.1040033320	  1.0458101034	688.9427151096	40816.0000000000	40816.0000000000	11662.0000000000	 98.0000000000	 98.0000000000	343.0000000000	  0.0000000000	  0.0000000000	  0.0000000000	  0.0995658321	 25.6435691185	973089.7600961447	  0.1079873997	  1.7379692144	2211.1381780947
  0.1002004008	  0.9681881373	668.4025777310	11976.0000000000	8529.0000000000	9238.0000000000	334.0000000000	469.0000000000	433.0000000000	  0.0000000000	  0.0000000000	  0.0000000000	  0.0908698519	  9.1224332798	625952.7087999203	  0.6493138132	 10.8316861514	2518.0494304245
  0.1051551588	  1.0045038104	685.0345655646	27778.0000000000	8565.0000000000	13423.0000000000	144.0000000000	467.0000000000	298.0000000000	  0.0000000000	  0.0000000000	  0.0000000000	  0.1169491959	  7.4108955344	1502500.9724416893	  0.2089271948	  9.7172350025	2227.1565111813
  0.1054206566	  1.0173247525	693.7976753045	35088.0000000000	11730.0000000000	11050.0000000000	114.0000000000	341.0000000000	362.0000000000	  0.0000000000	  0.0000000000	  0.0000000000	  0.1106974432	 11.1292323133	861859.8588028315	  0.1431163566	  7.4160107819	2258.3929550147
  0.0986250000	  1.0561147898	687.9257471277	16000.0000000000	17937.0000000000	9901.0000000000	250.0000000000	223.0000000000	404.0000000000	  0.0000000000	  0.0000000000	  0.0000000000	  0.0714392157	 16.7793629220	611465.0213324591	  0.3743225559	  4.8123682543	2241.8163799717
  0.0973526900	  1.0209680879	686.2113547482	8197.0000000000	8081.0000000000	10000.0000000000	488.0000000000	495.0000000000	400.0000000000	  0.0000000000	  0.0000000000	  0.0000000000	  0.0829340271	  5.7353248857	574474.8320942654	  1.0985519045	  9.3256109357	2142.7237222066
  0.1028524857	  1.0857897351	689.1585417431	24540.0000000000	17241.0000000000	12945.0000000000	163.0000000000	232.0000000000	309.0000000000	  0.0000000000	  0.0000000000	  0.0000000000	  0.0910898592	 22.2299813311	1691894.7769365523	  0.2226752876	  5.9091281991	2503.5003128627
  0.1054120541	  1.0168797791	700.5016214793	16260.0000000000	12461.0000000000	13201.0000000000	246.0000000000	321.0000000000	303.0000000000	  0.0000000000	  0.0000000000	  0.0000000000	  0.1193446793	 21.8753355784	1674655.0841516973	  0.4714563978	  9.5035092170	2411.4321119473
  0.1027484761	  1.0229133490	687.1405759474	27397.0000000000	21505.0000000000	13378.0000000000	146.0000000000	186.0000000000	299.0000000000	  0.0000000000	  0.0000000000	  0.0000000000	  0.1282166130	 36.5666185496	1375654.5619833744	  0.2242098085	  5.4161185884	2142.7423292963
  0.1002708692	  1.0294605490	700.8337299278	20305.0000000000	16393.0000000000	15564.0000000000	197.0000000000	244.0000000000	257.0000000000	  0.0000000000	  0.0000000000	  0.0000000000	  0.1319884666	 36.6544416332	2073068.6840113869	  0.3550642244	  8.1427755344	2096.4365373585
  0.0999483738	  1.0122582708	699.1625294731	9685.0000000000	16327.0000000000	10638.0000000000	413.0000000000	245.0000000000	376.0000000000	  0.0000000000	  0.0000000000	  0.0000000000	  0.0737218699	 34.3952494202	742663.2126197361	  0.8051283773	  7.9649471589	2219.8821956012
  0.1014035952	  1.0326891063	702.9275257719	20305.0000000000	16393.0000000000	9238.0000000000	197.0000000000	244.0000000000	433.0000000000	  0.0000000000	  0.0000000000	  0.0000000000	  0.1165815517	 29.9608580043	481514.1539657834	  0.3328686796	  7.3953815277	2212.6744051797
  0.1027122529	  1.0063779051	699.5359850294	20942.0000000000	7130.0000000000	11236.0000000000	191.0000000000	561.0000000000	356.0000000000	  0.0000000000	  0.0000000000	  0.0000000000	  0.0566805973	  2.1558951979	1077125.0414311977	  0.2216917906	  6.8910680679	2461.7794078331
  0.1007821008	  1.0065843988	688.1007905668	10101.0000000000	12539.0000000000	9877.0000000000	396.0000000000	319.0000000000	405.0000000000	  0.0000000000	  0.0000000000	  0.0000000000	  0.0677570199	  8.7161897925	621851.4943010776	  0.7263471392	  5.9600326314	2269.7979698890
  0.1048306773	  1.0180477463	691.3960244557	12048.0000000000	18182.0000000000	11204.0000000000	332.0000000000	220.0000000000	357.0000000000	  0.0000000000	  0.0000000000	  0.0000000000	  0.1026165040	 29.7359036055	1048704.9462764808	  0.6862172377	  6.3081433875	2438.7810008337
  0.1077931078	  0.9627564391	693.6854997438	63492.0000000000	9732.0000000000	12232.0000000000	 63.0000000000	411.0000000000	327.0000000000	  0.0000000000	  0.0000000000	  0.0000000000	  0.0876058531	  3.5692052286	1185486.6515144142	 -0.0525416903	  5.5731430364	2273.4811538773
  0.0983584590	  1.0176772089	687.8242488564	14925.0000000000	15038.0000000000	11940.0000000000	268.0000000000	266.0000000000	335.0000000000	  0.0000000000	  0.0000000000	  0.0000000000	  0.1033571590	 17.1094643341	1186379.6316696454	  0.4982659375	  6.3521158332	2360.2265659569
  0.1072450710	  1.0047358560	690.8430673024	37736.0000000000	12012.0000000000	10695.0000000000	106.0000000000	333.0000000000	374.0000000000	  0.0000000000	  0.0000000000	  0.0000000000	  0.1286891440	 16.8016092199	852630.1658172688	  0.1381979233	  8.7986714529	2365.8029220004
  0.1013410134	  1.0106290926	704.4820271566	11111.0000000000	17544.0000000000	10256.0000000000	360.0000000000	228.0000000000	390.0000000000	  0.0000000000	  0.0000000000	  0.0000000000	  0.0834436722	 36.3482459789	747607.3475242157	  0.6988841477	  7.3144231573	2350.7645147255
  0.0990124876	  1.0263165071	692.1990570568	19139.0000000000	15326.0000000000	13746.0000000000	209.0000000000	261.0000000000	291.0000000000	  0.0000000000	  0.0000000000	  0.0000000000	  0.1050883908	 14.9076057922	1395036.3260453474	  0.3465020154	  5.7601668756	2077.9061969747
  0.1041868435	  1.0240418852	684.3233882184	26846.0000000000	12085.0000000000	8351.0000000000	149.0000000000	331.0000000000	479.0000000000	  0.0000000000	  0.0000000000	  0.0000000000	  0.1009907685	  9.6800307497	406892.8580043701	  0.2040011742	  6.6211744086	2366.2201127003
  0.1011996904	  1.0464299833	715.3148310918	15504.0000000000	14035.0000000000	12346.0000000000	258.0000000000	285.0000000000	324.0000000000	  0.0000000000	  0.0000000000	  0.0000000000	  0.0988603562	 13.3339482130	1390508.1648491432	  0.4601248433	  6.2055980847	2434.5398528286
  0.1037129597	  1.0274093645	704.4743929358	11204.0000000000	17937.0000000000	10667.0000000000	357.0000000000	223.0000000000	375.0000000000	  0.0000000000	  0.0000000000	  0.0000000000	  0.0635108960	 18.1637942908	709915.4236964770	  0.6002319078	  5.0149109375	2166.7552076744
  0.1037210665	  0.9936856180	689.6363552640	13652.0000000000	14981.0000000000	12821.0000000000	293.0000000000	267.0000000000	312.0000000000	  0.0000000000	  0.0000000000	  0.0000000000	  0.0624009191	 13.4927629092	1538350.6404775039	  0.4420491741	  5.6527341037	2417.7746510870
  0.1054871561	  1.0502493124	694.3105195931	26316.0000000000	20513.0000000000	11696.0000000000	152.0000000000	195.0000000000	342.0000000000	  0.0000000000	  0.0000000000	  0.0000000000	  0.1137998617	 28.8729272823	1018654.7254424943	  0.2238693307	  5.1677925192	2251.9977669849
  0.1026178521	  1.0356390955	705.1780334935	20513.0000000000	17544.0000000000	14440.0000000000	195.0000000000	228.0000000000	277.0000000000	  0.0000000000	  0.0000000000	  0.0000000000	  0.1075145467	 32.3887027912	1848008.9484071380	  0.3162791625	  6.9262481684	2215.4650010168
  0.1058855146	  1.0013832298	701.3965490756	18605.0000000000	13514.0000000000	12422.0000000000	215.0000000000	296.0000000000	322.0000000000	  0.0000000000	  0.0000000000	  0.0000000000	  0.0998992278	 12.1896211699	1252982.8284148399	  0.3515655548	  6.3001868856	2285.8414979054
  0.1022257667	  1.0972754222	687.5506409561	13793.0000000000	9259.0000000000	9259.0000000000	290.0000000000	432.0000000000	432.0000000000	  0.0000000000	  0.0000000000	  0.0000000000	  0.0653280150	  5.9832735415	502755.3971372013	  0.4474266359	  7.7765136537	2253.6107784198
  0.1067332135	  1.0538289602	690.3333325105	64516.0000000000	20101.0000000000	12422.0000000000	 62.0000000000	199.0000000000	322.0000000000	  0.0000000000	  0.0000000000	  0.0000000000	  0.1370456485	 39.8962845647	964552.9985572866	  0.0639339428	  6.2672317499	2008.2288318350
  0.1025025462	  1.0856814561	682.9931982580	13746.0000000000	20513.0000000000	9368.0000000000	291.0000000000	195.0000000000	427.0000000000	  0.0000000000	  0.0000000000	  0.0000000000	  0.0873443984	 22.4904328315	533207.5133156601	  0.5179576906	  4.5805220941	2275.3788114628
  0.1014682063	  1.0392556077	691.9729079688	19139.0000000000	16807.0000000000	11080.0000000000	209.0000000000	238.0000000000	361.0000000000	  0.0000000000	  0.0000000000	  0.0000000000	  0.0972072203	 24.0450436338	958783.4157475109	  0.3328914414	  6.3567636645	2374.5106091979
  0.1045441045	  1.0347143242	682.4698711182	40404.0000000000	16598.0000000000	10178.0000000000	 99.0000000000	241.0000000000	393.0000000000	  0.0000000000	  0.0000000000	  0.0000000000	  0.1133535885	 19.0289714760	615637.3022246300	  0.1172770362	  5.7790371407	2164.2706145124
  0.1037443358	  1.0008498012	691.7890190964	12579.0000000000	19139.0000000000	11834.0000000000	318.0000000000	209.0000000000	338.0000000000	  0.0000000000	  0.0000000000	  0.0000000000	  0.0879840834	 19.8830839937	1017016.4401076176	  0.5958654468	  4.7775924170	2214.1100913446
  0.0975399754	  0.9782751112	690.3746896138	16260.0000000000	13889.0000000000	10101.0000000000	246.0000000000	288.0000000000	396.0000000000	  0.0000000000	  0.0000000000	  0.0000000000	  0.1099221931	 17.2832235643	683990.6788892520	  0.4535144538	  7.1738361816	2305.3154315312
  0.1029324267	  1.0478012930	694.2957299463	11765.0000000000	9434.0000000000	9259.0000000000	340.0000000000	424.0000000000	432.0000000000	  0.0000000000	  0.0000000000	  0.0000000000	  0.0480403638	  4.3827034096	552189.3942888756	  0.4860210682	  6.4674553819	2357.3190143213
  0.1023331023	  1.0018038192	685.6148160629	25974.0000000000	11730.0000000000	13072.0000000000	154.0000000000	341.0000000000	306.0000000000	  0.0000000000	  0.0000000000	  0.0000000000	  0.0871626548	  8.9264101591	1164591.8829296059	  0.1997855097	  6.6656792532	2044.5905715406
  0.1033231033	  1.0336014719	704.9872426258	30303.0000000000	8368.0000000000	10499.0000000000	132.0000000000	478.0000000000	381.0000000000	  0.0000000000	  0.0000000000	  0.0000000000	  0.1060031927	  6.0402310411	896061.4972097242	  0.1744877291	  9.0922235494	2485.7101766714
  0.1019556372	  0.9172244730	701.2312890454	38095.0000000000	10638.0000000000	12539.0000000000	105.0000000000	376.0000000000	319.0000000000	  0.0000000000	  0.0000000000	  0.0000000000	  0.0987776334	  6.3506510685	1301450.5941222315	  0.1202076106	  6.5053720558	2300.2324160934
  0.1017951856	  1.0181172219	706.9923924389	29412.0000000000	8830.0000000000	11869.0000000000	136.0000000000	453.0000000000	337.0000000000	  0.0000000000	  0.0000000000	  0.0000000000	  0.0836240074	  3.8699734455	1015606.6256965729	  0.1619090208	  6.7108350576	2206.4460393549
  0.0966350966	  0.9893416011	688.0794961654	12987.0000000000	13115.0000000000	10025.0000000000	308.0000000000	305.0000000000	399.0000000000	  0.0000000000	  0.0000000000	  0.0000000000	  0.1194560012	 16.6421286769	661343.7081458761	  0.6617597447	  7.6928079608	2288.9923941494
