  0.1041720209	  1.0076940602	692.6171864455	23346.0000000000	26906.0000000000	13015.0000000000	257.0000000000	223.0000000000	461.0000000000	  0.0000000000	  0.0000000000	  0.0000000000	  0.1230946653	 33.6801332811	560977.8905158726	  0.4174494202	  5.5935191516	2143.1073874862
  0.1034764826	  1.0293511152	675.5737471774	14670.0000000000	17291.0000000000	14052.0000000000	409.0000000000	347.0000000000	427.0000000000	  0.0000000000	  0.0000000000	  0.0000000000	  0.1012556555	 22.9361605671	743262.1525808225	  0.7599064842	  8.9542674069	2197.7867761998
  0.1033911729	  0.9929101176	699.2392675391	27778.0000000000	16086.0000000000	13921.0000000000	216.0000000000	373.0000000000	431.0000000000	  0.0000000000	  0.0000000000	  0.0000000000	  0.1131060541	 15.4309164170	804824.6065484390	  0.3073375911	  8.1814687702	2315.6675794615
  0.1014507826	  1.0411585461	710.1180312866	38462.0000000000	39216.0000000000	16393.0000000000	156.0000000000	153.0000000000	366.0000000000	  0.0000000000	  0.0000000000	  0.0000000000	  0.1133035253	 45.0679954887	1164492.8002495538	  0.1900652970	  3.6855221405	2183.7073066325
  0.1021517554	  1.0231779233	694.2223535192	13245.0000000000	15190.0000000000	15544.0000000000	453.0000000000	395.0000000000	386.0000000000	  0.0000000000	  0.0000000000	  0.0000000000	  0.1042641313	 20.4428072505	1282412.2785558747	  0.9001254606	 10.2473968476	2477.3363899454
  0.1001000000	  1.0167955659	695.7930425902	30000.0000000000	24000.0000000000	17291.0000000000	200.0000000000	250.0000000000	347.0000000000	  0.0000000000	  0.0000000000	  0.0000000000	  0.0816897685	 17.5820069689	1711428.6976162635	  0.2329455758	  4.7828584596	2443.4697130594
  0.1013671014	  1.0903095100	701.9791812463	31746.0000000000	12448.0000000000	16393.0000000000	189.0000000000	482.0000000000	366.0000000000	  0.0000000000	  0.0000000000	  0.0000000000	  0.0810147917	  3.2144964967	1292388.6188098667	  0.2141443760	  5.4754948643	2294.2710423744
  0.1028873526	  1.0268552342	691.4984531988	19672.0000000000	14388.0000000000	11628.0000000000	305.0000000000	417.0000000000	516.0000000000	  0.0000000000	  0.0000000000	  0.0000000000	  0.0894931236	  9.3586098387	466941.6246820976	  0.4596885766	  7.5243673711	2310.0039043379
  0.1008655989	  1.0199950495	680.5260496045	19293.0000000000	15306.0000000000	12685.0000000000	311.0000000000	392.0000000000	473.0000000000	  0.0000000000	  0.0000000000	  0.0000000000	  0.0802615606	  9.6003144323	607904.6461503461	  0.4493803522	  6.9372088878	2319.0002550283
  0.1001983340	  0.9866289748	707.4359880023	25210.0000000000	13015.0000000000	16173.0000000000	238.0000000000	461.0000000000	371.0000000000	  0.0000000000	  0.0000000000	  0.0000000000	  0.1060035572	  8.0073163690	979798.7938588164	  0.3458770158	  8.0765958161	2043.6288642068
  0.1093761484	  0.9759085650	691.2355444052	122449.0000000000	20270.0000000000	12097.0000000000	 49.0000000000	296.0000000000	496.0000000000	  0.0000000000	  0.0000000000	  0.0000000000	  0.1490610615	 27.9105171080	577256.7443253428	 -0.0387110862	  7.7546700430	2419.7110432435
  0.1011210636	  1.0344303933	709.4911716749	17751.0000000000	26201.0000000000	16438.0000000000	338.0000000000	229.0000000000	365.0000000000	  0.0000000000	  0.0000000000	  0.0000000000	  0.0820436237	 16.5592145618	1001154.7056217535	  0.5147473364	  4.0575303663	2013.6954697176
  0.1013355947	  1.0099639391	688.4196038743	37736.0000000000	15584.0000000000	15267.0000000000	159.0000000000	385.0000000000	393.0000000000	  0.0000000000	  0.0000000000	  0.0000000000	  0.0993495302	 10.7820238583	1023499.7135555736	  0.1816330196	  7.1489582224	2272.1784588784
  0.1058983843	  0.9913661080	684.7455577180	20548.0000000000	17804.0000000000	16086.0000000000	292.0000000000	337.0000000000	373.0000000000	  0.0000000000	  0.0000000000	  0.0000000000	  0.0894335294	 22.0823799263	1215936.4149097670	  0.4316954262	  8.3873592607	2290.8602415256
  0.1031713968	  1.0724270126	711.7271889179	19802.0000000000	15306.0000000000	14118.0000000000	303.0000000000	392.0000000000	425.0000000000	  0.0000000000	  0.0000000000	  0.0000000000	  0.1035375189	 15.1639002710	934226.9302735856	  0.4892883267	  8.7107928128	2443.5106142129
  0.1022657104	  1.0052338320	685.4297340635	21053.0000000000	14706.0000000000	14851.0000000000	285.0000000000	408.0000000000	404.0000000000	  0.0000000000	  0.0000000000	  0.0000000000	  0.0848932630	 10.0409591639	928705.5290257544	  0.4036965854	  7.5348036671	2256.6652960485
  0.0998113531	  1.0599181996	680.8844121357	17493.0000000000	16575.0000000000	12766.0000000000	343.0000000000	362.0000000000	470.0000000000	  0.0000000000	  0.0000000000	  0.0000000000	  0.0826970737	 15.5238327377	760637.5568683434	  0.5263662578	  7.8347962976	2562.4887066821
  0.1049403539	  1.1003150324	687.9655223595	32609.0000000000	20906.0000000000	15385.0000000000	184.0000000000	287.0000000000	390.0000000000	  0.0000000000	  0.0000000000	  0.0000000000	  0.1233252892	 19.6809049040	852684.5537414697	  0.2521394157	  6.2262731140	2054.0877334872
  0.1042572276	  1.0391793764	684.8756808189	14493.0000000000	21505.0000000000	17045.0000000000	414.0000000000	279.0000000000	352.0000000000	  0.0000000000	  0.0000000000	  0.0000000000	  0.0833467593	 18.1985965482	1375733.5903473205	  0.7017246236	  5.7419374870	2235.8876600614
  0.1010530639	  1.0552751787	678.4535798698	34091.0000000000	21739.0000000000	13129.0000000000	176.0000000000	276.0000000000	457.0000000000	  0.0000000000	  0.0000000000	  0.0000000000	  0.1340364033	 43.2203197021	659805.2153148390	  0.2468605881	  8.7016528049	2290.9063454105
  0.1029579408	  0.9996411655	694.4858398382	16667.0000000000	14252.0000000000	16575.0000000000	360.0000000000	421.0000000000	362.0000000000	  0.0000000000	  0.0000000000	  0.0000000000	  0.1112243932	 21.7777753162	1247147.8809101228	  0.6577679040	 11.6187423885	2220.2708901578
  0.1005951440	  1.0110122291	702.0390272632	18987.0000000000	14252.0000000000	12605.0000000000	316.0000000000	421.0000000000	476.0000000000	  0.0000000000	  0.0000000000	  0.0000000000	  0.1096756599	 18.2125193314	730637.4195142584	  0.5364278967	 10.6360519744	2565.7804863186
  0.0975740159	  1.0064890711	681.2908723260	14963.0000000000	17910.0000000000	13793.0000000000	401.0000000000	335.0000000000	435.0000000000	  0.0000000000	  0.0000000000	  0.0000000000	  0.0718753327	  9.1534744865	881841.1486054780	  0.6218584090	  5.3616008812	2456.0795486694
  0.1043125000	  1.0071966915	705.2361912926	48000.0000000000	14493.0000000000	17241.0000000000	125.0000000000	414.0000000000	348.0000000000	  0.0000000000	  0.0000000000	  0.0000000000	  0.1413471080	 20.0640113159	1235023.1131125314	 -0.1508458652	 10.8768136806	2078.4568314246
  0.1027340811	  1.0512607234	701.4581581836	27907.0000000000	14151.0000000000	13544.0000000000	215.0000000000	424.0000000000	443.0000000000	  0.0000000000	  0.0000000000	  0.0000000000	  0.1057604114	  6.9449147096	714965.2625669000	  0.2955498534	  6.6525711125	2272.9866229918
  0.1036049324	  1.0404336176	706.8635351026	16949.0000000000	14388.0000000000	15152.0000000000	354.0000000000	417.0000000000	396.0000000000	  0.0000000000	  0.0000000000	  0.0000000000	  0.0882149798	 11.2934952356	892282.9198370283	  0.5715568536	  8.2686012168	2144.9410462457
  0.1010616578	  1.0784783439	696.6299486830	24490.0000000000	18809.0000000000	13187.0000000000	245.0000000000	319.0000000000	455.0000000000	  0.0000000000	  0.0000000000	  0.0000000000	  0.0878311517	 13.3666844210	562641.0328241496	  0.3289631439	  6.0022491697	2103.5427133408
  0.1026019234	  1.0244035004	702.4707358234	33898.0000000000	25105.0000000000	17857.0000000000	177.0000000000	239.0000000000	336.0000000000	  0.0000000000	  0.0000000000	  0.0000000000	  0.0888951331	 15.1431441551	1862575.8791835525	  0.2031864935	  4.1628011343	2427.0333449886
  0.1048112749	  1.0178925884	679.0869492464	18519.0000000000	17192.0000000000	12876.0000000000	324.0000000000	349.0000000000	466.0000000000	  0.0000000000	  0.0000000000	  0.0000000000	  0.0958656387	 15.9845297727	621822.6557424881	  0.5209252528	  7.5209462403	2289.2015831042
  0.1020043406	  1.0279219122	687.4702578748	15666.0000000000	11834.0000000000	17804.0000000000	383.0000000000	507.0000000000	337.0000000000	  0.0000000000	  0.0000000000	  0.0000000000	  0.0877051170	  7.8753976249	2248364.8573382949	  0.6403447380	  9.2346823593	2674.0377139149
  0.1017500082	  1.0122724020	696.1221289163	30457.0000000000	14888.0000000000	13304.0000000000	197.0000000000	403.0000000000	451.0000000000	  0.0000000000	  0.0000000000	  0.0000000000	  0.1569374803	 17.0871692990	688247.7509721521	 -0.3162962338	  9.6704722378	2295.8106401621
  0.1012142382	  1.0436482293	701.4558503011	12024.0000000000	18182.0000000000	12987.0000000000	499.0000000000	330.0000000000	462.0000000000	  0.0000000000	  0.0000000000	  0.0000000000	  0.0715630977	 14.2174698512	576659.1571939406	  0.8611611500	  6.5368765737	2174.4137796151
  0.1050274871	  1.0135204699	680.3714432511	22556.0000000000	18809.0000000000	14286.0000000000	266.0000000000	319.0000000000	420.0000000000	  0.0000000000	  0.0000000000	  0.0000000000	  0.0955861459	 19.7042439414	778731.1633911815	  0.3873650347	  7.2862502883	2195.4711274469
  0.0977180456	  1.0017060208	698.9437955277	7143.0000000000	8863.0000000000	13953.0000000000	840.0000000000	677.0000000000	430.0000000000	  0.0000000000	  0.0000000000	  0.0000000000	  0.0497673826	  3.9140512068	885780.5733677868	  1.5672721511	 10.0567633445	2421.5422724728
  0.1133465600	  1.0403732232	697.5471760365	193548.0000000000	18018.0000000000	17045.0000000000	 31.0000000000	333.0000000000	352.0000000000	  0.0000000000	  0.0000000000	  0.0000000000	  0.0895118966	 17.3378997374	1378328.6876011379	  0.0147847006	  7.3050619682	2241.8777831773
  0.0973180536	  0.9927047415	692.1620892644	16667.0000000000	16484.0000000000	17595.0000000000	360.0000000000	364.0000000000	341.0000000000	  0.0000000000	  0.0000000000	  0.0000000000	  0.1083906483	 18.5598160230	1540518.0411848444	  0.6498297461	  8.6524341214	2258.1884486733
  0.0991858138	  0.9958768778	710.0960378670	28986.0000000000	11583.0000000000	12000.0000000000	207.0000000000	518.0000000000	500.0000000000	  0.0000000000	  0.0000000000	  0.0000000000	  0.0877371042	  4.6976065694	428020.3413100202	  0.2555631612	  7.3752119491	2109.8642997509
  0.1062579437	  0.9922650203	691.0751012777	73171.0000000000	20339.0000000000	15267.0000000000	 82.0000000000	295.0000000000	393.0000000000	  0.0000000000	  0.0000000000	  0.0000000000	  0.1208316480	 20.0651824951	1185337.0326101161	 -0.0749487296	  6.5618026672	2444.6820800878
  0.0964233126	  0.9935819942	702.9755877387	21053.0000000000	20000.0000000000	14493.0000000000	285.0000000000	300.0000000000	414.0000000000	  0.0000000000	  0.0000000000	  0.0000000000	  0.0972812436	 15.9801334864	932887.1082405681	  0.4323868141	  6.0083706105	2351.2163104235
  0.1038541128	  1.0254390580	683.8391509785	15464.0000000000	15152.0000000000	13158.0000000000	388.0000000000	396.0000000000	456.0000000000	  0.0000000000	  0.0000000000	  0.0000000000	  0.0645491647	  7.7802054064	693319.4428567146	  0.5609906627	  6.3565312493	2337.7103722547
  0.0980976593	  0.9500873903	692.7170900587	22814.0000000000	12658.0000000000	12526.0000000000	263.0000000000	474.0000000000	479.0000000000	  0.0000000000	  0.0000000000	  0.0000000000	  0.0658245504	  4.4020960330	526020.2689439571	  0.3155621676	  6.2561101458	2192.1300677388
  0.1032536521	  1.0540923865	687.2977490190	24096.0000000000	22388.0000000000	14888.0000000000	249.0000000000	268.0000000000	403.0000000000	  0.0000000000	  0.0000000000	  0.0000000000	  0.0982778789	 25.1412708425	957451.7824531168	  0.3551780331	  6.3541068359	2286.2951699574
  0.1063271924	  0.9907864618	702.8770971268	14493.0000000000	21352.0000000000	16086.0000000000	414.0000000000	281.0000000000	373.0000000000	  0.0000000000	  0.0000000000	  0.0000000000	  0.0670847821	 20.5198381048	1318674.5279651792	  0.6295376521	  6.1541812974	2390.0803079739
  0.1024536748	  1.0624934693	703.3967484124	35294.0000000000	18018.0000000000	15504.0000000000	170.0000000000	333.0000000000	387.0000000000	  0.0000000000	  0.0000000000	  0.0000000000	  0.1190435894	 20.2275237599	980728.5234128238	  0.2210753268	  7.9072315000	2177.3024544450
  0.1016851580	  1.0526203463	686.0467881721	19108.0000000000	34884.0000000000	18018.0000000000	314.0000000000	172.0000000000	333.0000000000	  0.0000000000	  0.0000000000	  0.0000000000	  0.1037917756	 30.8798399089	1369108.4456220656	  0.5166536324	  3.6134595659	2051.1861352365
  0.1005418678	  1.0046868474	687.3859456663	47244.0000000000	20000.0000000000	16949.0000000000	127.0000000000	300.0000000000	354.0000000000	  0.0000000000	  0.0000000000	  0.0000000000	  0.1211906357	 31.5656599743	1313179.9752801752	  0.1440334652	  8.4176157761	2203.9839214696
  0.1006666912	  1.0160599269	687.2373290016	27149.0000000000	20690.0000000000	14599.0000000000	221.0000000000	290.0000000000	411.0000000000	  0.0000000000	  0.0000000000	  0.0000000000	  0.0914433690	 20.0309511692	810618.0211476567	  0.2867107098	  6.3697191779	2162.8080519992
  0.1022666667	  1.0524589665	686.2382186519	37500.0000000000	22388.0000000000	15306.0000000000	160.0000000000	268.0000000000	392.0000000000	  0.0000000000	  0.0000000000	  0.0000000000	  0.1135728405	 24.9144689701	1346553.0078677947	  0.1974334629	  6.3054413098	2594.9981791990
  0.1019410194	  1.0412262444	698.1239973866	33333.0000000000	25862.0000000000	12552.0000000000	180.0000000000	232.0000000000	478.0000000000	  0.0000000000	  0.0000000000	  0.0000000000	  0.0758973951	 20.1965529507	541961.8593689331	  0.1915201517	  4.5789652357	2218.1537575798
  0.0979099769	  1.0493706432	700.7045586963	17751.0000000000	16760.0000000000	17857.0000000000	338.0000000000	358.0000000000	336.0000000000	  0.0000000000	  0.0000000000	  0.0000000000	  0.1061025369	 17.6522188665	1869632.3193252089	  0.5846657208	  8.2132999318	2435.1029237085
  0.1038294809	  1.0234314691	712.8025116731	66667.0000000000	11583.0000000000	14563.0000000000	 90.0000000000	518.0000000000	412.0000000000	  0.0000000000	  0.0000000000	  0.0000000000	  0.1095395528	  5.1705865768	955747.6869657399	 -0.0814671238	  7.7307087474	2360.1616544578
  0.0998090317	  0.9661042810	684.7590418689	17804.0000000000	14851.0000000000	15038.0000000000	337.0000000000	404.0000000000	399.0000000000	  0.0000000000	  0.0000000000	  0.0000000000	  0.0651467637	  8.2214917271	1287745.1778927697	  0.4553334964	  6.7329293708	2609.9230780735
  0.1033949424	  1.0646297271	703.3906747123	25862.0000000000	17804.0000000000	13921.0000000000	232.0000000000	337.0000000000	431.0000000000	  0.0000000000	  0.0000000000	  0.0000000000	  0.0756427384	  9.6724490892	839151.3603284473	  0.2797816559	  5.5564160614	2364.8919882181
  0.0988861722	  1.0584618480	693.9956592403	18405.0000000000	14118.0000000000	16529.0000000000	326.0000000000	425.0000000000	363.0000000000	  0.0000000000	  0.0000000000	  0.0000000000	  0.1091782700	 11.4237742725	1651850.2057114900	  0.5613605410	  8.5613457411	2562.6074244719
  0.1011194849	  1.0220940299	675.2165253201	13667.0000000000	15707.0000000000	14815.0000000000	439.0000000000	382.0000000000	405.0000000000	  0.0000000000	  0.0000000000	  0.0000000000	  0.0745696729	 12.9544575456	1194882.8433631768	  0.7250203192	  7.7423409375	2576.1345593390
  0.1022914562	  0.9761576177	693.3054469312	18809.0000000000	12658.0000000000	13986.0000000000	319.0000000000	474.0000000000	429.0000000000	  0.0000000000	  0.0000000000	  0.0000000000	  0.0866723857	  6.8165430976	868511.5067667908	  0.4835694387	  7.7805430894	2388.8151532308
  0.1064397424	  1.0353940089	703.7624525265	10870.0000000000	17595.0000000000	14052.0000000000	552.0000000000	341.0000000000	427.0000000000	  0.0000000000	  0.0000000000	  0.0000000000	  0.0478218184	 12.5247029714	979376.0365696533	  0.8177858033	  6.4434338397	2517.7366636680
  0.1056954688	  1.0291014809	688.5507222101	40541.0000000000	20000.0000000000	17045.0000000000	148.0000000000	300.0000000000	352.0000000000	  0.0000000000	  0.0000000000	  0.0000000000	  0.1102109817	 10.4358129822	1349453.4685695583	  0.1731912581	  4.8564313044	2215.5439688885
  0.1004939533	  0.9906357123	694.8160398174	11742.0000000000	11257.0000000000	16173.0000000000	511.0000000000	533.0000000000	371.0000000000	  0.0000000000	  0.0000000000	  0.0000000000	  0.0560293990	  4.4580949322	1042200.8717453409	  0.7898524024	  7.5013700745	2108.9835843361
  0.1014350144	  0.9792344571	678.9267604565	24390.0000000000	20408.0000000000	11050.0000000000	246.0000000000	294.0000000000	543.0000000000	  0.0000000000	  0.0000000000	  0.0000000000	  0.0927524978	 13.1824414056	418425.0988673751	  0.3397844559	  5.2803730841	2363.8100539154
  0.1003761970	  1.0355875083	674.9565424126	17544.0000000000	15831.0000000000	17045.0000000000	342.0000000000	379.0000000000	352.0000000000	  0.0000000000	  0.0000000000	  0.0000000000	  0.0911110415	 14.7541000324	1674191.1095273788	  0.5506976128	  8.1898910306	2467.7374617555
  0.0994950995	  1.0633882393	695.2445224578	20202.0000000000	21661.0000000000	13015.0000000000	297.0000000000	277.0000000000	461.0000000000	  0.0000000000	  0.0000000000	  0.0000000000	  0.1114271588	 26.0870103124	626128.8261507201	  0.4938264492	  6.7863116782	2257.9341334594
  0.1005763314	  1.0626373245	692.0109922866	23077.0000000000	14778.0000000000	15873.0000000000	260.0000000000	406.0000000000	378.0000000000	  0.0000000000	  0.0000000000	  0.0000000000	  0.1031321144	  9.9438187968	1196263.3551478835	  0.3884519079	  7.4485592243	2319.3604868585
  0.1051992366	  1.0387561218	706.7184673569	17291.0000000000	10870.0000000000	14851.0000000000	347.0000000000	552.0000000000	404.0000000000	  0.0000000000	  0.0000000000	  0.0000000000	  0.0730493127	  3.9530451077	967453.8962803542	  0.5042314111	  7.4441827857	2308.0935965785
  0.1022259555	  1.0113054485	697.3438332061	11905.0000000000	19417.0000000000	13453.0000000000	504.0000000000	309.0000000000	446.0000000000	  0.0000000000	  0.0000000000	  0.0000000000	  0.0476341286	 22.9258124637	935299.1405741014	  0.7118611865	  7.5220906658	2632.7936981193
  0.1020163944	  1.0134310573	695.8372741149	16713.0000000000	22642.0000000000	16216.0000000000	359.0000000000	265.0000000000	370.0000000000	  0.0000000000	  0.0000000000	  0.0000000000	  0.0978054700	 33.8429678331	1279147.1239555033	  0.6150792032	  7.2612025546	2325.4043146054
  0.1000247995	  0.9938800168	697.6564397299	24194.0000000000	26316.0000000000	15915.0000000000	248.0000000000	228.0000000000	377.0000000000	  0.0000000000	  0.0000000000	  0.0000000000	  0.0885393093	 27.3207299041	1397262.5987425221	  0.3361549063	  5.1886938528	2494.9936432063
  0.1028693002	  1.0365537840	690.8410536990	17391.0000000000	18692.0000000000	14423.0000000000	345.0000000000	321.0000000000	416.0000000000	  0.0000000000	  0.0000000000	  0.0000000000	  0.1222917286	 23.1657378348	1109736.2642996933	  0.6473781167	  8.0076934626	2583.4813059321
  0.1054666667	  1.0019801871	703.2774647019	15000.0000000000	11152.0000000000	12793.0000000000	400.0000000000	538.0000000000	469.0000000000	  0.0000000000	  0.0000000000	  0.0000000000	  0.0661618656	  5.0935771224	629175.4344130371	  0.5950820635	  8.1373755461	2328.9782090893
  0.1129066667	  1.0185934798	693.7734533722	187500.0000000000	14085.0000000000	14354.0000000000	 32.0000000000	426.0000000000	418.0000000000	  0.0000000000	  0.0000000000	  0.0000000000	  0.1308886284	 14.8882021946	856749.5392583711	  0.0191767686	  9.8022644677	2281.7006616416
  0.1043141307	  0.9989495872	696.8104201720	19355.0000000000	18519.0000000000	14670.0000000000	310.0000000000	324.0000000000	409.0000000000	  0.0000000000	  0.0000000000	  0.0000000000	  0.0973441290	 19.4204190557	870422.8017157713	  0.4907393878	  7.4201019735	2231.2911253135
  0.1031786191	  1.0409027483	679.1509372482	21739.0000000000	19169.0000000000	15228.0000000000	276.0000000000	313.0000000000	394.0000000000	  0.0000000000	  0.0000000000	  0.0000000000	  0.0962597319	 26.3626281350	1206314.8006729139	  0.4104160416	  8.2030049347	2479.1279199404
  0.0992781619	  1.0436004339	676.8953566581	19672.0000000000	26201.0000000000	14019.0000000000	305.0000000000	229.0000000000	428.0000000000	  0.0000000000	  0.0000000000	  0.0000000000	  0.0666044330	 17.5450347995	934352.9274499079	  0.3974513321	  4.1838077420	2469.7903824439
  0.1045539924	  1.0438232616	695.4697351485	52174.0000000000	28302.0000000000	14563.0000000000	115.0000000000	212.0000000000	412.0000000000	  0.0000000000	  0.0000000000	  0.0000000000	  0.0651136325	 12.7559566426	922374.4022079143	  0.0910545597	  3.1880725747	2319.9257888543
  0.1090282425	  1.0104443516	699.1032101131	109091.0000000000	23256.0000000000	17341.0000000000	 55.0000000000	258.0000000000	346.0000000000	  0.0000000000	  0.0000000000	  0.0000000000	  0.1094292819	 18.7663328444	1532842.1147534503	  0.0394072162	  5.1901913058	2302.5327687530
  0.1010352206	  1.0441025067	709.9704315052	17291.0000000000	11538.0000000000	16086.0000000000	347.0000000000	520.0000000000	373.0000000000	  0.0000000000	  0.0000000000	  0.0000000000	  0.0846740327	  6.8797357331	1157328.0672164434	  0.5421657528	  8.9899173995	2238.4770539324
  0.1024266060	  0.9871667087	702.5477527965	18462.0000000000	14706.0000000000	10791.0000000000	325.0000000000	408.0000000000	556.0000000000	  0.0000000000	  0.0000000000	  0.0000000000	  0.0826252603	 12.2263100445	396402.1537587908	  0.4862932607	  8.3092806178	2384.5660609527
  0.1041791942	  0.9541464693	692.4175842563	13304.0000000000	14286.0000000000	13393.0000000000	451.0000000000	420.0000000000	448.0000000000	  0.0000000000	  0.0000000000	  0.0000000000	  0.0724658957	  9.1605956201	655477.4420603362	  0.7439068756	  7.5151949634	2218.4517486694
  0.1054027352	  1.0521969650	689.8437891246	19231.0000000000	22556.0000000000	15228.0000000000	312.0000000000	266.0000000000	394.0000000000	  0.0000000000	  0.0000000000	  0.0000000000	  0.0883189870	 13.4460973972	1031077.4417014592	  0.4729700537	  4.6038157232	2295.8321562800
  0.1013531892	  1.0531005810	680.5489059066	29412.0000000000	18072.0000000000	17192.0000000000	204.0000000000	332.0000000000	349.0000000000	  0.0000000000	  0.0000000000	  0.0000000000	  0.0810319815	 12.6937224547	1394563.0162962358	  0.2402938252	  6.2234208831	2223.6616815190
  0.0989605208	  1.0447443943	689.4373244226	19048.0000000000	24194.0000000000	12605.0000000000	315.0000000000	248.0000000000	476.0000000000	  0.0000000000	  0.0000000000	  0.0000000000	  0.0552827508	  7.6366550859	746442.4579115508	  0.3795520664	  3.1136470024	2590.9709718621
  0.1049610496	  1.0272637634	696.2719624257	36585.0000000000	29126.0000000000	18462.0000000000	164.0000000000	206.0000000000	325.0000000000	  0.0000000000	  0.0000000000	  0.0000000000	  0.1047399273	 23.7781981670	1605156.0582202470	  0.1968473480	  4.1559096920	2144.8626108372
  0.1005780890	  0.9927154869	693.7509050582	21277.0000000000	12987.0000000000	12024.0000000000	282.0000000000	462.0000000000	499.0000000000	  0.0000000000	  0.0000000000	  0.0000000000	  0.0707435434	  5.6855434801	618763.3291228130	  0.3635202120	  6.8247058616	2529.1138515841
  0.1058233423	  1.0382754766	674.8977800327	8174.0000000000	11858.0000000000	12371.0000000000	734.0000000000	506.0000000000	485.0000000000	  0.0000000000	  0.0000000000	  0.0000000000	  0.0389972546	  8.2683521780	526202.9146709902	  1.1330719848	  9.4479956311	2238.3634589406
  0.1034894837	  1.0446500948	697.2294120836	12552.0000000000	12121.0000000000	14085.0000000000	478.0000000000	495.0000000000	426.0000000000	  0.0000000000	  0.0000000000	  0.0000000000	  0.0828769169	  9.3277428843	845507.7897681409	  0.8679441494	  9.7112326545	2333.7400988188
  0.1025318578	  1.0164277425	694.4446043030	11928.0000000000	16043.0000000000	16484.0000000000	503.0000000000	374.0000000000	364.0000000000	  0.0000000000	  0.0000000000	  0.0000000000	  0.0725686899	 11.3904040816	1475924.6749698627	  0.8781537396	  7.0393065041	2436.2039261331
  0.1050144749	  1.0734814516	693.5839777909	66667.0000000000	15190.0000000000	13857.0000000000	 90.0000000000	395.0000000000	433.0000000000	  0.0000000000	  0.0000000000	  0.0000000000	  0.1295858534	 13.9618032847	648660.4160490340	  0.0881268305	  8.4730255045	2095.7751779146
  0.1060041814	  0.9948185199	692.3212905239	30612.0000000000	20478.0000000000	16043.0000000000	196.0000000000	293.0000000000	374.0000000000	  0.0000000000	  0.0000000000	  0.0000000000	  0.1458075221	 32.4520978634	1256095.5238014811	  0.3023053491	  8.2495913493	2341.0500449577
  0.1014035739	  0.9978804595	691.2224209763	16173.0000000000	13015.0000000000	14634.0000000000	371.0000000000	461.0000000000	410.0000000000	  0.0000000000	  0.0000000000	  0.0000000000	  0.1269657982	 18.2266969729	867807.9491092871	  0.7343678084	 12.2182275886	2230.1943681090
  0.1031205165	  1.0291766105	693.7537405273	11152.0000000000	12048.0000000000	13514.0000000000	538.0000000000	498.0000000000	444.0000000000	  0.0000000000	  0.0000000000	  0.0000000000	  0.0624103802	  7.4804249527	781390.6202253773	  0.8997337689	  8.7794369337	2389.5234044418
  0.0988563086	  1.0872701953	673.5738077749	16438.0000000000	15789.0000000000	13699.0000000000	365.0000000000	380.0000000000	438.0000000000	  0.0000000000	  0.0000000000	  0.0000000000	  0.0792440359	 12.5352339322	915488.9113874305	  0.5662808712	  7.5663673348	2534.7031340862
  0.1032730353	  0.9831530735	698.1182568722	49587.0000000000	18634.0000000000	15306.0000000000	121.0000000000	322.0000000000	392.0000000000	  0.0000000000	  0.0000000000	  0.0000000000	  0.1089817781	 15.2516511781	1096626.9678068692	  0.1274809359	  6.5213861916	2346.4147397029
  0.1040860409	  0.9762253409	688.6926451701	44444.0000000000	15113.0000000000	16484.0000000000	135.0000000000	397.0000000000	364.0000000000	  0.0000000000	  0.0000000000	  0.0000000000	  0.1378471788	 17.7242482412	1417076.5596691719	  0.1675700560	  9.6251583049	2389.2076099179
  0.1003952569	  0.9827250282	682.2898217271	11385.0000000000	16760.0000000000	13274.0000000000	527.0000000000	358.0000000000	452.0000000000	  0.0000000000	  0.0000000000	  0.0000000000	  0.0860321119	 26.2721808054	680858.3943930790	  1.0244244945	 10.0018609456	2285.2743552869
  0.1039676040	  1.0054955925	688.0513002760	21978.0000000000	14493.0000000000	12371.0000000000	273.0000000000	414.0000000000	485.0000000000	  0.0000000000	  0.0000000000	  0.0000000000	  0.0721812854	  7.5808850608	624677.7143172605	  0.3500509505	  6.6898922913	2440.0666373288
  0.1042091663	  1.0756394705	697.6596854006	29412.0000000000	11236.0000000000	16173.0000000000	204.0000000000	534.0000000000	371.0000000000	  0.0000000000	  0.0000000000	  0.0000000000	  0.1127520470	  7.9691898407	1328779.3917117761	  0.2823850302	 10.0680345324	2378.0912139152
  0.1000091166	  0.9694367092	704.9336240085	10969.0000000000	12766.0000000000	16997.0000000000	547.0000000000	470.0000000000	353.0000000000	  0.0000000000	  0.0000000000	  0.0000000000	  0.0451610830	  6.2043387321	1491124.5976037518	  0.7850373454	  7.3312203599	2335.1140885107
  0.1056574529	  1.0086475009	700.8217374390	38710.0000000000	18519.0000000000	17804.0000000000	155.0000000000	324.0000000000	337.0000000000	  0.0000000000	  0.0000000000	  0.0000000000	  0.1112579388	 30.6700349423	1458939.3853055059	  0.1856921971	  9.3321747673	2156.0765036912
  0.1030014950	  1.0706487205	695.6534646272	26087.0000000000	32258.0000000000	15228.0000000000	230.0000000000	186.0000000000	394.0000000000	  0.0000000000	  0.0000000000	  0.0000000000	  0.1119210612	 34.8020722975	963732.6565700884	  0.3371953076	  4.3087586764	2215.2939432264
  0.0990367657	  0.9810775431	692.2733988467	14742.0000000000	14888.0000000000	16043.0000000000	407.0000000000	403.0000000000	374.0000000000	  0.0000000000	  0.0000000000	  0.0000000000	  0.0991101447	 14.6193780940	1323048.8326528706	  0.7454432932	  8.9182154174	2399.7948084209
  0.1031269651	  1.0540954909	681.9073286969	17493.0000000000	17699.0000000000	13986.0000000000	343.0000000000	339.0000000000	429.0000000000	  0.0000000000	  0.0000000000	  0.0000000000	  0.1083568655	 24.1107757710	619300.9277063651	  0.6028428695	  8.8528209298	2015.1621635900
  0.1042421828	  1.0571639865	688.8012408180	25105.0000000000	13921.0000000000	17291.0000000000	239.0000000000	431.0000000000	347.0000000000	  0.0000000000	  0.0000000000	  0.0000000000	  0.0919503627	  6.6523748878	1370347.7809916344	  0.3235449006	  6.6596139121	2183.6586154582
  0.1031269651	  1.0205475697	693.5934403387	17493.0000000000	26087.0000000000	16438.0000000000	343.0000000000	230.0000000000	365.0000000000	  0.0000000000	  0.0000000000	  0.0000000000	  0.1059993488	 30.4395420050	1364593.9523210507	  0.5967683293	  5.5414036574	2348.5482305241
  0.1006191950	  1.0190383030	715.6050167017	17442.0000000000	22901.0000000000	14670.0000000000	344.0000000000	262.0000000000	409.0000000000	  0.0000000000	  0.0000000000	  0.0000000000	  0.0931999120	 24.8068328562	1010437.4495532515	  0.5633133089	  6.0906727268	2400.1563912950
  0.1011004286	  1.0186603075	683.8083884190	43165.0000000000	21505.0000000000	15000.0000000000	139.0000000000	279.0000000000	400.0000000000	  0.0000000000	  0.0000000000	  0.0000000000	  0.1188837916	 20.8395450152	1016968.3155035663	  0.1638722211	  6.1406118295	2332.2425452115
  0.1009801010	  1.0030176744	692.8645142000	37037.0000000000	12876.0000000000	14286.0000000000	162.0000000000	466.0000000000	420.0000000000	  0.0000000000	  0.0000000000	  0.0000000000	  0.1203662759	  7.4027309389	805259.3747909530	 -0.2060098980	  7.8908050427	2227.4520780124
  0.0950223273	  1.0403560026	672.6800537212	15228.0000000000	26201.0000000000	13605.0000000000	394.0000000000	229.0000000000	441.0000000000	  0.0000000000	  0.0000000000	  0.0000000000	  0.0795349972	 27.5491697602	779381.5161531140	  0.6375260755	  5.2368518772	2357.7669083831
  0.1046617789	  1.0422746080	701.0076010142	36145.0000000000	14218.0000000000	11811.0000000000	166.0000000000	422.0000000000	508.0000000000	  0.0000000000	  0.0000000000	  0.0000000000	  0.1180160859	 14.0614501326	549795.4086040059	  0.2126468430	  9.3685078788	2449.0620010073
  0.1044427689	  0.9529537036	686.0731921219	68966.0000000000	11516.0000000000	15267.0000000000	 87.0000000000	521.0000000000	393.0000000000	  0.0000000000	  0.0000000000	  0.0000000000	  0.1040807813	  4.9864195302	992258.6230700026	  0.0757349582	  7.6659152212	2237.1247112714
  0.1233180617	  1.0173875387	688.9364212266	352941.0000000000	15707.0000000000	14963.0000000000	 17.0000000000	382.0000000000	401.0000000000	  0.0000000000	  0.0000000000	  0.0000000000	  0.1306582074	 21.5205021401	1052737.4199764826	 -0.0070722633	  9.9815958640	2376.7466634259
  0.1036821705	  0.9907892138	685.8404599499	52632.0000000000	17291.0000000000	11583.0000000000	114.0000000000	347.0000000000	518.0000000000	  0.0000000000	  0.0000000000	  0.0000000000	  0.0969491839	 15.5758486903	504097.6885625249	  0.1089092503	  7.3588031071	2417.5600479261
  0.1006946042	  1.0063245927	693.9647129783	21739.0000000000	14151.0000000000	20761.0000000000	276.0000000000	424.0000000000	289.0000000000	  0.0000000000	  0.0000000000	  0.0000000000	  0.1012525650	 12.1975055961	2425504.8206432331	  0.4217969132	  8.8020778917	2213.0829047342
  0.1006611947	  1.0212750571	694.8743515040	17544.0000000000	13857.0000000000	16667.0000000000	342.0000000000	433.0000000000	360.0000000000	  0.0000000000	  0.0000000000	  0.0000000000	  0.0675470565	  5.3527287596	1353443.4605407773	  0.4753126164	  6.0259209406	2296.6121891706
  0.1017483702	  0.9786397457	697.9737308901	47244.0000000000	27523.0000000000	21818.0000000000	127.0000000000	218.0000000000	275.0000000000	  0.0000000000	  0.0000000000	  0.0000000000	  0.1091109888	 33.3814696326	2476427.6104081147	  0.1365069155	  5.3727345219	2071.7026920235
  0.1093761484	  1.0499534267	691.2051733603	122449.0000000000	16529.0000000000	14778.0000000000	 49.0000000000	363.0000000000	406.0000000000	  0.0000000000	  0.0000000000	  0.0000000000	  0.1480904830	 27.5838856488	1070674.2897190081	  0.0384891592	 10.4712289555	2444.1761103596
  0.1005535055	  1.0266007615	683.1446921962	16260.0000000000	15707.0000000000	14151.0000000000	369.0000000000	382.0000000000	424.0000000000	  0.0000000000	  0.0000000000	  0.0000000000	  0.0559071975	  5.8112029865	800177.7631081619	  0.4829302131	  5.2007888751	2252.8239633321
  0.1031751164	  1.0176705063	696.8479874640	30928.0000000000	16484.0000000000	16854.0000000000	194.0000000000	364.0000000000	356.0000000000	  0.0000000000	  0.0000000000	  0.0000000000	  0.1034139565	 14.1128492412	1404366.2119398350	  0.2507500009	  7.5278369604	2295.7650793825
  0.0996680039	  0.9969198394	685.2660861816	14458.0000000000	15345.0000000000	13986.0000000000	415.0000000000	391.0000000000	429.0000000000	  0.0000000000	  0.0000000000	  0.0000000000	  0.0852868982	 16.1428293314	850931.1923205461	  0.7138395613	  8.9626390295	2367.6899138351
  0.1025461025	  1.0208734067	703.6986606619	37037.0000000000	19355.0000000000	15000.0000000000	162.0000000000	310.0000000000	400.0000000000	  0.0000000000	  0.0000000000	  0.0000000000	  0.0994543857	 21.3882935542	1078529.6424616934	  0.1880423471	  7.2932845692	2402.5412338288
  0.0979753958	  0.9718499591	697.2250570057	18127.0000000000	20202.0000000000	14184.0000000000	331.0000000000	297.0000000000	423.0000000000	  0.0000000000	  0.0000000000	  0.0000000000	  0.0807066257	 22.5575821921	807261.7892606771	  0.4931502358	  7.0277981177	2253.2568197127
  0.1014059844	  1.0391806640	705.0496394967	19417.0000000000	15544.0000000000	10490.0000000000	309.0000000000	386.0000000000	572.0000000000	  0.0000000000	  0.0000000000	  0.0000000000	  0.0751117250	  9.5137497307	324395.3685879331	  0.4299522560	  6.7571881506	2250.3899878852
  0.1028923661	  0.9935066383	713.5260921343	10545.0000000000	18237.0000000000	15000.0000000000	569.0000000000	329.0000000000	400.0000000000	  0.0000000000	  0.0000000000	  0.0000000000	  0.0393781283	 13.2851890876	1020009.4137800906	  0.7776340884	  6.2801748557	2332.2755395772
  0.1036463884	  1.0185156514	702.6711129674	21583.0000000000	14019.0000000000	15544.0000000000	278.0000000000	428.0000000000	386.0000000000	  0.0000000000	  0.0000000000	  0.0000000000	  0.0549943908	  5.8617603124	1202630.1507804855	  0.3141262810	  6.1913658532	2396.9253905481
  0.1018372065	  0.9754919313	693.0278858639	16438.0000000000	14925.0000000000	15707.0000000000	365.0000000000	402.0000000000	382.0000000000	  0.0000000000	  0.0000000000	  0.0000000000	  0.1298789724	 15.4950801082	914959.8964136137	  0.7244683470	  9.1498988691	2060.1344265640
  0.1047691048	  1.0118790554	693.8928479074	47619.0000000000	19108.0000000000	12320.0000000000	126.0000000000	314.0000000000	487.0000000000	  0.0000000000	  0.0000000000	  0.0000000000	  0.0742644984	 10.2309380744	566576.6136250566	  0.1115372833	  5.1381706315	2332.1583949105
  0.0985468024	  1.0379173131	694.0664096501	16997.0000000000	10657.0000000000	15748.0000000000	353.0000000000	563.0000000000	381.0000000000	  0.0000000000	  0.0000000000	  0.0000000000	  0.0652559655	  5.0663691045	1095155.8219728807	  0.4881094581	  8.6720843511	2250.2846098463
  0.1050666051	  1.0306990090	706.4497360261	25974.0000000000	17341.0000000000	13216.0000000000	231.0000000000	346.0000000000	454.0000000000	  0.0000000000	  0.0000000000	  0.0000000000	  0.0965188780	 13.5957411462	626152.2318230721	  0.3155479415	  6.8623408355	2211.5808727929
  0.0993834256	  1.0494312940	682.0056917400	9569.0000000000	16575.0000000000	13393.0000000000	627.0000000000	362.0000000000	448.0000000000	  0.0000000000	  0.0000000000	  0.0000000000	  0.0475878454	 10.1919545990	621358.7915782154	  0.9891817289	  6.3477925859	2155.1548267578
  0.0988653182	  1.0008829462	698.0691306752	20270.0000000000	19169.0000000000	11788.0000000000	296.0000000000	313.0000000000	509.0000000000	  0.0000000000	  0.0000000000	  0.0000000000	  0.0884181359	 15.4441295532	513253.2757395603	  0.4360969783	  6.2961404955	2371.7347412782
  0.1019440493	  1.0404492460	701.9448499109	10545.0000000000	15228.0000000000	13667.0000000000	569.0000000000	394.0000000000	439.0000000000	  0.0000000000	  0.0000000000	  0.0000000000	  0.0552321868	  9.6145065866	734129.1264839073	  0.9219795792	  7.0058743417	2275.9080847375
  0.1018862245	  1.0401423447	704.5909163188	19934.0000000000	32086.0000000000	15152.0000000000	301.0000000000	187.0000000000	396.0000000000	  0.0000000000	  0.0000000000	  0.0000000000	  0.0633983279	 17.6529702905	1030489.8183276650	  0.3798384850	  3.1027862809	2310.7832944347
  0.1026090420	  1.0427027086	702.8770294793	25105.0000000000	16043.0000000000	17291.0000000000	239.0000000000	374.0000000000	347.0000000000	  0.0000000000	  0.0000000000	  0.0000000000	  0.1028662283	 15.8236149492	1599546.7377994687	  0.3424760321	  8.3059512191	2363.1810385659
  0.1007499646	  1.0785848588	682.5012552614	21201.0000000000	27650.0000000000	14815.0000000000	283.0000000000	217.0000000000	405.0000000000	  0.0000000000	  0.0000000000	  0.0000000000	  0.1132247570	 40.0054764954	1054519.7369602178	  0.4618556842	  5.8283485807	2418.1215788721
  0.1013956492	  1.0584269289	705.6170667271	40268.0000000000	14320.0000000000	20408.0000000000	149.0000000000	419.0000000000	294.0000000000	  0.0000000000	  0.0000000000	  0.0000000000	  0.1167934682	 11.4683969470	2014461.1254136574	  0.1800121938	  8.3828300145	2064.5392460510
  0.1011786189	  0.9957346488	691.7343626294	24096.0000000000	23622.0000000000	11583.0000000000	249.0000000000	254.0000000000	518.0000000000	  0.0000000000	  0.0000000000	  0.0000000000	  0.0824538360	 25.0135460630	482734.8807732380	  0.3255763862	  5.8288054869	2362.4836609024
  0.1022242844	  1.0146760583	687.1264977821	34483.0000000000	15504.0000000000	13857.0000000000	174.0000000000	387.0000000000	433.0000000000	  0.0000000000	  0.0000000000	  0.0000000000	  0.1114626861	 17.5139919802	730713.0962826434	  0.2204673985	  9.2014866803	2222.5405974287
  0.1030288576	  1.0068449516	694.3394838072	12579.0000000000	8746.0000000000	15075.0000000000	477.0000000000	686.0000000000	398.0000000000	  0.0000000000	  0.0000000000	  0.0000000000	  0.0724285788	  2.7741604433	1103030.2313953550	  0.8093696488	  8.6399230981	2405.4407094982
  0.1020133506	  0.9984471211	687.4629474003	18576.0000000000	9274.0000000000	15464.0000000000	323.0000000000	647.0000000000	388.0000000000	  0.0000000000	  0.0000000000	  0.0000000000	  0.0789063756	  3.9880710585	1313075.4517401373	  0.4718120500	  9.4952288553	2531.8291892947
  0.0980882472	  1.0441629947	702.5265520166	12397.0000000000	18809.0000000000	14320.0000000000	484.0000000000	319.0000000000	419.0000000000	  0.0000000000	  0.0000000000	  0.0000000000	  0.0719003161	 16.4028923353	885316.8253954503	  0.8231234320	  6.6625224077	2326.9982410521
  0.1025838678	  1.0047968976	701.8487543736	32432.0000000000	12000.0000000000	18462.0000000000	185.0000000000	500.0000000000	325.0000000000	  0.0000000000	  0.0000000000	  0.0000000000	  0.1078733040	  6.4034197148	1950402.2197707344	  0.2377027801	  8.1771891811	2359.8548806359
  0.1079551080	  1.0607895884	698.4881886936	111111.0000000000	15957.0000000000	16086.0000000000	 54.0000000000	376.0000000000	373.0000000000	  0.0000000000	  0.0000000000	  0.0000000000	  0.1395365458	 24.6153114121	1268129.3476761717	  0.0432473119	 10.4454147846	2345.9690565480
  0.1012063293	  1.0081719778	698.3172051543	31915.0000000000	17647.0000000000	14706.0000000000	188.0000000000	340.0000000000	408.0000000000	  0.0000000000	  0.0000000000	  0.0000000000	  0.1139586936	 15.9287787985	1091323.9534248563	  0.2502871788	  7.2120706998	2483.8023690102
  0.1043321300	  0.9967948534	694.8187257474	16620.0000000000	18462.0000000000	14888.0000000000	361.0000000000	325.0000000000	403.0000000000	  0.0000000000	  0.0000000000	  0.0000000000	  0.0985561479	 24.0226560779	906260.5619372911	  0.6211233944	  8.2810988468	2226.3357867278
  0.0950230995	  1.0354545406	694.4727278224	9524.0000000000	13187.0000000000	14528.0000000000	630.0000000000	455.0000000000	413.0000000000	  0.0000000000	  0.0000000000	  0.0000000000	  0.0480162194	  7.7298657571	966970.3229750643	  1.0012207942	  7.7825379952	2385.4644601646
  0.1034162068	  1.0432018437	695.8292989327	64516.0000000000	12766.0000000000	14388.0000000000	 93.0000000000	470.0000000000	417.0000000000	  0.0000000000	  0.0000000000	  0.0000000000	  0.1576744684	 14.2874650062	780983.3888497929	 -0.1024866452	 11.1088747141	2173.2829577726
  0.1055060528	  1.0111993590	694.9410524376	84507.0000000000	19672.0000000000	14354.0000000000	 71.0000000000	305.0000000000	418.0000000000	  0.0000000000	  0.0000000000	  0.0000000000	  0.1399348764	 28.9987146153	831249.0894613842	  0.0640098152	  8.2893529113	2245.8109548889
  0.1014382705	  1.0326034377	692.0764660893	22388.0000000000	15957.0000000000	22305.0000000000	268.0000000000	376.0000000000	269.0000000000	  0.0000000000	  0.0000000000	  0.0000000000	  0.0880487549	 15.3930073497	3078280.2676757262	  0.3762980855	  8.2503717922	2234.0631951641
  0.1015571875	  1.0260830960	686.7580790074	29412.0000000000	13699.0000000000	16393.0000000000	204.0000000000	438.0000000000	366.0000000000	  0.0000000000	  0.0000000000	  0.0000000000	  0.1059190104	 11.5584724485	1094991.0419155331	  0.2729189903	  9.0101163617	2117.5660157963
  0.1084000000	  1.0325587320	692.5443903811	125000.0000000000	19934.0000000000	14493.0000000000	 48.0000000000	301.0000000000	414.0000000000	  0.0000000000	  0.0000000000	  0.0000000000	  0.0951894602	 17.3914108863	846937.1442016738	  0.0295969049	  6.2833362867	2237.0997794731
  0.1030266758	  0.9663891737	689.2056070843	35088.0000000000	6711.0000000000	16854.0000000000	171.0000000000	894.0000000000	356.0000000000	  0.0000000000	  0.0000000000	  0.0000000000	  0.0718227899	  1.2858068220	1245308.6955445157	  0.1727303328	  8.7480149246	2167.2842043752
  0.1027749837	  1.0439576122	700.8405716753	16901.0000000000	23256.0000000000	13793.0000000000	355.0000000000	258.0000000000	435.0000000000	  0.0000000000	  0.0000000000	  0.0000000000	  0.0731871048	 11.1665608954	868409.5734080680	  0.5230250236	  3.9871038798	2444.4013371454
  0.0995831639	  1.0046899906	689.7356135482	19672.0000000000	19737.0000000000	14458.0000000000	305.0000000000	304.0000000000	415.0000000000	  0.0000000000	  0.0000000000	  0.0000000000	  0.1058563880	 25.2177711179	956176.3726318744	  0.4991631296	  7.6807407050	2388.7209613717
  0.0995940996	  1.0250339817	683.6360206612	10101.0000000000	18293.0000000000	14851.0000000000	594.0000000000	328.0000000000	404.0000000000	  0.0000000000	  0.0000000000	  0.0000000000	  0.0830178531	 29.7105650604	1061896.4390218996	  1.2050057318	  9.3378339977	2418.7290231061
  0.1016862545	  0.9994792528	692.6995841275	13699.0000000000	22727.0000000000	14354.0000000000	438.0000000000	264.0000000000	418.0000000000	  0.0000000000	  0.0000000000	  0.0000000000	  0.0758135367	 23.0582737666	825103.6125329970	  0.7293649669	  5.9625575139	2240.6257493881
  0.1045378909	  1.0614243536	692.4443370649	57692.0000000000	13793.0000000000	18868.0000000000	104.0000000000	435.0000000000	318.0000000000	  0.0000000000	  0.0000000000	  0.0000000000	  0.0819286737	  9.7194362140	2369278.7278033923	  0.0880746682	  8.1522752853	2518.1350948994
  0.1027239294	  1.0342668929	698.9589356798	16043.0000000000	25974.0000000000	11673.0000000000	374.0000000000	231.0000000000	514.0000000000	  0.0000000000	  0.0000000000	  0.0000000000	  0.0689362870	 22.4220013664	512739.2301076024	  0.5476589201	  4.8044701277	2410.9643434681
  0.0979850504	  1.0099973954	709.0672531828	18462.0000000000	14458.0000000000	13857.0000000000	325.0000000000	415.0000000000	433.0000000000	  0.0000000000	  0.0000000000	  0.0000000000	  0.0739950576	  7.2776812409	725214.4171521954	  0.4601238949	  6.5799002524	2215.0139997379
  0.1024385902	  1.0616294875	700.6084177903	33708.0000000000	18927.0000000000	15504.0000000000	178.0000000000	317.0000000000	387.0000000000	  0.0000000000	  0.0000000000	  0.0000000000	  0.1169559644	 23.4675268786	1209554.8146331357	  0.2339556281	  7.8867013917	2418.6453940850
  0.1036233058	  1.0415704733	693.4631714300	18519.0000000000	11583.0000000000	16393.0000000000	324.0000000000	518.0000000000	366.0000000000	  0.0000000000	  0.0000000000	  0.0000000000	  0.0987728722	  7.1474880989	1216766.1905350005	  0.5285456947	  9.0977244166	2231.2714024741
  0.1003260787	  0.9927126873	695.2609463017	13187.0000000000	17595.0000000000	16043.0000000000	455.0000000000	341.0000000000	374.0000000000	  0.0000000000	  0.0000000000	  0.0000000000	  0.0646667748	 13.6135830224	1328071.2727123238	  0.7128930522	  6.7181937116	2405.7233236856
  0.1023870080	  1.0796791209	699.2393723422	42857.0000000000	11450.0000000000	15113.0000000000	140.0000000000	524.0000000000	397.0000000000	  0.0000000000	  0.0000000000	  0.0000000000	  0.1450476322	 10.9369622187	866844.7480065774	 -0.1822210313	 11.4373082480	2128.4722008692
  0.1041797190	  1.0379254728	698.4831775852	11173.0000000000	9449.0000000000	13825.0000000000	537.0000000000	635.0000000000	434.0000000000	  0.0000000000	  0.0000000000	  0.0000000000	  0.0569314537	  4.4624797414	876897.4202438409	  0.8560520871	  9.7665761125	2441.0645021684
  0.1015487306	  0.9777222103	685.4812929933	26667.0000000000	15789.0000000000	15666.0000000000	225.0000000000	380.0000000000	383.0000000000	  0.0000000000	  0.0000000000	  0.0000000000	  0.1147595786	 16.0184067690	1047435.3128223008	  0.3290854883	  8.5418239158	2211.2087249521
  0.1035631457	  0.9963948826	697.2451286302	23715.0000000000	15915.0000000000	16260.0000000000	253.0000000000	377.0000000000	369.0000000000	  0.0000000000	  0.0000000000	  0.0000000000	  0.0992773706	 11.1704541047	1287496.1974586472	  0.3663578426	  7.0634183457	2318.7355467423
  0.1024800000	  1.0689779162	695.5952143930	25000.0000000000	18237.0000000000	20134.0000000000	240.0000000000	329.0000000000	298.0000000000	  0.0000000000	  0.0000000000	  0.0000000000	  0.1002261481	 11.4076808120	2275156.8432042697	  0.3402425360	  5.8238772474	2240.1822260737
  0.1021684737	  0.9832539945	701.6011742927	14388.0000000000	10017.0000000000	16901.0000000000	417.0000000000	599.0000000000	355.0000000000	  0.0000000000	  0.0000000000	  0.0000000000	  0.0657451560	  3.3248848498	1298012.5125469845	  0.6301683421	  7.7128024348	2195.4912489474
  0.1035799523	  1.0121822407	688.7894938841	33520.0000000000	30000.0000000000	14670.0000000000	179.0000000000	200.0000000000	409.0000000000	  0.0000000000	  0.0000000000	  0.0000000000	  0.1065471043	 31.6090540530	920083.2304518637	  0.2249827593	  4.6029846581	2294.2099038390
  0.0997917464	  1.0230707736	688.1061742713	23529.0000000000	24291.0000000000	15228.0000000000	255.0000000000	247.0000000000	394.0000000000	  0.0000000000	  0.0000000000	  0.0000000000	  0.1080961777	 36.0192813687	841143.1192544512	  0.3856237613	  6.7387817305	2073.0579792780
  0.1015869339	  1.0512956889	696.6798244457	43165.0000000000	18237.0000000000	14815.0000000000	139.0000000000	329.0000000000	405.0000000000	  0.0000000000	  0.0000000000	  0.0000000000	  0.0824513086	 11.5009239049	1263615.1901223671	  0.1357737977	  5.8380725739	2644.5741436837
  0.1014706375	  0.9683456221	691.7567875907	29851.0000000000	12605.0000000000	16304.0000000000	201.0000000000	476.0000000000	368.0000000000	  0.0000000000	  0.0000000000	  0.0000000000	  0.0936819503	  6.8163449279	1134636.7230524458	  0.2512431720	  7.8242082426	2174.4786002598
  0.1037162766	  1.0193388869	697.5283146919	22388.0000000000	15152.0000000000	16484.0000000000	268.0000000000	396.0000000000	364.0000000000	  0.0000000000	  0.0000000000	  0.0000000000	  0.1013001439	 13.1833273875	1299367.7491635717	  0.4033267070	  8.2724819183	2285.5504503123
  0.1055926056	  1.0648691487	686.1108391458	17094.0000000000	24793.0000000000	16000.0000000000	351.0000000000	242.0000000000	375.0000000000	  0.0000000000	  0.0000000000	  0.0000000000	  0.0724379817	 17.2931636784	1138058.4339392113	  0.5100508300	  4.5147578463	2234.6699659789
  0.1021340582	  1.0003249337	696.6321322613	17291.0000000000	14925.0000000000	18237.0000000000	347.0000000000	402.0000000000	329.0000000000	  0.0000000000	  0.0000000000	  0.0000000000	  0.1110699167	 19.0012407431	2431096.5736716473	  0.6223876195	 10.1599027061	2684.8218000017
  0.1019816336	  1.0103833409	680.7658494393	20690.0000000000	20690.0000000000	11364.0000000000	290.0000000000	290.0000000000	528.0000000000	  0.0000000000	  0.0000000000	  0.0000000000	  0.0999631294	 16.9783012461	391595.3861351188	  0.4508484846	  5.8720531665	2192.5577427155
  0.1000908999	  1.0122424010	678.5273247351	29703.0000000000	23810.0000000000	16129.0000000000	202.0000000000	252.0000000000	372.0000000000	  0.0000000000	  0.0000000000	  0.0000000000	  0.1068685360	 17.0192924419	968139.4472219505	  0.2719184220	  4.7618291377	2036.4141235280
  0.1062157168	  1.0149715700	695.2857041063	68182.0000000000	33520.0000000000	17647.0000000000	 88.0000000000	179.0000000000	340.0000000000	  0.0000000000	  0.0000000000	  0.0000000000	  0.0973344196	 25.1746281459	1648543.5889724656	  0.0741558622	  3.4611353446	2321.0816814375
  0.0991035857	  1.0017290788	677.4437475154	24096.0000000000	20478.0000000000	20067.0000000000	249.0000000000	293.0000000000	299.0000000000	  0.0000000000	  0.0000000000	  0.0000000000	  0.1049317814	 22.2410037048	2554258.4962788187	  0.3673015065	  6.8444778737	2382.5923043517
  0.0984415492	  1.0323167836	694.2125349018	28169.0000000000	21277.0000000000	15038.0000000000	213.0000000000	282.0000000000	399.0000000000	  0.0000000000	  0.0000000000	  0.0000000000	  0.0819849068	 24.0374167797	1028310.2342224780	  0.2573774618	  6.6945560366	2337.1924904373
  0.1030203434	  1.0010194578	691.8017880539	17647.0000000000	14052.0000000000	14742.0000000000	340.0000000000	427.0000000000	407.0000000000	  0.0000000000	  0.0000000000	  0.0000000000	  0.0801136929	  9.3837926310	994563.7755384666	  0.5116707074	  7.7938312561	2364.4880600950
  0.0990932341	  0.9941295118	687.2143600562	21505.0000000000	12270.0000000000	17699.0000000000	279.0000000000	489.0000000000	339.0000000000	  0.0000000000	  0.0000000000	  0.0000000000	  0.1086239723	  8.9166141190	1526267.7617937103	  0.4434869575	  9.3087117597	2227.0526232897
  0.1031657991	  1.0117642661	685.3991267352	11719.0000000000	17045.0000000000	13730.0000000000	512.0000000000	352.0000000000	437.0000000000	  0.0000000000	  0.0000000000	  0.0000000000	  0.0813225065	 18.4168084990	829499.1095074116	  0.9548968533	  8.1951311056	2402.3693713919
  0.1010808086	  1.0264948464	696.8894133898	35714.0000000000	30151.0000000000	15464.0000000000	168.0000000000	199.0000000000	388.0000000000	  0.0000000000	  0.0000000000	  0.0000000000	  0.0829970984	 28.1978464255	1061577.9859004510	  0.1818644306	  4.2991943095	2274.7612221265
  0.1016731017	  1.0286413587	696.5110697947	13986.0000000000	11111.0000000000	15306.0000000000	429.0000000000	540.0000000000	392.0000000000	  0.0000000000	  0.0000000000	  0.0000000000	  0.0808041706	  6.6330714462	1104031.1638843999	  0.7298344279	  9.3370187875	2350.3022171408
  0.1045424182	  1.0410120078	698.4983323215	35928.0000000000	31414.0000000000	16949.0000000000	167.0000000000	191.0000000000	354.0000000000	  0.0000000000	  0.0000000000	  0.0000000000	  0.1077073104	 25.3796816154	1691924.9629341217	  0.2050795118	  3.8320490609	2496.2460677392
  0.1005310609	  1.0177675549	683.6700780320	24291.0000000000	22814.0000000000	17910.0000000000	247.0000000000	263.0000000000	335.0000000000	  0.0000000000	  0.0000000000	  0.0000000000	  0.1080610316	 25.2376126031	1343636.7611984441	  0.3690171729	  6.1888705305	2056.0809962156
  0.0998156177	  1.0821892894	695.7807755996	20067.0000000000	21661.0000000000	15345.0000000000	299.0000000000	277.0000000000	391.0000000000	  0.0000000000	  0.0000000000	  0.0000000000	  0.0956884072	 29.0828043814	1254238.3988979692	  0.4622853121	  7.1602824687	2494.8787129752
  0.1020294690	  1.0383496267	692.2515059049	14388.0000000000	22901.0000000000	18349.0000000000	417.0000000000	262.0000000000	327.0000000000	  0.0000000000	  0.0000000000	  0.0000000000	  0.0564310504	 17.3628979278	1993708.6752202788	  0.5838671629	  5.1040649854	2413.6328667124
  0.1009089223	  1.0247554281	698.6817249911	16173.0000000000	16393.0000000000	12793.0000000000	371.0000000000	366.0000000000	469.0000000000	  0.0000000000	  0.0000000000	  0.0000000000	  0.0872707517	 19.1408478612	606106.0753371753	  0.6093574700	  8.8572231400	2281.9605367922
  0.1026036156	  1.0115758938	691.6675319737	43478.0000000000	19481.0000000000	13393.0000000000	138.0000000000	308.0000000000	448.0000000000	  0.0000000000	  0.0000000000	  0.0000000000	  0.0949636597	 11.1402053759	617022.8967976769	  0.1445721598	  5.2138261984	2153.2419285449
  0.0985543508	  1.0011927990	698.2147383764	14388.0000000000	20339.0000000000	15306.0000000000	417.0000000000	295.0000000000	392.0000000000	  0.0000000000	  0.0000000000	  0.0000000000	  0.0961512052	 33.3514800701	921143.8980727036	  0.7613091766	  8.4294378749	2146.2649161869
  0.1041310413	  1.0114063083	694.0207891884	33333.0000000000	19293.0000000000	17391.0000000000	180.0000000000	311.0000000000	345.0000000000	  0.0000000000	  0.0000000000	  0.0000000000	  0.1105757478	 22.8871036409	1769709.8191252025	  0.2309159870	  7.5778303962	2456.0200036861
  0.0985250000	  1.0521923136	686.7815476148	40000.0000000000	24793.0000000000	17341.0000000000	150.0000000000	242.0000000000	346.0000000000	  0.0000000000	  0.0000000000	  0.0000000000	  0.0949175305	 19.7777166131	1492909.1016540243	  0.1637603092	  4.8272608538	2272.6288108400
  0.1026366447	  1.0235502136	694.8141021008	34286.0000000000	20548.0000000000	16529.0000000000	175.0000000000	292.0000000000	363.0000000000	  0.0000000000	  0.0000000000	  0.0000000000	  0.0817592370	 16.1068964736	1413536.3273374848	  0.1909738699	  5.7903391070	2371.3192088455
  0.1007449534	  1.0512966407	687.5033989897	42553.0000000000	15228.0000000000	17804.0000000000	141.0000000000	394.0000000000	337.0000000000	  0.0000000000	  0.0000000000	  0.0000000000	  0.1428092984	 15.8907414056	1590565.5852001393	 -0.1827312737	  8.9928988937	2257.1043301536
  0.1039293188	  1.0537517395	689.3661518279	12903.0000000000	13453.0000000000	14742.0000000000	465.0000000000	446.0000000000	407.0000000000	  0.0000000000	  0.0000000000	  0.0000000000	  0.0843987962	  8.8473535356	894955.1046465007	  0.8422006180	  8.0791663357	2241.1238969599
  0.1077117128	  1.0080149704	701.8138748103	136364.0000000000	14670.0000000000	15424.0000000000	 44.0000000000	409.0000000000	389.0000000000	  0.0000000000	  0.0000000000	  0.0000000000	  0.1362334598	 12.9019690772	1026672.1208342245	 -0.0315098397	  8.5862932988	2248.1375869168
  0.1092391092	  1.0210486565	688.8960876751	153846.0000000000	28846.0000000000	18462.0000000000	 39.0000000000	208.0000000000	325.0000000000	  0.0000000000	  0.0000000000	  0.0000000000	  0.1185655998	 22.4667749056	2049640.1611079990	  0.0240781306	  4.1031762938	2424.7791061799
  0.1010685505	  1.0371172682	700.4327198772	28169.0000000000	18576.0000000000	12876.0000000000	213.0000000000	323.0000000000	466.0000000000	  0.0000000000	  0.0000000000	  0.0000000000	  0.1323463061	 19.4203518008	626712.8057407383	  0.3253980859	  7.3908269905	2296.1863789817
  0.1000284172	  1.0009745068	706.0303022390	17595.0000000000	17442.0000000000	12048.0000000000	341.0000000000	344.0000000000	498.0000000000	  0.0000000000	  0.0000000000	  0.0000000000	  0.0821298950	 13.4030620745	508144.3514331356	  0.5218670199	  6.7304942776	2288.5773786854
  0.1037664968	  0.9543671401	690.3606847123	61224.0000000000	13043.0000000000	16854.0000000000	 98.0000000000	460.0000000000	356.0000000000	  0.0000000000	  0.0000000000	  0.0000000000	  0.0968943643	  4.7718970239	1413539.6629287198	  0.0870247828	  6.2153295685	2300.8068241905
  0.1005228538	  1.0333952339	680.8397612375	11858.0000000000	24096.0000000000	14423.0000000000	506.0000000000	249.0000000000	416.0000000000	  0.0000000000	  0.0000000000	  0.0000000000	  0.0464642086	 20.4531701526	789195.6771228653	  0.7089571674	  5.1325109311	2173.4483722671
  0.1041897773	  1.0312964039	690.3470248873	23438.0000000000	14458.0000000000	14118.0000000000	256.0000000000	415.0000000000	425.0000000000	  0.0000000000	  0.0000000000	  0.0000000000	  0.0886818507	  8.5606631319	802449.7494997917	  0.3525974205	  7.1523264799	2266.1812432868
  0.1071177381	  1.0442275318	684.4301935930	28436.0000000000	16760.0000000000	15038.0000000000	211.0000000000	358.0000000000	399.0000000000	  0.0000000000	  0.0000000000	  0.0000000000	  0.0995906703	 11.7083163968	862636.2895060700	  0.2800130669	  6.6881590903	2139.1415946426
  0.1024911801	  0.9898176600	697.1566489105	27778.0000000000	14085.0000000000	13363.0000000000	216.0000000000	426.0000000000	449.0000000000	  0.0000000000	  0.0000000000	  0.0000000000	  0.1019534629	  9.1396610946	845239.0466150722	  0.2933912814	  7.6685425382	2523.9222441116
  0.0993582484	  1.0279302148	685.7426451393	13245.0000000000	18349.0000000000	13015.0000000000	453.0000000000	327.0000000000	461.0000000000	  0.0000000000	  0.0000000000	  0.0000000000	  0.0761678518	 15.8288847856	746488.0207587497	  0.7675098548	  6.7926860676	2469.3496826922
  0.0972692022	  1.0032715208	702.1868558439	12121.0000000000	15748.0000000000	16129.0000000000	495.0000000000	381.0000000000	372.0000000000	  0.0000000000	  0.0000000000	  0.0000000000	  0.0291026735	  3.8882160760	1110632.5836402315	  0.5419390837	  4.2266961133	2179.9226371077
  0.1037174964	  0.9814693326	678.7762628135	30612.0000000000	14354.0000000000	10753.0000000000	196.0000000000	418.0000000000	558.0000000000	  0.0000000000	  0.0000000000	  0.0000000000	  0.1183076192	 16.4045139600	330635.0248574868	  0.2724865172	  9.9815091970	2185.9364836781
  0.1015943181	  1.0147808533	699.1905463817	40268.0000000000	14925.0000000000	14528.0000000000	149.0000000000	402.0000000000	413.0000000000	  0.0000000000	  0.0000000000	  0.0000000000	  0.0906200884	  6.8562229380	956706.4755338125	 -0.1575814444	  6.0852534974	2371.2307658003
  0.1017163848	  0.9725759388	698.3435861778	15789.0000000000	11516.0000000000	15873.0000000000	380.0000000000	521.0000000000	378.0000000000	  0.0000000000	  0.0000000000	  0.0000000000	  0.0642454788	  4.2002705199	1186320.3935147608	  0.5411471648	  7.0368809895	2312.7225852546
  0.1012294330	  1.0033899820	695.8339385554	16349.0000000000	18868.0000000000	16575.0000000000	367.0000000000	318.0000000000	362.0000000000	  0.0000000000	  0.0000000000	  0.0000000000	  0.0625057179	 11.0955067479	1343349.0451108585	  0.5079681305	  5.4485886195	2308.0786937037
  0.0993557564	  1.0129612513	702.6592080416	23904.0000000000	13393.0000000000	11952.0000000000	251.0000000000	448.0000000000	502.0000000000	  0.0000000000	  0.0000000000	  0.0000000000	  0.0651438866	  4.3133375987	507079.5795009509	  0.2936217441	  5.6884957198	2310.7281323008
  0.1025127692	  1.0251879550	681.0668849206	38961.0000000000	18868.0000000000	14423.0000000000	154.0000000000	318.0000000000	416.0000000000	  0.0000000000	  0.0000000000	  0.0000000000	  0.0734147654	 16.6620595246	925230.2534499585	  0.1495019740	  6.6728890401	2359.9556331182
  0.1001989201	  1.0039692418	707.8037323013	17595.0000000000	21277.0000000000	16304.0000000000	341.0000000000	282.0000000000	368.0000000000	  0.0000000000	  0.0000000000	  0.0000000000	  0.1148961397	 37.1840726468	1148900.0961541643	  0.6159536335	  8.3423480414	2183.0877831640
  0.1024281725	  1.0322232736	710.0493798970	21127.0000000000	30612.0000000000	12793.0000000000	284.0000000000	196.0000000000	469.0000000000	  0.0000000000	  0.0000000000	  0.0000000000	  0.1050185739	 26.9279016554	627503.9162830774	  0.4468082752	  4.1067542546	2324.4497120099
  0.1010400000	  1.0539176787	682.1544721872	12500.0000000000	20548.0000000000	16129.0000000000	480.0000000000	292.0000000000	372.0000000000	  0.0000000000	  0.0000000000	  0.0000000000	  0.0861582289	 22.0144093247	1348939.9333081250	  0.8900657185	  6.7427523906	2408.6922837119
  0.1027842555	  1.0212153831	699.4991341956	28302.0000000000	16807.0000000000	15504.0000000000	212.0000000000	357.0000000000	387.0000000000	  0.0000000000	  0.0000000000	  0.0000000000	  0.1250895593	 24.5829145924	1131790.5947296885	  0.3156958929	  9.6510124495	2334.4536726545
  0.1073901241	  1.0109517620	694.0395336075	98361.0000000000	17595.0000000000	15345.0000000000	 61.0000000000	341.0000000000	391.0000000000	  0.0000000000	  0.0000000000	  0.0000000000	  0.1175208738	 13.8848912648	1178453.9524583784	  0.0470352453	  6.7767909316	2425.4955402063
  0.1083051209	  0.9668630260	702.1208140183	98361.0000000000	8392.0000000000	12000.0000000000	 61.0000000000	715.0000000000	500.0000000000	  0.0000000000	  0.0000000000	  0.0000000000	  0.1021698763	  3.4138299661	555679.7817494291	  0.0444802397	 10.2002250040	2408.7755720859
  0.1041396104	  0.9969284457	692.5845869752	12320.0000000000	16393.0000000000	18293.0000000000	487.0000000000	366.0000000000	328.0000000000	  0.0000000000	  0.0000000000	  0.0000000000	  0.0554255365	  8.8398351011	1455284.8679494096	  0.7293877287	  6.0018846175	2064.1977197952
  0.1008397577	  1.0374545726	685.5823964744	14528.0000000000	19737.0000000000	14388.0000000000	413.0000000000	304.0000000000	417.0000000000	  0.0000000000	  0.0000000000	  0.0000000000	  0.0582968884	  9.3634646521	915639.7011036424	  0.5855657580	  4.6720101060	2354.0740882221
  0.1013031208	  0.9659774967	688.7692255505	24096.0000000000	23256.0000000000	14493.0000000000	249.0000000000	258.0000000000	414.0000000000	  0.0000000000	  0.0000000000	  0.0000000000	  0.0752832971	 15.2533131795	821161.8496604647	  0.3105052670	  4.6709602022	2204.0730841959
  0.0992788760	  1.0716283403	697.0297151225	16086.0000000000	18692.0000000000	18927.0000000000	373.0000000000	321.0000000000	317.0000000000	  0.0000000000	  0.0000000000	  0.0000000000	  0.0627311217	 12.5067508969	1866614.9334375276	  0.5205895171	  5.8777993007	2230.6594591655
  0.1004186025	  1.0223675470	700.1953726360	21739.0000000000	17910.0000000000	16304.0000000000	276.0000000000	335.0000000000	368.0000000000	  0.0000000000	  0.0000000000	  0.0000000000	  0.0960544189	 17.2028767699	1341915.9639130982	  0.4106778017	  7.3497377442	2363.7662149627
  0.1027351027	  0.9673959924	700.9933058362	37037.0000000000	16260.0000000000	13393.0000000000	162.0000000000	369.0000000000	448.0000000000	  0.0000000000	  0.0000000000	  0.0000000000	  0.1159178576	 14.8754501963	850001.2639271448	  0.2030821688	  7.9056654776	2525.4843855244
  0.0992029604	  1.0334832029	692.4125407574	14052.0000000000	16854.0000000000	18692.0000000000	427.0000000000	356.0000000000	321.0000000000	  0.0000000000	  0.0000000000	  0.0000000000	  0.0576884883	 11.9027352409	2544662.0670114970	  0.6112685080	  6.6938150884	2648.5377620424
  0.1036864370	  1.0182633584	693.9762145744	81081.0000000000	22901.0000000000	16667.0000000000	 74.0000000000	262.0000000000	360.0000000000	  0.0000000000	  0.0000000000	  0.0000000000	  0.1306128485	 24.7356059569	1227333.8213355758	 -0.0657586758	  6.1009077588	2187.0706384073
  0.1091216363	  1.0398137678	695.7143773561	115385.0000000000	19355.0000000000	17241.0000000000	 52.0000000000	310.0000000000	348.0000000000	  0.0000000000	  0.0000000000	  0.0000000000	  0.1009365981	 10.1959719933	1721959.8187248150	  0.0340022506	  5.0264104395	2461.3870506587
  0.1044631964	  1.0491451933	693.2406495605	19672.0000000000	24490.0000000000	14778.0000000000	305.0000000000	245.0000000000	406.0000000000	  0.0000000000	  0.0000000000	  0.0000000000	  0.1115934346	 29.9159943080	969973.9917106037	  0.5126807598	  6.0637829230	2326.3235476818
  0.1033734135	  1.0196249702	696.2954032814	11976.0000000000	16129.0000000000	15345.0000000000	501.0000000000	372.0000000000	391.0000000000	  0.0000000000	  0.0000000000	  0.0000000000	  0.0726297488	 15.0567676936	893362.7860069625	  0.8735596611	  8.0241635736	2113.3474264907
  0.1013900245	  1.0403343612	694.1043785276	13453.0000000000	20067.0000000000	15190.0000000000	446.0000000000	299.0000000000	395.0000000000	  0.0000000000	  0.0000000000	  0.0000000000	  0.0866631537	 22.1986081568	970299.7415614733	  0.7994151798	  7.0255066896	2235.7346269527
  0.1033547114	  1.0153889313	693.2630405055	32432.0000000000	21201.0000000000	13699.0000000000	185.0000000000	283.0000000000	438.0000000000	  0.0000000000	  0.0000000000	  0.0000000000	  0.1127795232	 27.9286063694	801786.3153985272	  0.2433239823	  7.2522723611	2368.8058335092
  0.1006995972	  0.9892774364	701.1881523670	14151.0000000000	18576.0000000000	14493.0000000000	424.0000000000	323.0000000000	414.0000000000	  0.0000000000	  0.0000000000	  0.0000000000	  0.0473988651	 10.4131834404	998135.0791350139	  0.5485817191	  5.3956828643	2425.9488181900
  0.1200504534	  1.0316055593	705.1356270195	272727.0000000000	20408.0000000000	15038.0000000000	 22.0000000000	294.0000000000	399.0000000000	  0.0000000000	  0.0000000000	  0.0000000000	  0.1823586246	 40.5218027401	1053596.9718739740	 -0.0126782909	  9.2643964334	2359.3857655652
  0.1029682591	  0.9795520997	706.2964348280	18462.0000000000	25862.0000000000	16713.0000000000	325.0000000000	232.0000000000	359.0000000000	  0.0000000000	  0.0000000000	  0.0000000000	  0.0656769889	 14.4119194066	1509902.2267296119	  0.4329795679	  3.8766096315	2413.4009831049
  0.1054775612	  1.0345843885	684.1796536692	29703.0000000000	23904.0000000000	16949.0000000000	202.0000000000	251.0000000000	354.0000000000	  0.0000000000	  0.0000000000	  0.0000000000	  0.0986451908	 14.1023875008	1434026.6102638554	  0.2598831504	  4.3075745974	2298.3080766357
  0.1023421023	  1.0478048650	679.2116067788	18018.0000000000	17391.0000000000	15584.0000000000	333.0000000000	345.0000000000	385.0000000000	  0.0000000000	  0.0000000000	  0.0000000000	  0.1147485770	 32.1671385837	988571.3959517219	  0.5934612377	 10.4990371523	2167.7465011717
  0.1037162374	  1.0269239203	688.1739979023	15957.0000000000	14851.0000000000	15831.0000000000	376.0000000000	404.0000000000	379.0000000000	  0.0000000000	  0.0000000000	  0.0000000000	  0.0840212579	  8.0853843500	1232742.8436024094	  0.6112353138	  6.6535125026	2361.3006331956
  0.1002989301	  1.0471813893	700.0070240796	25424.0000000000	19417.0000000000	15915.0000000000	236.0000000000	309.0000000000	377.0000000000	  0.0000000000	  0.0000000000	  0.0000000000	  0.0803727316	 10.7933690077	1166559.2253728204	  0.2967989041	  5.1423099960	2280.3744810797
  0.1045720827	  1.0199037826	698.6861364710	14851.0000000000	18405.0000000000	11976.0000000000	404.0000000000	326.0000000000	501.0000000000	  0.0000000000	  0.0000000000	  0.0000000000	  0.0713008534	 12.7347595729	531366.4343465656	  0.6250469499	  6.0502978722	2359.7353138999
  0.1001878522	  1.0332602092	690.8209312238	20761.0000000000	16620.0000000000	18293.0000000000	289.0000000000	361.0000000000	328.0000000000	  0.0000000000	  0.0000000000	  0.0000000000	  0.0796936586	 10.7848475349	1842548.8284057914	  0.4007641141	  6.5132898183	2332.1758092128
  0.1022333892	  1.0312340620	703.8555305881	17910.0000000000	14670.0000000000	13483.0000000000	335.0000000000	409.0000000000	445.0000000000	  0.0000000000	  0.0000000000	  0.0000000000	  0.0736998120	  7.2518758130	803270.6856993962	  0.4807792284	  6.4378290516	2428.0178672541
  0.1012879742	  1.0090566161	688.1194117084	14286.0000000000	21978.0000000000	13857.0000000000	420.0000000000	273.0000000000	433.0000000000	  0.0000000000	  0.0000000000	  0.0000000000	  0.0828287946	 21.4071842954	928394.4515346069	  0.7161309101	  6.0167568522	2504.2360866312
  0.1012329074	  1.0110650729	707.3938320117	22305.0000000000	15464.0000000000	13667.0000000000	269.0000000000	388.0000000000	439.0000000000	  0.0000000000	  0.0000000000	  0.0000000000	  0.1160800819	 11.3832035853	904490.7301700796	  0.4349920853	  7.4561944126	2527.5621815906
  0.1008321933	  1.0259931939	702.3869660781	17544.0000000000	20548.0000000000	18127.0000000000	342.0000000000	292.0000000000	331.0000000000	  0.0000000000	  0.0000000000	  0.0000000000	  0.0951876266	 13.4180553655	1475286.1896620202	  0.5633436579	  5.2850404692	2108.7922296673
  0.1040272774	  1.0573324946	686.1687389700	31088.0000000000	16260.0000000000	15306.0000000000	193.0000000000	369.0000000000	392.0000000000	  0.0000000000	  0.0000000000	  0.0000000000	  0.0843672319	 13.1008220532	1159405.0164896580	  0.2252046863	  7.4005199569	2412.9095728450
  0.1026420147	  0.9558720889	694.0997783810	19417.0000000000	16713.0000000000	13304.0000000000	309.0000000000	359.0000000000	451.0000000000	  0.0000000000	  0.0000000000	  0.0000000000	  0.0975519785	 15.5902421757	551634.4085327593	  0.4897207998	  7.7387629795	2050.7885916562
  0.1036449869	  0.9335526921	688.3834675916	30151.0000000000	12500.0000000000	13015.0000000000	199.0000000000	480.0000000000	461.0000000000	  0.0000000000	  0.0000000000	  0.0000000000	  0.1110135119	  5.3771891604	826299.1004332585	 -0.2692382268	  7.0453003339	2597.5187616533
  0.1053676836	  1.0375650088	688.5204263161	18127.0000000000	11696.0000000000	13072.0000000000	331.0000000000	513.0000000000	459.0000000000	  0.0000000000	  0.0000000000	  0.0000000000	  0.0944219155	  7.9877374207	614130.0518110392	  0.5335712979	  9.4738315880	2223.1928387099
  0.1016638466	  0.9967672597	684.1298168324	14184.0000000000	22989.0000000000	15267.0000000000	423.0000000000	261.0000000000	393.0000000000	  0.0000000000	  0.0000000000	  0.0000000000	  0.0711370794	 21.4807167079	1135431.9475227005	  0.6698686157	  5.6278709453	2398.2189236817
  0.0975632926	  1.0234591299	701.5122249151	21053.0000000000	22814.0000000000	11299.0000000000	285.0000000000	263.0000000000	531.0000000000	  0.0000000000	  0.0000000000	  0.0000000000	  0.0806156370	 19.1449613730	480882.4332306578	  0.3949096041	  5.4005154188	2450.3965671060
  0.0963325183	  0.9574599476	684.2926413731	12270.0000000000	13453.0000000000	15584.0000000000	489.0000000000	446.0000000000	385.0000000000	  0.0000000000	  0.0000000000	  0.0000000000	  0.0740540498	  9.1278110351	1124470.9402662022	  0.8489067965	  8.2121854146	2310.2786983470
  0.0963855422	  0.9876538781	703.6327619233	7802.0000000000	8982.0000000000	14778.0000000000	769.0000000000	668.0000000000	406.0000000000	  0.0000000000	  0.0000000000	  0.0000000000	  0.0299451504	  2.0857146604	1128477.7320170139	  1.0655122860	  7.2057573704	2510.6218203784
  0.1006615099	  0.9952737268	699.0124584119	28571.0000000000	24096.0000000000	14778.0000000000	210.0000000000	249.0000000000	406.0000000000	  0.0000000000	  0.0000000000	  0.0000000000	  0.0984443765	 19.4785186393	949656.6671076695	  0.2754398534	  4.9996711727	2302.4988581508
  0.1055624750	  1.0232489410	691.1577894889	42553.0000000000	19868.0000000000	15789.0000000000	141.0000000000	302.0000000000	380.0000000000	  0.0000000000	  0.0000000000	  0.0000000000	  0.1240128429	 21.4791708363	1050187.2274529287	  0.1702986199	  7.0190848905	2193.6415714519
  0.1010084646	  1.0580218050	691.8008530084	24691.0000000000	26667.0000000000	15000.0000000000	243.0000000000	225.0000000000	400.0000000000	  0.0000000000	  0.0000000000	  0.0000000000	  0.1060724852	 34.6268756770	888354.5428808471	  0.3556702558	  5.7308877413	2174.9304135853
  0.1013916501	  0.9704627165	680.7306866059	12072.0000000000	8032.0000000000	12097.0000000000	497.0000000000	747.0000000000	496.0000000000	  0.0000000000	  0.0000000000	  0.0000000000	  0.0762197093	  3.1903477098	578828.9141420757	  0.8836601846	 10.5352508248	2426.8365492956
  0.1014891881	  1.0337455324	692.4862285046	19608.0000000000	24096.0000000000	15873.0000000000	306.0000000000	249.0000000000	378.0000000000	  0.0000000000	  0.0000000000	  0.0000000000	  0.0823727653	 15.3627258994	1278139.5379707490	  0.4445738308	  4.4550566134	2401.9925317807
  0.1006440921	  1.0049513653	692.3371992600	26549.0000000000	19737.0000000000	13274.0000000000	226.0000000000	304.0000000000	452.0000000000	  0.0000000000	  0.0000000000	  0.0000000000	  0.0738519328	 14.3137322503	667576.6250048932	  0.2672626972	  5.7782746500	2270.0869850789
  0.1040490559	  1.0365152295	709.4405051574	20548.0000000000	22222.0000000000	15915.0000000000	292.0000000000	270.0000000000	377.0000000000	  0.0000000000	  0.0000000000	  0.0000000000	  0.0945421658	 15.5324515806	1162556.9868878829	  0.4423574060	  5.0419015115	2275.7516920076
  0.1010880000	  1.0001856724	699.8266762366	31250.0000000000	22989.0000000000	16667.0000000000	192.0000000000	261.0000000000	360.0000000000	  0.0000000000	  0.0000000000	  0.0000000000	  0.0920444597	 18.9333241054	1606809.8774011706	  0.2338029348	  5.2874824383	2502.4538065288
  0.0988674765	  1.0168053433	691.9878520964	21898.0000000000	16529.0000000000	17544.0000000000	274.0000000000	363.0000000000	342.0000000000	  0.0000000000	  0.0000000000	  0.0000000000	  0.1191703069	 22.0637570095	1244656.8036349739	  0.4512695769	  9.3694089379	2037.3721853994
  0.1039025193	  1.0497210355	704.5602184257	12146.0000000000	15306.0000000000	12821.0000000000	494.0000000000	392.0000000000	468.0000000000	  0.0000000000	  0.0000000000	  0.0000000000	  0.0736880261	 14.8105682285	616156.1553244129	  0.8591012122	  8.6071962090	2296.4814364867
  0.1035076035	  1.0384142912	709.4998649344	54054.0000000000	20339.0000000000	16997.0000000000	111.0000000000	295.0000000000	353.0000000000	  0.0000000000	  0.0000000000	  0.0000000000	  0.1315674368	 18.1088999702	1404524.0057136167	 -0.1226971762	  6.2199396599	2273.5207538474
  0.1010633156	  0.9857899508	686.1593751087	20690.0000000000	13699.0000000000	13986.0000000000	290.0000000000	438.0000000000	429.0000000000	  0.0000000000	  0.0000000000	  0.0000000000	  0.0935459274	  9.6647449294	755641.0993775069	  0.4353780866	  8.2240012581	2229.3583542872
  0.0991667354	  1.0267844371	693.1506074186	12121.0000000000	13514.0000000000	13730.0000000000	495.0000000000	444.0000000000	437.0000000000	  0.0000000000	  0.0000000000	  0.0000000000	  0.0504742673	  8.7526219600	852155.8657442327	  0.7140690756	  7.9837672514	2430.3217475416
  0.1019963814	  1.0535294296	692.2418939222	32609.0000000000	24590.0000000000	16000.0000000000	184.0000000000	244.0000000000	375.0000000000	  0.0000000000	  0.0000000000	  0.0000000000	  0.0967392365	 29.1919472533	1236744.5214957180	  0.2238598467	  5.9544724727	2330.8025693228
  0.0991108107	  1.0032267095	689.7066889160	19231.0000000000	32609.0000000000	16393.0000000000	312.0000000000	184.0000000000	366.0000000000	  0.0000000000	  0.0000000000	  0.0000000000	  0.0900434428	 34.1460321160	1046545.4732949138	  0.4779112488	  4.2010843741	2071.9334301901
  0.1020698373	  0.9792201619	697.0175737909	18987.0000000000	15831.0000000000	14320.0000000000	316.0000000000	379.0000000000	419.0000000000	  0.0000000000	  0.0000000000	  0.0000000000	  0.0811143038	 12.8155335761	930197.4115464396	  0.4625594015	  7.6138929765	2388.1423443957
  0.1035734227	  1.0669006164	689.6154388802	17910.0000000000	19672.0000000000	17391.0000000000	335.0000000000	305.0000000000	345.0000000000	  0.0000000000	  0.0000000000	  0.0000000000	  0.0831160319	 17.4451821359	1549459.6478938614	  0.5094713540	  6.4110240898	2304.0674253688
  0.1011480954	  1.0326902596	694.1533920204	22472.0000000000	11765.0000000000	17964.0000000000	267.0000000000	510.0000000000	334.0000000000	  0.0000000000	  0.0000000000	  0.0000000000	  0.0962067466	  6.2961515375	1661530.7257980811	  0.3912222017	  8.3396785009	2274.6436521900
  0.1058391180	  1.0000034197	689.7191637548	12245.0000000000	15267.0000000000	14528.0000000000	490.0000000000	393.0000000000	413.0000000000	  0.0000000000	  0.0000000000	  0.0000000000	  0.0625622662	 10.2398424694	1064682.0745184033	  0.7839770275	  7.2005246962	2497.7947427251
  0.0981226166	  0.9693525099	686.5543528961	13636.0000000000	16949.0000000000	13793.0000000000	440.0000000000	354.0000000000	435.0000000000	  0.0000000000	  0.0000000000	  0.0000000000	  0.1077116033	 26.7092782846	885469.6726453336	  0.8745516938	  9.9497413278	2467.3184243500
  0.1011420783	  1.0053105253	692.0759836477	21277.0000000000	17291.0000000000	16393.0000000000	282.0000000000	347.0000000000	366.0000000000	  0.0000000000	  0.0000000000	  0.0000000000	  0.0855622425	 14.7288422428	1252618.3828550854	  0.3994069452	  7.1657188726	2266.7457943659
  0.1009590882	  0.9858127930	691.7028504109	21583.0000000000	20067.0000000000	16043.0000000000	278.0000000000	299.0000000000	374.0000000000	  0.0000000000	  0.0000000000	  0.0000000000	  0.1140867311	 25.3859371524	1173730.9932022803	  0.4512951838	  7.5320234217	2263.5749526719
  0.1000000000	  0.9709983641	693.9690409499	20270.0000000000	17751.0000000000	16173.0000000000	296.0000000000	338.0000000000	371.0000000000	  0.0000000000	  0.0000000000	  0.0000000000	  0.0811262836	 12.7170571004	1254947.0071402355	  0.4181683120	  6.4075177228	2309.8640616937
  0.1007536692	  1.0634468791	686.3465303977	12605.0000000000	18018.0000000000	14252.0000000000	476.0000000000	333.0000000000	421.0000000000	  0.0000000000	  0.0000000000	  0.0000000000	  0.0383192570	  4.9760105984	788040.2549410381	  0.5876996714	  3.9049122903	2212.8446203163
  0.1024721543	  1.0381407469	695.5768836231	18405.0000000000	15190.0000000000	12579.0000000000	326.0000000000	395.0000000000	477.0000000000	  0.0000000000	  0.0000000000	  0.0000000000	  0.0982275829	 14.5002577152	615021.8837878536	  0.5331767610	  8.6238300669	2356.0225481494
  0.0974321881	  1.1141172030	694.9594892936	13825.0000000000	15504.0000000000	15504.0000000000	434.0000000000	387.0000000000	387.0000000000	  0.0000000000	  0.0000000000	  0.0000000000	  0.0732406062	 13.8971800889	1131268.2771836186	  0.7053949546	  8.1837258174	2339.2743536741
  0.0991391128	  1.0575673362	695.4785324061	18237.0000000000	15666.0000000000	15789.0000000000	329.0000000000	383.0000000000	380.0000000000	  0.0000000000	  0.0000000000	  0.0000000000	  0.0844189722	 11.9254852094	1379206.8645255431	  0.5012704876	  7.4840253927	2513.2210592092
  0.1031949730	  1.0142791390	689.0196996739	11299.0000000000	22642.0000000000	17442.0000000000	531.0000000000	265.0000000000	344.0000000000	  0.0000000000	  0.0000000000	  0.0000000000	  0.0713593174	 33.1194800403	1438995.7244128622	  0.9439816491	  7.1588204779	2210.8799176714
  0.0964889124	  1.0254824918	698.8735929711	15152.0000000000	19108.0000000000	13699.0000000000	396.0000000000	314.0000000000	438.0000000000	  0.0000000000	  0.0000000000	  0.0000000000	  0.0830429956	 17.3754805126	914428.7268708957	  0.6558701437	  6.6797681583	2530.0092840774
  0.1046898291	  1.0248191598	676.6311887802	17442.0000000000	18293.0000000000	17442.0000000000	344.0000000000	328.0000000000	344.0000000000	  0.0000000000	  0.0000000000	  0.0000000000	  0.1576985767	 31.9855752999	1375607.6567015913	  0.7310550264	  9.7109279150	2163.2080201508
  0.1012097835	  1.0688686151	683.1968856741	22814.0000000000	31088.0000000000	13274.0000000000	263.0000000000	193.0000000000	452.0000000000	  0.0000000000	  0.0000000000	  0.0000000000	  0.0966764552	 22.0251529955	613345.7946188501	  0.3820881039	  3.6218289039	2171.4690399569
  0.1022458629	  1.0240409119	688.5480855946	15228.0000000000	27149.0000000000	17493.0000000000	394.0000000000	221.0000000000	343.0000000000	  0.0000000000	  0.0000000000	  0.0000000000	  0.1030392451	 38.2034935419	1326863.5069656882	  0.7245214577	  5.8609454455	2115.9011761740
  0.1020313637	  1.0194326556	697.4997511055	15113.0000000000	30151.0000000000	15038.0000000000	397.0000000000	199.0000000000	399.0000000000	  0.0000000000	  0.0000000000	  0.0000000000	  0.0733753073	 27.7684461130	1074322.5382407869	  0.6195945640	  4.2660807703	2381.5530416857
  0.1019363592	  1.0071014619	695.6163003419	16216.0000000000	20619.0000000000	13605.0000000000	370.0000000000	291.0000000000	441.0000000000	  0.0000000000	  0.0000000000	  0.0000000000	  0.0819210417	 14.1210158046	1107147.7062767062	  0.5872425398	  5.3811277814	2817.4502135446
  0.1003470986	  0.9629138960	699.6127934909	22472.0000000000	14458.0000000000	13825.0000000000	267.0000000000	415.0000000000	434.0000000000	  0.0000000000	  0.0000000000	  0.0000000000	  0.0909741055	 11.1908131196	759099.1247461758	  0.3806180747	  8.1762403063	2272.6015026964
  0.1024562828	  0.9790868497	692.9167067020	34483.0000000000	20202.0000000000	14118.0000000000	174.0000000000	297.0000000000	425.0000000000	  0.0000000000	  0.0000000000	  0.0000000000	  0.1066356248	 16.4924063950	1019880.0015818888	  0.2171536681	  5.9979089600	2555.3365941801
  0.1170458333	  1.0219788182	700.5372341950	240000.0000000000	14851.0000000000	15748.0000000000	 25.0000000000	404.0000000000	381.0000000000	  0.0000000000	  0.0000000000	  0.0000000000	  0.1106117332	 12.7440413997	1224237.5277761938	  0.0122989285	  8.3825274716	2372.8417800166
  0.1030576031	  1.0307187711	681.3612760896	21978.0000000000	32432.0000000000	14851.0000000000	273.0000000000	185.0000000000	404.0000000000	  0.0000000000	  0.0000000000	  0.0000000000	  0.0895263602	 38.8884589876	920890.5430999278	  0.3896876809	  4.5379459033	2250.6560743332
  0.1028279182	  1.0598019816	688.3073986897	16620.0000000000	11976.0000000000	15345.0000000000	361.0000000000	501.0000000000	391.0000000000	  0.0000000000	  0.0000000000	  0.0000000000	  0.0846696470	  5.5673339186	1009223.6650104560	  0.5758597714	  7.6364807699	2238.9665420560
  0.1015561016	  1.0318740615	701.4104935522	51282.0000000000	19417.0000000000	18237.0000000000	117.0000000000	309.0000000000	329.0000000000	  0.0000000000	  0.0000000000	  0.0000000000	  0.1218698496	 15.5486418255	1772686.9664276573	  0.1272514217	  6.1754274800	2293.0058964963
  0.1005117590	  0.9991915059	694.7217384817	17391.0000000000	14354.0000000000	15000.0000000000	345.0000000000	418.0000000000	400.0000000000	  0.0000000000	  0.0000000000	  0.0000000000	  0.0972792418	 11.8257163288	961978.9307806464	  0.5763491489	  8.4882193226	2267.0699157120
  0.1028160828	  1.0946533119	694.7282239245	18927.0000000000	15424.0000000000	16620.0000000000	317.0000000000	389.0000000000	361.0000000000	  0.0000000000	  0.0000000000	  0.0000000000	  0.1063157241	  9.5638662378	1228627.2166869065	  0.5307943653	  6.8473698907	2190.8944764353
  0.1026271026	  0.9929340413	684.5081959098	15873.0000000000	14706.0000000000	11583.0000000000	378.0000000000	408.0000000000	518.0000000000	  0.0000000000	  0.0000000000	  0.0000000000	  0.0980735551	 19.6927742482	423293.8604714369	  0.6639941891	 10.5445287856	2212.2085565280
