  0.1071609821	  1.0761663830	695.7298435273	114286.0000000000	35556.0000000000	18391.0000000000	 70.0000000000	225.0000000000	435.0000000000	  0.0000000000	  0.0000000000	  0.0000000000	  0.1212865823	 32.2921606811	929968.0140563046	  0.0505680575	  4.8059910796	2189.1983160599
  0.1044389027	  1.0134999903	699.4736644319	20050.0000000000	24169.0000000000	21220.0000000000	399.0000000000	331.0000000000	377.0000000000	  0.0000000000	  0.0000000000	  0.0000000000	  0.0811348127	 18.9648988134	1951631.7447457733	  0.5683180472	  6.5610549673	2554.2630592222
  0.0977848946	  1.0051696654	704.7316643532	18735.0000000000	19950.0000000000	14842.0000000000	427.0000000000	401.0000000000	539.0000000000	  0.0000000000	  0.0000000000	  0.0000000000	  0.1150700204	 20.8887683890	528769.2951653379	  0.7487446944	  9.1916748466	2274.8991962894
  0.1046805819	  1.0008817595	689.0628749482	15810.0000000000	15656.0000000000	22409.0000000000	506.0000000000	511.0000000000	357.0000000000	  0.0000000000	  0.0000000000	  0.0000000000	  0.0934901734	 11.8226816663	1856598.6653623823	  0.8698390645	  9.9289873250	2300.5651451947
  0.1023607637	  0.9717799087	694.6165423260	16393.0000000000	21505.0000000000	15686.0000000000	488.0000000000	372.0000000000	510.0000000000	  0.0000000000	  0.0000000000	  0.0000000000	  0.0465839841	  7.6567379653	698924.8870032841	  0.5815634849	  4.9585906346	2408.6063172123
  0.0960947109	  1.0602421986	699.7042315805	19512.0000000000	17429.0000000000	21798.0000000000	410.0000000000	459.0000000000	367.0000000000	  0.0000000000	  0.0000000000	  0.0000000000	  0.0572340306	  4.2939263566	1737418.4093929406	  0.4963330862	  5.0889899983	2312.3266804395
  0.1044380428	  1.0315070021	689.8413180804	47904.0000000000	24024.0000000000	18349.0000000000	167.0000000000	333.0000000000	436.0000000000	  0.0000000000	  0.0000000000	  0.0000000000	  0.1087080750	 23.3970391300	853241.3295847155	  0.1780224381	  7.3635411254	2104.8112203215
  0.1023805417	  1.0696471590	691.9625047966	23188.0000000000	14733.0000000000	17978.0000000000	345.0000000000	543.0000000000	445.0000000000	  0.0000000000	  0.0000000000	  0.0000000000	  0.0939671937	  6.0512240155	915502.2343603041	  0.4919666251	  7.7753879762	2242.7939132913
  0.0993091131	  1.0059749903	689.9118830764	21277.0000000000	20619.0000000000	17131.0000000000	376.0000000000	388.0000000000	467.0000000000	  0.0000000000	  0.0000000000	  0.0000000000	  0.1160817007	 19.5391620715	845956.3077771196	  0.6217256322	  8.4547502025	2319.8337231969
  0.1023523524	  0.9669922923	684.1762044775	27972.0000000000	25157.0000000000	19753.0000000000	286.0000000000	318.0000000000	405.0000000000	  0.0000000000	  0.0000000000	  0.0000000000	  0.1288379741	 32.6816836635	1324721.7305644541	  0.4337743321	  8.0894620914	2347.3732076004
  0.1000382007	  1.0240740731	686.2856828305	20942.0000000000	11594.0000000000	17131.0000000000	382.0000000000	690.0000000000	467.0000000000	  0.0000000000	  0.0000000000	  0.0000000000	  0.0551461932	  3.2972729044	914087.6867713473	  0.4386510355	  8.2367148885	2413.9636573022
  0.0981185659	  1.0601937853	693.1566963557	14085.0000000000	15009.0000000000	19002.0000000000	568.0000000000	533.0000000000	421.0000000000	  0.0000000000	  0.0000000000	  0.0000000000	  0.0647392924	  7.6158369219	1040292.7502950125	  0.8599993527	  8.4811300924	2200.1203498747
  0.1001498501	  1.0701018864	701.8215186493	36036.0000000000	20202.0000000000	23392.0000000000	222.0000000000	396.0000000000	342.0000000000	  0.0000000000	  0.0000000000	  0.0000000000	  0.1186464229	 14.5663280515	1915878.5016003314	 -0.2846299072	  7.5209013790	2187.4329850409
  0.1014134705	  0.9745692652	685.9779106642	24691.0000000000	10944.0000000000	22989.0000000000	324.0000000000	731.0000000000	348.0000000000	  0.0000000000	  0.0000000000	  0.0000000000	  0.0721355787	  2.6960765793	1853078.2138510705	  0.3919325578	  8.1186030633	2210.9975194825
  0.1027794861	  1.0448100143	688.8039226102	66667.0000000000	27304.0000000000	18605.0000000000	120.0000000000	293.0000000000	430.0000000000	  0.0000000000	  0.0000000000	  0.0000000000	  0.1033437999	 22.0822858709	769296.1769820572	  0.1060156638	  5.9041785262	1953.8714145443
  0.0957321240	  1.0362030489	681.2930829578	16097.0000000000	20050.0000000000	19185.0000000000	497.0000000000	399.0000000000	417.0000000000	  0.0000000000	  0.0000000000	  0.0000000000	  0.0693591606	 17.5982904838	1278478.3542885543	  0.7305096929	  8.3609230443	2410.2538271683
  0.1046302065	  1.0336799596	691.5274499360	89888.0000000000	19950.0000000000	15474.0000000000	 89.0000000000	401.0000000000	517.0000000000	  0.0000000000	  0.0000000000	  0.0000000000	  0.1123774429	 15.5458035534	658232.5069188956	  0.0700578001	  7.9161685035	2382.2774581118
  0.0997740224	  0.9949737822	697.9856176102	20356.0000000000	19370.0000000000	21505.0000000000	393.0000000000	413.0000000000	372.0000000000	  0.0000000000	  0.0000000000	  0.0000000000	  0.0989500412	 15.6121016183	1921890.6459743455	  0.6123345163	  8.2782486255	2487.7560929179
  0.0994144020	  1.0307408319	681.7645923377	43716.0000000000	20460.0000000000	19512.0000000000	183.0000000000	391.0000000000	410.0000000000	  0.0000000000	  0.0000000000	  0.0000000000	  0.1047095322	 12.9092810214	1081230.5467799399	  0.2004920722	  6.9408255136	2159.3119080645
  0.1121571682	  1.0134349316	688.0905752394	210526.0000000000	21448.0000000000	16949.0000000000	 38.0000000000	373.0000000000	472.0000000000	  0.0000000000	  0.0000000000	  0.0000000000	  0.1196313828	 13.2348227729	937554.4259967973	  0.0204504778	  6.5418659435	2478.9857147830
  0.1048806610	  1.0602688898	684.7885298340	39216.0000000000	21277.0000000000	17621.0000000000	204.0000000000	376.0000000000	454.0000000000	  0.0000000000	  0.0000000000	  0.0000000000	  0.1243836440	 21.3223768947	943483.6800996674	  0.2572617563	  8.4110232618	2349.6946527966
  0.1013873364	  0.9966237830	701.4880966257	30418.0000000000	18433.0000000000	18182.0000000000	263.0000000000	434.0000000000	440.0000000000	  0.0000000000	  0.0000000000	  0.0000000000	  0.1034442874	 12.7917794849	955978.6843669689	  0.3430858571	  8.0756340045	2256.8218173910
  0.0992245608	  1.0090654392	681.9006826227	18957.0000000000	22099.0000000000	15810.0000000000	422.0000000000	362.0000000000	506.0000000000	  0.0000000000	  0.0000000000	  0.0000000000	  0.0974362665	 20.6490186272	646004.1206536981	  0.6773875781	  7.8385176253	2285.2472817703
  0.1004688063	  1.0184433957	697.1732604492	13865.0000000000	19512.0000000000	18223.0000000000	577.0000000000	410.0000000000	439.0000000000	  0.0000000000	  0.0000000000	  0.0000000000	  0.0734509534	 15.4783503636	1009658.4367914662	  0.9386601432	  8.1662489720	2310.7842746920
  0.1043911044	  1.0262109952	689.0032035505	111111.0000000000	19370.0000000000	19324.0000000000	 72.0000000000	413.0000000000	414.0000000000	  0.0000000000	  0.0000000000	  0.0000000000	  0.1622879503	 21.3382111099	1019101.4247382589	  0.0612698704	  9.6919717921	2122.8380467044
  0.1037082778	  1.0416967330	694.9026611265	30769.0000000000	28070.0000000000	22599.0000000000	260.0000000000	285.0000000000	354.0000000000	  0.0000000000	  0.0000000000	  0.0000000000	  0.1181620749	 35.9738691530	1989999.7134092192	  0.3596042437	  7.2283943537	2346.3139851932
  0.1004650502	  1.0354774844	693.2901040478	28169.0000000000	10638.0000000000	19231.0000000000	284.0000000000	752.0000000000	416.0000000000	  0.0000000000	  0.0000000000	  0.0000000000	  0.0896776254	  3.8180805864	1272481.9089718868	  0.3576438886	 10.0674736158	2395.9127853606
  0.0981380372	  1.0078752150	690.3888344894	14286.0000000000	30769.0000000000	19851.0000000000	560.0000000000	260.0000000000	403.0000000000	  0.0000000000	  0.0000000000	  0.0000000000	  0.0732685949	 34.9847787315	1149075.3001951464	  0.8960738703	  6.2049384726	2164.5536309542
  0.1015479299	  1.0773484989	696.3189817499	21448.0000000000	35242.0000000000	18824.0000000000	373.0000000000	227.0000000000	425.0000000000	  0.0000000000	  0.0000000000	  0.0000000000	  0.1054389407	 57.3772285642	1060231.4460283732	  0.5838273299	  6.4936568070	2256.0582794627
  0.1020671835	  0.9366670509	676.4501815896	52632.0000000000	20253.0000000000	18648.0000000000	152.0000000000	395.0000000000	429.0000000000	  0.0000000000	  0.0000000000	  0.0000000000	  0.1334008254	 21.0390464615	756810.7416791026	  0.1711379592	  9.0121537889	1932.6730873904
  0.1013608109	  1.0624016368	676.6761506600	35714.0000000000	21563.0000000000	14572.0000000000	224.0000000000	371.0000000000	549.0000000000	  0.0000000000	  0.0000000000	  0.0000000000	  0.0918194164	 14.4261589536	552837.0631718134	  0.2545578509	  6.7948357852	2392.7790250623
  0.1016965127	  1.0629831368	700.8428008381	21220.0000000000	22472.0000000000	18519.0000000000	377.0000000000	356.0000000000	432.0000000000	  0.0000000000	  0.0000000000	  0.0000000000	  0.1143890091	 26.5402486276	821145.0472640954	  0.6192332213	  8.6604975595	2031.0508984861
  0.1027300179	  0.9967581025	685.2162859808	16227.0000000000	22727.0000000000	18307.0000000000	493.0000000000	352.0000000000	437.0000000000	  0.0000000000	  0.0000000000	  0.0000000000	  0.0990561447	 22.1117077677	928621.5855355070	  0.8619862632	  7.7526157031	2198.9167876509
  0.1024375000	  1.0382454481	689.2066141020	16000.0000000000	21858.0000000000	16495.0000000000	500.0000000000	366.0000000000	485.0000000000	  0.0000000000	  0.0000000000	  0.0000000000	  0.0563672174	 12.6690561343	805283.0961587719	  0.6628267014	  6.2228296295	2398.4385006016
  0.1016827498	  0.9651801760	687.8134979195	25078.0000000000	16162.0000000000	15656.0000000000	319.0000000000	495.0000000000	511.0000000000	  0.0000000000	  0.0000000000	  0.0000000000	  0.1067884162	  9.0407092191	653308.7483677214	  0.4651267364	  8.2877291905	2334.5717163330
  0.1043712172	  1.0241834975	702.0484868897	14870.0000000000	33613.0000000000	16097.0000000000	538.0000000000	238.0000000000	497.0000000000	  0.0000000000	  0.0000000000	  0.0000000000	  0.0627074060	 30.0720285739	716483.8080414896	  0.7816790399	  5.0261833571	2347.0096280876
  0.1013356013	  1.0202181509	697.1811532560	63492.0000000000	21390.0000000000	18519.0000000000	126.0000000000	374.0000000000	432.0000000000	  0.0000000000	  0.0000000000	  0.0000000000	  0.0960153126	 16.5717353491	1154962.5218253483	  0.1093265490	  7.3743896564	2415.6603543325
  0.1018971848	  0.9833404074	679.3510824641	29412.0000000000	14440.0000000000	17978.0000000000	272.0000000000	554.0000000000	445.0000000000	  0.0000000000	  0.0000000000	  0.0000000000	  0.0741844574	  4.1291293906	1236913.9591293810	  0.3052510980	  6.6226294580	2606.5388441390
  0.1097146097	  1.0585057661	698.9517149691	190476.0000000000	13652.0000000000	14260.0000000000	 42.0000000000	586.0000000000	561.0000000000	  0.0000000000	  0.0000000000	  0.0000000000	  0.0909619236	  4.4447555410	519979.9228817507	  0.0201697496	  7.4705154120	2397.1024988096
  0.1036471046	  1.0477074923	692.1006806167	28269.0000000000	25559.0000000000	18519.0000000000	283.0000000000	313.0000000000	432.0000000000	  0.0000000000	  0.0000000000	  0.0000000000	  0.0865987861	 38.6741754060	1161621.3630553703	  0.3493699950	  8.6014441517	2415.6608151753
  0.1073971074	  0.9834658853	692.2895351449	111111.0000000000	16985.0000000000	15936.0000000000	 72.0000000000	471.0000000000	502.0000000000	  0.0000000000	  0.0000000000	  0.0000000000	  0.1198143062	  8.9613508991	755646.3734238727	 -0.0524895280	  7.6559951446	2443.7490636769
  0.0998193149	  1.0108139365	694.6334826105	27119.0000000000	32389.0000000000	18182.0000000000	295.0000000000	247.0000000000	440.0000000000	  0.0000000000	  0.0000000000	  0.0000000000	  0.0811653976	 17.3561744229	1013190.0388155469	  0.3612639542	  4.0384048508	2326.2396713939
  0.1024706719	  1.0492831158	690.9061252253	11252.0000000000	18018.0000000000	17204.0000000000	711.0000000000	444.0000000000	465.0000000000	  0.0000000000	  0.0000000000	  0.0000000000	  0.0458849061	 10.0460253558	772542.9319890270	  1.0150997670	  7.4155988859	2202.5969564811
  0.0981905911	  1.0486070979	702.9234294646	20725.0000000000	31621.0000000000	19370.0000000000	386.0000000000	253.0000000000	413.0000000000	  0.0000000000	  0.0000000000	  0.0000000000	  0.0640032956	 15.7493113266	1110792.1092203569	  0.4798905720	  3.9829200012	2211.3501695442
  0.1000922509	  1.0149317175	693.0395255119	21680.0000000000	17391.0000000000	16000.0000000000	369.0000000000	460.0000000000	500.0000000000	  0.0000000000	  0.0000000000	  0.0000000000	  0.0969207960	 14.4717409731	630136.0460633821	  0.5519608895	  9.3911280924	2217.6849466399
  0.1002460025	  1.0384832727	685.4994632644	16260.0000000000	15936.0000000000	19370.0000000000	492.0000000000	502.0000000000	413.0000000000	  0.0000000000	  0.0000000000	  0.0000000000	  0.0807683825	 11.8802242343	1343702.7270912731	  0.7751246062	  9.6874700986	2435.6315412105
  0.1001397003	  1.0365059624	696.3561061385	31496.0000000000	43011.0000000000	20101.0000000000	254.0000000000	186.0000000000	398.0000000000	  0.0000000000	  0.0000000000	  0.0000000000	  0.0977285098	 46.4892346214	1280414.0060844612	  0.3159557561	  4.3250788037	2245.4043814534
  0.1045742533	  1.0359248081	698.5540177126	14363.0000000000	16563.0000000000	18561.0000000000	557.0000000000	483.0000000000	431.0000000000	  0.0000000000	  0.0000000000	  0.0000000000	  0.0670833023	  6.4100178129	1069301.7988252526	  0.8518345257	  6.7217197845	2315.2909535042
  0.1061787312	  1.0295148374	677.9912029190	126984.0000000000	30075.0000000000	21053.0000000000	 63.0000000000	266.0000000000	380.0000000000	  0.0000000000	  0.0000000000	  0.0000000000	  0.1185672308	 37.5232070838	1588144.9156375858	  0.0434682905	  6.6389341166	2330.0898365285
  0.1018450185	  0.9863674885	694.7169445188	21680.0000000000	24242.0000000000	20460.0000000000	369.0000000000	330.0000000000	391.0000000000	  0.0000000000	  0.0000000000	  0.0000000000	  0.1193261777	 28.7116705071	1323589.9783079908	  0.6127499181	  8.0423059927	2219.9681114556
  0.1011424609	  1.0271755551	698.2754987842	27397.0000000000	24390.0000000000	20779.0000000000	292.0000000000	328.0000000000	385.0000000000	  0.0000000000	  0.0000000000	  0.0000000000	  0.1324523798	 32.1681749605	1291841.9311563440	  0.4529615331	  8.4245286902	2149.0410675376
  0.1017572343	  1.0500080914	702.2077830017	20942.0000000000	22663.0000000000	18824.0000000000	382.0000000000	353.0000000000	425.0000000000	  0.0000000000	  0.0000000000	  0.0000000000	  0.0902257135	 19.8751162321	1338985.2675929856	  0.5617304194	  7.3860978954	2538.3864879918
  0.1014113197	  1.0829145812	690.5544548317	20619.0000000000	30769.0000000000	16807.0000000000	388.0000000000	260.0000000000	476.0000000000	  0.0000000000	  0.0000000000	  0.0000000000	  0.0706540612	 19.2000724506	783650.9922864077	  0.5083228344	  4.5858731376	2301.8972290276
  0.1080458718	  0.9691926199	700.1109211400	131148.0000000000	28269.0000000000	19231.0000000000	 61.0000000000	283.0000000000	416.0000000000	  0.0000000000	  0.0000000000	  0.0000000000	  0.1220873682	 30.2701050119	1263344.3090696277	 -0.0411750449	  6.5513224038	2381.8221385516
  0.0957479043	  1.0082626735	694.2624128097	19802.0000000000	26230.0000000000	17621.0000000000	404.0000000000	305.0000000000	454.0000000000	  0.0000000000	  0.0000000000	  0.0000000000	  0.0733006026	 18.1330224163	832123.0084134614	  0.5500896846	  5.6620409359	2204.4957890789
  0.1011369185	  1.0119199653	695.3194855034	14337.0000000000	31496.0000000000	21739.0000000000	558.0000000000	254.0000000000	368.0000000000	  0.0000000000	  0.0000000000	  0.0000000000	  0.0649175699	 29.3574688581	1437650.8589878252	  0.8387322974	  5.4988405009	2118.2080844784
  0.1041411043	  1.0674674697	695.0852948363	19560.0000000000	19231.0000000000	19704.0000000000	409.0000000000	416.0000000000	406.0000000000	  0.0000000000	  0.0000000000	  0.0000000000	  0.0977624059	 16.1178146455	1089674.7318732955	  0.6456937477	  8.5173444249	2132.7217475387
  0.0999580008	  1.0401854385	693.1254078091	19048.0000000000	25478.0000000000	24242.0000000000	420.0000000000	314.0000000000	330.0000000000	  0.0000000000	  0.0000000000	  0.0000000000	  0.1251532818	 25.9634159560	1520479.4068397030	  0.7616970746	  7.0962665355	1845.4656768625
  0.0996277030	  1.0165201601	692.2888555152	39216.0000000000	19704.0000000000	20000.0000000000	204.0000000000	406.0000000000	400.0000000000	  0.0000000000	  0.0000000000	  0.0000000000	  0.1313275570	 18.4862837737	1509283.8954677030	  0.2637298849	  8.8010796666	2456.0517258158
  0.1048024012	  1.0157365244	696.8162156556	115942.0000000000	17241.0000000000	19048.0000000000	 69.0000000000	464.0000000000	420.0000000000	  0.0000000000	  0.0000000000	  0.0000000000	  0.1004934766	  7.4819731483	1173697.1689364470	  0.0458193889	  6.8348379753	2334.4153188835
  0.1033122283	  0.9824183316	696.5710141473	42328.0000000000	19093.0000000000	15504.0000000000	189.0000000000	419.0000000000	516.0000000000	  0.0000000000	  0.0000000000	  0.0000000000	  0.1399375052	 16.4711956547	634367.0568593137	  0.2423063427	  8.6996937194	2335.0517227926
  0.1026011026	  1.0284438804	708.2826228145	27027.0000000000	22472.0000000000	17131.0000000000	296.0000000000	356.0000000000	467.0000000000	  0.0000000000	  0.0000000000	  0.0000000000	  0.0884102666	 15.6624904894	841106.6328771310	  0.3778013090	  6.6351581371	2317.2442942618
  0.1021488770	  1.0240707421	698.6965322018	22663.0000000000	18913.0000000000	18868.0000000000	353.0000000000	423.0000000000	424.0000000000	  0.0000000000	  0.0000000000	  0.0000000000	  0.0574867431	  8.2955262211	863017.6591880412	  0.3983276592	  6.2645424543	2028.4710892792
  0.1007660854	  1.0510786024	687.6637468498	21277.0000000000	31128.0000000000	17937.0000000000	376.0000000000	257.0000000000	446.0000000000	  0.0000000000	  0.0000000000	  0.0000000000	  0.0795667347	 18.7341400850	824843.2125195443	  0.5142939983	  4.4507866967	2139.8884234560
  0.1009255963	  1.0143104667	701.7967269870	44944.0000000000	19802.0000000000	18605.0000000000	178.0000000000	404.0000000000	430.0000000000	  0.0000000000	  0.0000000000	  0.0000000000	  0.1093411181	 14.4402596967	1159279.9053714313	  0.1962062256	  7.7228525668	2399.0978769825
  0.0997995382	  1.0158173177	696.9782571625	39409.0000000000	24169.0000000000	15748.0000000000	203.0000000000	331.0000000000	508.0000000000	  0.0000000000	  0.0000000000	  0.0000000000	  0.1265139266	 23.9995156522	854272.5928733769	 -0.2577814827	  7.3756010291	2648.8949448715
  0.1041772396	  1.0131888032	695.1191646817	57143.0000000000	23881.0000000000	20000.0000000000	140.0000000000	335.0000000000	400.0000000000	  0.0000000000	  0.0000000000	  0.0000000000	  0.1091767823	 25.6817476667	1208095.5089499867	  0.1374790316	  7.7823333401	2194.8778624694
  0.0999185004	  0.9648330386	696.5021172959	24540.0000000000	15842.0000000000	15842.0000000000	326.0000000000	505.0000000000	505.0000000000	  0.0000000000	  0.0000000000	  0.0000000000	  0.1035306060	  8.9356619923	636493.3635922224	  0.4743708493	  8.4690776769	2262.1456138868
  0.1055707111	  1.0442204312	690.7638804937	64516.0000000000	17738.0000000000	18561.0000000000	124.0000000000	451.0000000000	431.0000000000	  0.0000000000	  0.0000000000	  0.0000000000	  0.1043932438	 11.3329408809	939401.6886615119	  0.1111901667	  8.0577049401	2164.5434113614
  0.1058142340	  1.0115022633	692.1617927427	20725.0000000000	35874.0000000000	23188.0000000000	386.0000000000	223.0000000000	345.0000000000	  0.0000000000	  0.0000000000	  0.0000000000	  0.0964206672	 24.8590819211	1656079.8740269809	  0.5893186004	  4.1407365911	2063.2923629773
  0.1023786655	  1.0494409422	674.9360479456	35398.0000000000	23324.0000000000	20050.0000000000	226.0000000000	343.0000000000	399.0000000000	  0.0000000000	  0.0000000000	  0.0000000000	  0.0955792801	 20.1564388503	1366787.6847737257	  0.2625415323	  7.1247127691	2325.8822812463
  0.1009972651	  0.9819461287	682.4959006576	36199.0000000000	17021.0000000000	16736.0000000000	221.0000000000	470.0000000000	478.0000000000	  0.0000000000	  0.0000000000	  0.0000000000	  0.0483302880	  2.7703280070	825614.7395744874	  0.1809473221	  4.2400361753	2374.7647478065
  0.0990737484	  1.0030284672	679.3474840632	17058.0000000000	21390.0000000000	17391.0000000000	469.0000000000	374.0000000000	460.0000000000	  0.0000000000	  0.0000000000	  0.0000000000	  0.0959526560	 25.1251478007	779797.6637703452	  0.7875601052	  9.0698208027	2178.3003458989
  0.1006531007	  1.0271420686	707.9317604539	47619.0000000000	37383.0000000000	20725.0000000000	168.0000000000	214.0000000000	386.0000000000	  0.0000000000	  0.0000000000	  0.0000000000	  0.1059817463	 26.1694982091	1536766.8826256157	  0.1771271429	  4.0162420378	2347.5814853160
  0.1039565396	  1.0291004956	698.9612840154	48780.0000000000	23599.0000000000	18433.0000000000	164.0000000000	339.0000000000	434.0000000000	  0.0000000000	  0.0000000000	  0.0000000000	  0.0767489818	 10.4749593565	1069210.4166278928	  0.1458344881	  5.0455120518	2336.3426945779
  0.1027471610	  1.0226779280	686.1812858390	23952.0000000000	23188.0000000000	16162.0000000000	334.0000000000	345.0000000000	495.0000000000	  0.0000000000	  0.0000000000	  0.0000000000	  0.1075068907	 13.6610152399	512257.3274156882	  0.4998260654	  5.9195078552	1970.1955579061
  0.0983538852	  1.0236781928	696.0081207361	33898.0000000000	22284.0000000000	22599.0000000000	236.0000000000	359.0000000000	354.0000000000	  0.0000000000	  0.0000000000	  0.0000000000	  0.1148040505	 29.2743143072	2094137.7524906311	  0.3068368328	  9.1855400118	2413.5423767346
  0.1031541898	  0.9600595609	688.5249247401	22161.0000000000	15038.0000000000	19093.0000000000	361.0000000000	532.0000000000	419.0000000000	  0.0000000000	  0.0000000000	  0.0000000000	  0.0754115552	  7.5740354006	1010083.3174031342	  0.4708389855	  8.4353705799	2152.0550267292
  0.1036691372	  1.0702596546	689.0981009222	32787.0000000000	18957.0000000000	19093.0000000000	244.0000000000	422.0000000000	419.0000000000	  0.0000000000	  0.0000000000	  0.0000000000	  0.0798602831	  9.5686527734	1262022.2039055668	  0.2688541224	  6.7006092809	2408.9446516759
  0.1039506497	  1.0448722345	691.7756875605	38095.0000000000	19900.0000000000	19900.0000000000	210.0000000000	402.0000000000	402.0000000000	  0.0000000000	  0.0000000000	  0.0000000000	  0.1079914936	 20.4108808983	1343416.7622152073	  0.2504996218	  9.0908943167	2333.5392267876
  0.1026817757	  1.0200300798	693.3867196089	45977.0000000000	21918.0000000000	19231.0000000000	174.0000000000	365.0000000000	416.0000000000	  0.0000000000	  0.0000000000	  0.0000000000	  0.1416359095	 35.2348857207	1110980.3059545732	  0.2158277966	 10.3644907114	2236.7434270751
  0.1004175910	  1.0041468206	689.1331598447	15326.0000000000	17621.0000000000	18605.0000000000	522.0000000000	454.0000000000	430.0000000000	  0.0000000000	  0.0000000000	  0.0000000000	  0.0483372251	  5.2172433876	1163834.6038661457	  0.6555694990	  5.5273878885	2406.0087573939
  0.1009476309	  1.0205382825	692.3473144574	20050.0000000000	21277.0000000000	18349.0000000000	399.0000000000	376.0000000000	436.0000000000	  0.0000000000	  0.0000000000	  0.0000000000	  0.1076348478	 32.5642037150	971524.9057542306	  0.6546220414	 10.4095294951	2243.1214228964
  0.1038544577	  1.0206989447	686.2730122374	31496.0000000000	19512.0000000000	17167.0000000000	254.0000000000	410.0000000000	466.0000000000	  0.0000000000	  0.0000000000	  0.0000000000	  0.1420015460	 22.2058338125	982452.5526402710	  0.3809225130	  9.7868724775	2491.2805100965
  0.1030006641	  1.0068773528	699.3869645309	16563.0000000000	14363.0000000000	16529.0000000000	483.0000000000	557.0000000000	484.0000000000	  0.0000000000	  0.0000000000	  0.0000000000	  0.0739146422	  7.9583666437	813524.8864297942	  0.7219218769	  9.2755142226	2400.8229471320
  0.1027829722	  1.0485751230	684.4483481703	45455.0000000000	23599.0000000000	17167.0000000000	176.0000000000	339.0000000000	466.0000000000	  0.0000000000	  0.0000000000	  0.0000000000	  0.1074684600	 17.4890588507	826955.0423782099	  0.1913446966	  6.5182300265	2285.7653043519
  0.0995064427	  1.0009136475	696.9700346698	30189.0000000000	21390.0000000000	15936.0000000000	265.0000000000	374.0000000000	502.0000000000	  0.0000000000	  0.0000000000	  0.0000000000	  0.1263774984	 32.3067045492	691048.1956008421	  0.3832669725	 10.2694443381	2340.9216407775
  0.0996512439	  0.9006332058	692.1293100427	21505.0000000000	9490.0000000000	16393.0000000000	372.0000000000	843.0000000000	488.0000000000	  0.0000000000	  0.0000000000	  0.0000000000	  0.0737514278	  2.0187302025	800228.7860462014	  0.4879833201	  8.6932696916	2413.5218479924
  0.1052651053	  1.0362382197	691.2963184489	108108.0000000000	24096.0000000000	20672.0000000000	 74.0000000000	332.0000000000	387.0000000000	  0.0000000000	  0.0000000000	  0.0000000000	  0.0806143171	 12.3145544207	1352247.3825698013	  0.0450331603	  5.3090845445	2212.1589703562
  0.1025086788	  1.0526460452	691.5528356247	30534.0000000000	26144.0000000000	16529.0000000000	262.0000000000	306.0000000000	484.0000000000	  0.0000000000	  0.0000000000	  0.0000000000	  0.1281254905	 24.7851475676	663911.6151356334	  0.3797199342	  6.6697382914	2170.2829235498
  0.1024758926	  1.0385261884	695.8104895684	19185.0000000000	13311.0000000000	18735.0000000000	417.0000000000	601.0000000000	427.0000000000	  0.0000000000	  0.0000000000	  0.0000000000	  0.0800999290	  6.4954361035	1379840.4442033865	  0.6019286061	  9.3807726039	2586.9727918412
  0.1038036973	  1.0493192145	695.7042954427	15038.0000000000	24540.0000000000	18182.0000000000	532.0000000000	326.0000000000	440.0000000000	  0.0000000000	  0.0000000000	  0.0000000000	  0.0661037681	 17.1629212892	1065695.0109431213	  0.7889523652	  6.1033307638	2379.1582880007
  0.0994851938	  1.0127026641	695.7156457864	22727.0000000000	19753.0000000000	19093.0000000000	352.0000000000	405.0000000000	419.0000000000	  0.0000000000	  0.0000000000	  0.0000000000	  0.0708862054	 14.1921618058	1139439.4853279521	  0.4395046009	  7.6671019295	2290.7708949481
  0.1004879335	  1.0496301049	701.7659703770	37915.0000000000	27491.0000000000	16736.0000000000	211.0000000000	291.0000000000	478.0000000000	  0.0000000000	  0.0000000000	  0.0000000000	  0.1204672219	 27.3007886967	795466.7873777917	  0.2667970298	  6.4975759199	2327.1185263948
  0.1040157447	  0.9914189895	692.4796378833	23881.0000000000	13889.0000000000	16736.0000000000	335.0000000000	576.0000000000	478.0000000000	  0.0000000000	  0.0000000000	  0.0000000000	  0.0839782574	  5.8700071081	857121.0978030270	  0.4451533068	  8.3632088406	2415.6483155836
  0.0998889001	  1.0082501914	689.4889481183	19802.0000000000	15595.0000000000	17621.0000000000	404.0000000000	513.0000000000	454.0000000000	  0.0000000000	  0.0000000000	  0.0000000000	  0.0875957920	  8.1983713196	1054169.8356960143	  0.6012476506	  8.3190535719	2483.8277396682
  0.1000355999	  0.9934700483	679.5842390106	22472.0000000000	14733.0000000000	14134.0000000000	356.0000000000	543.0000000000	566.0000000000	  0.0000000000	  0.0000000000	  0.0000000000	  0.1057957722	 11.7025942518	437100.8909609417	  0.5463055448	 10.8300306090	2228.1590212934
  0.1019310778	  1.0082808382	697.5840267455	25478.0000000000	24390.0000000000	16701.0000000000	314.0000000000	328.0000000000	479.0000000000	  0.0000000000	  0.0000000000	  0.0000000000	  0.0724058825	 14.6207638008	805528.3535590061	  0.3743035878	  5.6761148469	2348.8557075548
  0.1019721842	  1.0276305280	682.1259494585	35088.0000000000	20725.0000000000	16427.0000000000	228.0000000000	386.0000000000	487.0000000000	  0.0000000000	  0.0000000000	  0.0000000000	  0.0663866719	  9.9674127764	849427.0047543806	  0.2215115935	  5.9808774968	2478.0951914048
  0.1017193857	  1.0053447389	699.7814886264	22857.0000000000	26403.0000000000	19608.0000000000	350.0000000000	303.0000000000	408.0000000000	  0.0000000000	  0.0000000000	  0.0000000000	  0.0944455866	 16.3973640753	948601.8341870353	  0.5037192718	  5.3459536758	2004.3476191143
  0.1022031824	  1.0274187065	692.6028870825	14706.0000000000	18141.0000000000	14925.0000000000	544.0000000000	441.0000000000	536.0000000000	  0.0000000000	  0.0000000000	  0.0000000000	  0.0816353856	 13.0473083589	565100.6079286913	  0.9056603578	  8.3701155931	2334.7945234290
  0.1016341529	  1.0223988342	702.2052851301	33473.0000000000	29520.0000000000	18059.0000000000	239.0000000000	271.0000000000	443.0000000000	  0.0000000000	  0.0000000000	  0.0000000000	  0.1110705444	 32.4621465965	988205.1108104456	  0.3075803831	  6.3669444708	2315.7328770099
  0.0969130617	  1.0244739442	689.5150130086	9524.0000000000	21978.0000000000	21277.0000000000	840.0000000000	364.0000000000	376.0000000000	  0.0000000000	  0.0000000000	  0.0000000000	  0.0198203956	  5.2274654739	1683587.6600046360	  0.8561981416	  3.9723284290	2367.5968629559
  0.1046799415	  1.0312929264	690.5583555888	35556.0000000000	34483.0000000000	19324.0000000000	225.0000000000	232.0000000000	414.0000000000	  0.0000000000	  0.0000000000	  0.0000000000	  0.0655118767	 11.1141532794	1218943.6522310567	  0.2159150499	  2.9484628910	2326.0036917745
  0.0978188478	  0.9549627783	697.6593045311	24024.0000000000	18648.0000000000	20460.0000000000	333.0000000000	429.0000000000	391.0000000000	  0.0000000000	  0.0000000000	  0.0000000000	  0.0828963709	 14.5771391917	1408571.7571058776	  0.4381256186	  8.4907205659	2293.3425349705
  0.1035731402	  1.0347367067	705.9709879861	18779.0000000000	15267.0000000000	15873.0000000000	426.0000000000	524.0000000000	504.0000000000	  0.0000000000	  0.0000000000	  0.0000000000	  0.1123406632	 11.6516975504	716733.6726151987	  0.7373486483	 10.2353111537	2393.6900138781
  0.1044841773	  0.9992336559	675.0350701560	38647.0000000000	26490.0000000000	21108.0000000000	207.0000000000	302.0000000000	379.0000000000	  0.0000000000	  0.0000000000	  0.0000000000	  0.1124005810	 28.4742324536	1376832.8976765319	  0.2504000391	  7.0054508849	2166.7064365907
  0.1051534536	  0.9870877218	692.0273773361	13913.0000000000	13937.0000000000	20356.0000000000	575.0000000000	574.0000000000	393.0000000000	  0.0000000000	  0.0000000000	  0.0000000000	  0.0809122878	  9.6099401749	1562339.4602151464	  0.9798759696	 10.6489917681	2431.5174551232
  0.0993266846	  1.0105037730	677.2268017691	19753.0000000000	14679.0000000000	17817.0000000000	405.0000000000	545.0000000000	449.0000000000	  0.0000000000	  0.0000000000	  0.0000000000	  0.0663383559	  5.6906642379	929202.4754125652	  0.5254813951	  7.5913927716	2292.0910075721
  0.1031167758	  1.0219651012	697.0602903986	45977.0000000000	21918.0000000000	15009.0000000000	174.0000000000	365.0000000000	533.0000000000	  0.0000000000	  0.0000000000	  0.0000000000	  0.1196774324	 20.4507648968	559919.5446575241	  0.1980641529	  7.8917222420	2301.0050509350
  0.1012020163	  1.0310426834	685.1227007273	28369.0000000000	19093.0000000000	14159.0000000000	282.0000000000	419.0000000000	565.0000000000	  0.0000000000	  0.0000000000	  0.0000000000	  0.0644100056	  8.6669544935	569573.0876432105	  0.3003080061	  6.3123228055	2533.1196816604
  0.1030958377	  1.0679290872	683.7024320430	33755.0000000000	33898.0000000000	22472.0000000000	237.0000000000	236.0000000000	356.0000000000	  0.0000000000	  0.0000000000	  0.0000000000	  0.1146413584	 41.9276313739	1995899.7730696844	  0.3087184702	  5.8583703648	2368.2249590402
  0.1022439776	  1.0465811164	695.4146635035	18182.0000000000	15564.0000000000	21622.0000000000	440.0000000000	514.0000000000	370.0000000000	  0.0000000000	  0.0000000000	  0.0000000000	  0.0638319014	  4.6681829429	1314231.3000141759	  0.5829054793	  6.2856996713	2042.2890209324
  0.1016897456	  1.0516456336	688.7531945896	16393.0000000000	12862.0000000000	18059.0000000000	488.0000000000	622.0000000000	443.0000000000	  0.0000000000	  0.0000000000	  0.0000000000	  0.1209488794	 10.0971673596	1056922.3166076574	  0.9380028979	 12.3333342669	2395.8461790013
  0.1028714916	  0.9943434932	689.0303418612	24691.0000000000	20833.0000000000	17778.0000000000	324.0000000000	384.0000000000	450.0000000000	  0.0000000000	  0.0000000000	  0.0000000000	  0.0620528888	  9.8387809656	784579.0909819214	  0.3632356902	  5.8995541932	2114.8463344045
  0.0984466762	  1.0031470354	683.4567792881	28777.0000000000	14679.0000000000	15123.0000000000	278.0000000000	545.0000000000	529.0000000000	  0.0000000000	  0.0000000000	  0.0000000000	  0.1040217960	  7.1175845819	602987.8171891818	  0.3742476318	  8.4811089022	2362.7183524796
  0.1036577172	  1.0019396227	702.2342095426	37209.0000000000	28777.0000000000	18735.0000000000	215.0000000000	278.0000000000	427.0000000000	  0.0000000000	  0.0000000000	  0.0000000000	  0.1347127746	 41.4205561151	1066406.7463543799	  0.2902027406	  7.4455527969	2276.9580221172
  0.1010331315	  1.0674584340	690.0906501556	28070.0000000000	29091.0000000000	17660.0000000000	285.0000000000	275.0000000000	453.0000000000	  0.0000000000	  0.0000000000	  0.0000000000	  0.0814379138	 35.4950710416	903269.2419287500	  0.3426012216	  6.8064966366	2288.5974245468
  0.1016143851	  0.9791365308	684.0331413671	38095.0000000000	18561.0000000000	19608.0000000000	210.0000000000	431.0000000000	408.0000000000	  0.0000000000	  0.0000000000	  0.0000000000	  0.1281259959	 17.0211467320	1053503.8032864539	  0.2721412974	  9.2326064909	2114.6480219947
  0.1048327400	  0.9980706756	682.4574744070	28369.0000000000	21390.0000000000	18648.0000000000	282.0000000000	374.0000000000	429.0000000000	  0.0000000000	  0.0000000000	  0.0000000000	  0.0824204004	  8.4868419734	1062833.5128958307	  0.3404217847	  5.2573721881	2292.9744996599
  0.0973733474	  1.0169903272	685.8370661196	34188.0000000000	20202.0000000000	21390.0000000000	234.0000000000	396.0000000000	374.0000000000	  0.0000000000	  0.0000000000	  0.0000000000	  0.0978399606	 10.1382821065	1751226.4759082976	  0.2797560489	  6.2681221314	2388.3807522231
  0.1002231982	  1.0103538253	694.9827802928	27778.0000000000	16563.0000000000	18018.0000000000	288.0000000000	483.0000000000	444.0000000000	  0.0000000000	  0.0000000000	  0.0000000000	  0.1355072460	 14.6258701883	854923.0486234671	  0.4493338803	 10.1603879647	2162.1816046681
  0.1061329148	  0.9615639717	701.5242392641	109589.0000000000	25559.0000000000	19704.0000000000	 73.0000000000	313.0000000000	406.0000000000	  0.0000000000	  0.0000000000	  0.0000000000	  0.0675671629	  6.7122945425	1336402.9533772015	  0.0404694308	  3.5887048007	2367.0074762527
  0.1003125000	  1.0465962779	688.8357768996	12800.0000000000	11050.0000000000	19560.0000000000	625.0000000000	724.0000000000	409.0000000000	  0.0000000000	  0.0000000000	  0.0000000000	  0.0385339786	  2.4698778118	1178674.1089546208	  0.7666297340	  7.6538660439	2247.1583763223
  0.1016253577	  1.0191853716	683.5192583227	18519.0000000000	25316.0000000000	17204.0000000000	432.0000000000	316.0000000000	465.0000000000	  0.0000000000	  0.0000000000	  0.0000000000	  0.0841160445	 18.2467877476	835924.7936037665	  0.6508502309	  6.0001461312	2291.9816724164
  0.1024603576	  1.0419028020	695.1376452526	33613.0000000000	24169.0000000000	17354.0000000000	238.0000000000	331.0000000000	461.0000000000	  0.0000000000	  0.0000000000	  0.0000000000	  0.1280040779	 25.1116681774	716649.0835928271	  0.3286141305	  7.5357061320	2092.3168733265
  0.1013679220	  0.9943353348	685.5136050871	18349.0000000000	15326.0000000000	17204.0000000000	436.0000000000	522.0000000000	465.0000000000	  0.0000000000	  0.0000000000	  0.0000000000	  0.0414157065	  3.7399530248	830212.0824733522	  0.4634689228	  5.7597141939	2283.3129668884
  0.1097330991	  0.9972999339	682.8022931046	170213.0000000000	24390.0000000000	14134.0000000000	 47.0000000000	328.0000000000	566.0000000000	  0.0000000000	  0.0000000000	  0.0000000000	  0.0842275590	  7.3411236049	532474.7159945297	  0.0232179264	  4.0302016093	2455.1216203925
  0.1059809810	  1.0610765346	682.7238600926	103896.0000000000	18913.0000000000	15656.0000000000	 77.0000000000	423.0000000000	511.0000000000	  0.0000000000	  0.0000000000	  0.0000000000	  0.1356159875	 16.8542851590	685823.5416260369	  0.0625151275	  8.9140449418	2394.7136898023
  0.1000568754	  1.0150322911	700.0659699089	22857.0000000000	27304.0000000000	17094.0000000000	350.0000000000	293.0000000000	468.0000000000	  0.0000000000	  0.0000000000	  0.0000000000	  0.1223744637	 29.6442593344	703531.4388506006	  0.5720481278	  6.8178931860	2120.4055651534
  0.1006927465	  1.0534097256	698.9674103035	24540.0000000000	19851.0000000000	16260.0000000000	326.0000000000	403.0000000000	492.0000000000	  0.0000000000	  0.0000000000	  0.0000000000	  0.1048140662	 17.8303875822	740036.3462178377	  0.4758276009	  8.5273807421	2348.4210465935
  0.0984963752	  1.0248946049	689.4769477970	22346.0000000000	19512.0000000000	16529.0000000000	358.0000000000	410.0000000000	484.0000000000	  0.0000000000	  0.0000000000	  0.0000000000	  0.0658083229	  5.4230107652	846084.7944722207	  0.4352510002	  4.8375287486	2451.7966549979
  0.1021097514	  0.9269045037	700.7204836669	18059.0000000000	11511.0000000000	17167.0000000000	443.0000000000	695.0000000000	466.0000000000	  0.0000000000	  0.0000000000	  0.0000000000	  0.0988014858	  7.4522861352	774443.8082987221	  0.7318507390	 12.5126302002	2213.4279777205
  0.1026720000	  1.0210493293	688.1278492435	62500.0000000000	20000.0000000000	22039.0000000000	128.0000000000	400.0000000000	363.0000000000	  0.0000000000	  0.0000000000	  0.0000000000	  0.1057784405	 12.5243952601	2213766.1450704178	  0.1171214976	  7.0774499676	2569.1749313737
  0.1041746457	  1.0149338374	676.4816184795	20888.0000000000	25397.0000000000	14925.0000000000	383.0000000000	315.0000000000	536.0000000000	  0.0000000000	  0.0000000000	  0.0000000000	  0.0562869461	  8.8480667722	574354.3427938876	  0.4439374504	  4.1590651495	2351.1915946729
  0.0994142397	  1.0558284009	675.6739368768	24242.0000000000	23669.0000000000	18605.0000000000	330.0000000000	338.0000000000	430.0000000000	  0.0000000000	  0.0000000000	  0.0000000000	  0.0914296399	 16.9267853021	1131687.8231963834	  0.4531407818	  6.3838481545	2373.9767597413
  0.1035321035	  1.0345204239	690.9883178449	27972.0000000000	21563.0000000000	16260.0000000000	286.0000000000	371.0000000000	492.0000000000	  0.0000000000	  0.0000000000	  0.0000000000	  0.1003600097	 11.0962958481	686774.7314421816	  0.3837307430	  5.9444625887	2258.0341769747
  0.1012511900	  1.0268125301	689.2559203499	29412.0000000000	34934.0000000000	19465.0000000000	272.0000000000	229.0000000000	411.0000000000	  0.0000000000	  0.0000000000	  0.0000000000	  0.1088016153	 25.9544791268	1198571.8192465482	  0.3692324611	  4.4128370261	2284.2189940098
  0.1027131027	  1.0501914082	688.1661261947	76923.0000000000	20460.0000000000	17167.0000000000	104.0000000000	391.0000000000	466.0000000000	  0.0000000000	  0.0000000000	  0.0000000000	  0.1124151724	 17.2882009201	879230.2874339753	  0.0890211773	  8.0436732819	2356.9394439960
  0.1018662789	  1.0243424126	683.7466200196	28881.0000000000	20513.0000000000	17021.0000000000	277.0000000000	390.0000000000	470.0000000000	  0.0000000000	  0.0000000000	  0.0000000000	  0.0859684308	 13.4911148622	857468.8756004286	  0.3370995186	  7.0774872761	2361.0662015658
  0.1020709186	  1.0302100152	700.7661829762	16949.0000000000	16427.0000000000	18141.0000000000	472.0000000000	487.0000000000	441.0000000000	  0.0000000000	  0.0000000000	  0.0000000000	  0.1058732085	 17.6281910297	1073747.9274822203	  0.8347565796	 11.2771684818	2397.2076543731
  0.0981151754	  1.0384134366	688.1482209839	13423.0000000000	20725.0000000000	18265.0000000000	596.0000000000	386.0000000000	438.0000000000	  0.0000000000	  0.0000000000	  0.0000000000	  0.0645351275	 21.6657587805	792188.9015115156	  0.9242140236	  8.8134445179	2039.9741388402
  0.1009625823	  1.0633935361	700.2943101603	41451.0000000000	26936.0000000000	18735.0000000000	193.0000000000	297.0000000000	427.0000000000	  0.0000000000	  0.0000000000	  0.0000000000	  0.1053744915	 22.8018979592	1068293.7189571387	  0.2172001400	  6.1172621900	2280.1397868430
  0.1024103878	  1.0248324171	692.7109930618	40201.0000000000	34188.0000000000	20305.0000000000	199.0000000000	234.0000000000	394.0000000000	  0.0000000000	  0.0000000000	  0.0000000000	  0.0959259416	 25.5032954883	1385947.0764439125	  0.2169298443	  4.5217628124	2304.5936142428
  0.1013567839	  1.0036564634	697.5887098868	19900.0000000000	26578.0000000000	16227.0000000000	402.0000000000	301.0000000000	493.0000000000	  0.0000000000	  0.0000000000	  0.0000000000	  0.1000311865	 21.4812895735	588982.7765029601	  0.6366763038	  6.0409559277	2100.8266336859
  0.1012300974	  0.9670775963	695.0375439348	18779.0000000000	24242.0000000000	16194.0000000000	426.0000000000	330.0000000000	494.0000000000	  0.0000000000	  0.0000000000	  0.0000000000	  0.0812187339	 23.4323801326	720619.0782400175	  0.6257335958	  7.2612409921	2327.2255295747
  0.1026499193	  1.0318536859	678.4284557975	25397.0000000000	24316.0000000000	19608.0000000000	315.0000000000	329.0000000000	408.0000000000	  0.0000000000	  0.0000000000	  0.0000000000	  0.0898971273	 19.0872236395	1439211.0896739245	  0.4199778705	  6.5223469339	2468.2374572575
  0.1010061920	  1.0367225947	706.1058887578	31008.0000000000	16701.0000000000	21108.0000000000	258.0000000000	479.0000000000	379.0000000000	  0.0000000000	  0.0000000000	  0.0000000000	  0.0973599228	 12.5761001208	1526815.9129973629	  0.3231778675	  9.2824918056	2283.6252381426
  0.1010699076	  0.9937558192	686.5609736930	28881.0000000000	23599.0000000000	21563.0000000000	277.0000000000	339.0000000000	371.0000000000	  0.0000000000	  0.0000000000	  0.0000000000	  0.0996496415	 18.5800528934	1491300.7619428169	  0.3635334896	  6.7315078234	2178.4407780103
  0.0997108974	  1.0282287516	695.2154890156	16949.0000000000	10796.0000000000	14842.0000000000	472.0000000000	741.0000000000	539.0000000000	  0.0000000000	  0.0000000000	  0.0000000000	  0.0672866354	  3.0147721166	601396.6860465497	  0.6652337557	  8.7546554518	2429.3245288695
  0.1002593503	  1.0195075990	707.2844069434	29304.0000000000	21505.0000000000	19370.0000000000	273.0000000000	372.0000000000	413.0000000000	  0.0000000000	  0.0000000000	  0.0000000000	  0.1257060250	 25.2936994471	1307829.2201572924	  0.4008608515	  9.0091652983	2399.4239987926
  0.1016352722	  1.0045029115	695.5097290021	14493.0000000000	24390.0000000000	20000.0000000000	552.0000000000	328.0000000000	400.0000000000	  0.0000000000	  0.0000000000	  0.0000000000	  0.0575511455	 19.6165314461	1353612.5335688523	  0.7771570402	  6.5758600865	2325.4528285466
  0.1016570970	  1.0356949445	700.2445920887	33613.0000000000	15326.0000000000	22727.0000000000	238.0000000000	522.0000000000	352.0000000000	  0.0000000000	  0.0000000000	  0.0000000000	  0.1115060061	  7.6502050703	1381857.1634566258	  0.3061217347	  8.2383469783	1943.1008023935
  0.1047790866	  1.0274199975	691.0714488443	28269.0000000000	20672.0000000000	19900.0000000000	283.0000000000	387.0000000000	402.0000000000	  0.0000000000	  0.0000000000	  0.0000000000	  0.0908754635	 12.1508141628	1169238.8649747374	  0.3582148290	  6.6280258372	2174.9767879623
  0.1016030929	  1.0341977362	683.1248687743	40609.0000000000	19370.0000000000	21563.0000000000	197.0000000000	413.0000000000	371.0000000000	  0.0000000000	  0.0000000000	  0.0000000000	  0.0964318163	 11.7621393363	1758032.4139748556	  0.2144023424	  7.1987794831	2372.9486316573
  0.1045715850	  1.0380566343	688.6428294479	21918.0000000000	26316.0000000000	16878.0000000000	365.0000000000	304.0000000000	474.0000000000	  0.0000000000	  0.0000000000	  0.0000000000	  0.1232730675	 32.3792644335	826009.0798154455	  0.6108417253	  7.5217666094	2345.8626472816
  0.1007810880	  1.0360478820	696.1737211264	14467.0000000000	19324.0000000000	21164.0000000000	553.0000000000	414.0000000000	378.0000000000	  0.0000000000	  0.0000000000	  0.0000000000	  0.0459464287	  9.2582631029	1557018.4658159078	  0.6974767132	  6.4062310026	2294.5918697620
  0.0962566845	  1.0429729769	683.8001885227	25806.0000000000	22099.0000000000	17582.0000000000	310.0000000000	362.0000000000	455.0000000000	  0.0000000000	  0.0000000000	  0.0000000000	  0.0659574943	  6.9376272537	928479.6644945262	  0.3511473078	  4.5276061839	2336.5588182735
  0.1058875000	  1.0630279691	682.7376829988	80000.0000000000	22346.0000000000	17167.0000000000	100.0000000000	358.0000000000	466.0000000000	  0.0000000000	  0.0000000000	  0.0000000000	  0.0941112769	 10.5983232094	897982.1427926285	  0.0762148516	  5.5121392159	2386.5377913567
  0.1018589594	  1.0306446547	691.5920277899	29963.0000000000	25237.0000000000	14545.0000000000	267.0000000000	317.0000000000	550.0000000000	  0.0000000000	  0.0000000000	  0.0000000000	  0.0643815416	  9.2549564163	484398.7705141383	  0.2770398142	  4.2852149414	2246.8377315902
  0.0999698999	  0.9949624883	689.2963214270	26578.0000000000	11544.0000000000	17978.0000000000	301.0000000000	693.0000000000	445.0000000000	  0.0000000000	  0.0000000000	  0.0000000000	  0.1073311750	  5.9548471947	783186.7584927581	  0.4283883346	 11.1371595486	2073.7862802785
  0.1022434408	  1.0016775653	695.9258185135	23669.0000000000	16985.0000000000	13841.0000000000	338.0000000000	471.0000000000	578.0000000000	  0.0000000000	  0.0000000000	  0.0000000000	  0.0833704688	  9.4050210456	380120.1634765847	  0.4483655578	  7.8379392575	2139.5338411899
  0.1032330693	  1.0120312380	706.7321908754	50633.0000000000	27491.0000000000	16913.0000000000	158.0000000000	291.0000000000	473.0000000000	  0.0000000000	  0.0000000000	  0.0000000000	  0.1181075819	 19.3404795965	724154.0915206618	 -0.1709397423	  5.4492676333	2186.4345245053
  0.1038482731	  0.9461111699	687.7263934594	68966.0000000000	21918.0000000000	15474.0000000000	116.0000000000	365.0000000000	517.0000000000	  0.0000000000	  0.0000000000	  0.0000000000	  0.1037696111	 13.0988208104	606304.6181104956	  0.1001801219	  6.3182503729	2288.1684655191
  0.1016005936	  1.0642947881	681.4224761151	37736.0000000000	30075.0000000000	17279.0000000000	212.0000000000	266.0000000000	463.0000000000	  0.0000000000	  0.0000000000	  0.0000000000	  0.0988877268	 26.7127220547	1041296.5275724248	  0.2424248934	  5.6154153446	2538.6872482570
  0.1048104716	  1.0506457352	701.1820099737	42553.0000000000	20725.0000000000	15038.0000000000	188.0000000000	386.0000000000	532.0000000000	  0.0000000000	  0.0000000000	  0.0000000000	  0.1105302740	 10.9125061172	535675.7103110055	  0.2151013176	  6.2625769765	2246.5444366883
  0.1043581456	  1.0174031964	697.9652184631	79208.0000000000	25806.0000000000	20460.0000000000	101.0000000000	310.0000000000	391.0000000000	  0.0000000000	  0.0000000000	  0.0000000000	  0.1025269705	 18.7295239424	1626434.0945252711	  0.0807036570	  5.9097380182	2462.3098066420
  0.0991978227	  1.0482928206	691.9434048357	13962.0000000000	12780.0000000000	15414.0000000000	573.0000000000	626.0000000000	519.0000000000	  0.0000000000	  0.0000000000	  0.0000000000	  0.0829299472	  7.0191490794	638151.9580739404	  0.9885197415	 10.3863473906	2363.2080821793
  0.1023624705	  0.9740404963	688.1287145003	29630.0000000000	15414.0000000000	15686.0000000000	270.0000000000	519.0000000000	510.0000000000	  0.0000000000	  0.0000000000	  0.0000000000	  0.0850526459	  8.2527991491	758241.2385270534	  0.3242448242	  8.4936622347	2503.9324849019
  0.1009964595	  1.0279407125	696.3228770716	27397.0000000000	27778.0000000000	13559.0000000000	292.0000000000	288.0000000000	590.0000000000	  0.0000000000	  0.0000000000	  0.0000000000	  0.0810791008	 23.6105651753	573775.8105899961	  0.3559348611	  5.9378108305	2717.2168927369
  0.1010048510	  1.0412205347	696.7138060243	34632.0000000000	16632.0000000000	18561.0000000000	231.0000000000	481.0000000000	431.0000000000	  0.0000000000	  0.0000000000	  0.0000000000	  0.0817144330	  8.2793142684	1081594.4598796915	  0.2514413889	  7.6001742399	2325.7796741307
  0.1028097220	  1.0151504390	686.9322668034	40609.0000000000	27027.0000000000	15842.0000000000	197.0000000000	296.0000000000	505.0000000000	  0.0000000000	  0.0000000000	  0.0000000000	  0.0867780032	 14.3638217884	755435.8396359143	  0.2041595580	  4.8217261701	2464.3400344970
  0.1018054485	  1.0390042621	689.0459341973	31128.0000000000	16529.0000000000	21164.0000000000	257.0000000000	484.0000000000	378.0000000000	  0.0000000000	  0.0000000000	  0.0000000000	  0.1236170151	 10.4218910581	1442515.4472598843	  0.3630023823	  8.5821889615	2205.5371358351
  0.0978939300	  1.0068230780	685.2381179128	27397.0000000000	20619.0000000000	19802.0000000000	292.0000000000	388.0000000000	404.0000000000	  0.0000000000	  0.0000000000	  0.0000000000	  0.0813328599	 10.0474060264	1277065.9227825573	  0.3550547403	  6.0475860448	2291.8612542006
  0.1012239106	  0.9983027718	679.3443277362	16913.0000000000	18519.0000000000	19802.0000000000	473.0000000000	432.0000000000	404.0000000000	  0.0000000000	  0.0000000000	  0.0000000000	  0.0802374105	 14.2913049441	1097130.7134987644	  0.7295499061	  8.4984406390	2129.7537856854
  0.1023947470	  1.0382231200	680.4927136059	25890.0000000000	25000.0000000000	16162.0000000000	309.0000000000	320.0000000000	495.0000000000	  0.0000000000	  0.0000000000	  0.0000000000	  0.0882106779	 18.2321044939	634675.6572480450	  0.4029862293	  6.1219730032	2191.6682723702
  0.1030793209	  1.0500871188	690.4138582013	23739.0000000000	26936.0000000000	17857.0000000000	337.0000000000	297.0000000000	448.0000000000	  0.0000000000	  0.0000000000	  0.0000000000	  0.0906155788	 23.7267341333	1032760.7512886827	  0.4655279121	  6.2349705368	2407.3197610169
  0.1016731017	  0.9856632999	683.4037153840	25641.0000000000	18476.0000000000	19185.0000000000	312.0000000000	433.0000000000	417.0000000000	  0.0000000000	  0.0000000000	  0.0000000000	  0.1114563427	 19.1797152351	1126983.0847464716	  0.4600669906	  9.8566094491	2261.3004674328
  0.1040606517	  1.0547908529	686.0880704742	67797.0000000000	24540.0000000000	17204.0000000000	118.0000000000	326.0000000000	465.0000000000	  0.0000000000	  0.0000000000	  0.0000000000	  0.1286144425	 21.3630850284	879554.9918949113	 -0.1156030996	  6.8141144489	2349.7574268509
  0.1001771002	  1.0587975325	676.3738564017	25974.0000000000	20356.0000000000	16097.0000000000	308.0000000000	393.0000000000	497.0000000000	  0.0000000000	  0.0000000000	  0.0000000000	  0.0941575024	 11.5639240795	661600.8917311110	  0.4143746881	  6.6217717252	2251.9651402370
  0.1022612217	  0.9530236858	678.5733406216	26667.0000000000	13201.0000000000	17204.0000000000	300.0000000000	606.0000000000	465.0000000000	  0.0000000000	  0.0000000000	  0.0000000000	  0.0964475932	  5.4863064128	819381.9702118709	  0.4039649842	  8.7455991340	2269.3706572229
  0.1017060676	  1.0057365006	686.3474217109	21277.0000000000	21739.0000000000	19370.0000000000	376.0000000000	368.0000000000	413.0000000000	  0.0000000000	  0.0000000000	  0.0000000000	  0.0826208515	 15.7180233817	1382972.5954315127	  0.5233825727	  6.9866018917	2463.7246526188
  0.1044203263	  1.0056598055	697.1443781000	69565.0000000000	18059.0000000000	16667.0000000000	115.0000000000	443.0000000000	480.0000000000	  0.0000000000	  0.0000000000	  0.0000000000	  0.1283314662	 12.6420036694	840752.0736394112	  0.1103090975	  8.2745247235	2410.8264806261
  0.1010650525	  0.9673399818	686.6014844688	13051.0000000000	14184.0000000000	16293.0000000000	613.0000000000	564.0000000000	491.0000000000	  0.0000000000	  0.0000000000	  0.0000000000	  0.0486044802	  4.6890160476	702924.6591821443	  0.8362882552	  7.2548032936	2281.6165143780
  0.0977897713	  0.9849208597	694.5277808514	15564.0000000000	22727.0000000000	17316.0000000000	514.0000000000	352.0000000000	462.0000000000	  0.0000000000	  0.0000000000	  0.0000000000	  0.0468804222	  7.6382879418	844845.3193215354	  0.6308094645	  4.5543262433	2284.5864149856
  0.1271100794	  1.0311595096	714.5625206331	533333.0000000000	20408.0000000000	17354.0000000000	 15.0000000000	392.0000000000	461.0000000000	  0.0000000000	  0.0000000000	  0.0000000000	  0.1354351014	 14.2767330724	664451.1822550610	 -0.0051678641	  7.3405147316	2014.1107417612
  0.1016631867	  0.9868733749	682.0016688147	27778.0000000000	18182.0000000000	20619.0000000000	288.0000000000	440.0000000000	388.0000000000	  0.0000000000	  0.0000000000	  0.0000000000	  0.1083884452	 10.4891562266	1272640.6968832905	  0.4025584982	  7.4647383380	2153.6572734851
  0.1016067914	  1.0430261893	690.8463291312	34043.0000000000	33195.0000000000	21108.0000000000	235.0000000000	241.0000000000	379.0000000000	  0.0000000000	  0.0000000000	  0.0000000000	  0.1151182995	 26.0469573462	1244793.6365424953	  0.3048992394	  4.7626683201	2057.2365041267
  0.1000444379	  1.0108733380	691.9289369412	33755.0000000000	24465.0000000000	14625.0000000000	237.0000000000	327.0000000000	547.0000000000	  0.0000000000	  0.0000000000	  0.0000000000	  0.1050311455	 21.3635903359	560811.2540754903	  0.2947105141	  6.8453252643	2392.0970978950
  0.1015085178	  1.0261036894	696.7310958538	48193.0000000000	19851.0000000000	18868.0000000000	166.0000000000	403.0000000000	424.0000000000	  0.0000000000	  0.0000000000	  0.0000000000	  0.1188914206	 15.5965220919	1039078.0072276582	  0.1842790722	  8.0017467402	2221.2644642744
  0.1017726383	  1.0298400684	700.4235823656	55172.0000000000	21739.0000000000	19324.0000000000	145.0000000000	368.0000000000	414.0000000000	  0.0000000000	  0.0000000000	  0.0000000000	  0.0931363321	 10.8022211057	1127462.1677840818	  0.1338712953	  5.8033576908	2235.1337742171
  0.1036344662	  1.0535201537	690.1954755491	22039.0000000000	26144.0000000000	18605.0000000000	363.0000000000	306.0000000000	430.0000000000	  0.0000000000	  0.0000000000	  0.0000000000	  0.0966446614	 23.9381238599	1088781.1848206674	  0.5375337380	  6.5631587311	2322.3939784377
  0.1043956044	  1.0148687400	693.0616118611	20566.0000000000	19185.0000000000	14981.0000000000	389.0000000000	417.0000000000	534.0000000000	  0.0000000000	  0.0000000000	  0.0000000000	  0.0830275650	 10.4886820409	486129.0524925389	  0.5520699562	  6.9008855091	2150.4813421302
  0.1012080030	  1.0014570956	681.8326370397	26490.0000000000	21448.0000000000	19851.0000000000	302.0000000000	373.0000000000	403.0000000000	  0.0000000000	  0.0000000000	  0.0000000000	  0.1031223362	 24.6732238788	1213505.1863745062	  0.4210429304	  8.9397087610	2225.2878374188
  0.1048131119	  0.9929465797	695.7043843305	119403.0000000000	22727.0000000000	16701.0000000000	 67.0000000000	352.0000000000	479.0000000000	  0.0000000000	  0.0000000000	  0.0000000000	  0.1558475454	 24.7834833209	766626.8217275406	 -0.0544413475	  8.2276629739	2292.2572998849
  0.1046278785	  1.0723698605	695.4696639811	17978.0000000000	22792.0000000000	24316.0000000000	445.0000000000	351.0000000000	329.0000000000	  0.0000000000	  0.0000000000	  0.0000000000	  0.0646623536	 16.4146366617	2249903.6569395983	  0.5973497021	  6.6732221362	2238.6233057818
  0.1014976015	  1.0323567018	698.5828504067	51282.0000000000	17058.0000000000	15180.0000000000	156.0000000000	469.0000000000	527.0000000000	  0.0000000000	  0.0000000000	  0.0000000000	  0.1121911840	  7.5344943167	478123.4907754390	  0.1636673654	  6.9803563347	2090.6240609291
  0.1014276228	  0.9853227955	678.0401309705	24096.0000000000	13008.0000000000	13769.0000000000	332.0000000000	615.0000000000	581.0000000000	  0.0000000000	  0.0000000000	  0.0000000000	  0.0825771696	  4.8455849247	446818.2251167140	  0.4345330568	  8.3993244598	2343.1741864855
  0.1059661060	  1.0069102695	688.6712332461	111111.0000000000	24615.0000000000	18605.0000000000	 72.0000000000	325.0000000000	430.0000000000	  0.0000000000	  0.0000000000	  0.0000000000	  0.1150543634	 14.8957020307	1018126.8211891764	  0.0516350142	  5.6411832525	2248.9116492960
  0.1037486800	  1.0489540733	690.2696634683	15152.0000000000	24922.0000000000	19512.0000000000	528.0000000000	321.0000000000	410.0000000000	  0.0000000000	  0.0000000000	  0.0000000000	  0.0861582289	 22.0144093247	1348939.9333081250	  0.8900657185	  6.7427523906	2408.6922837119
  0.1036568293	  0.9880519405	689.1694091384	17857.0000000000	14981.0000000000	17204.0000000000	448.0000000000	534.0000000000	465.0000000000	  0.0000000000	  0.0000000000	  0.0000000000	  0.0839634166	 10.0335213709	929701.9482262883	  0.6877460681	  9.7847532776	2416.4861479980
  0.1033600210	  1.0077051818	701.4799312162	45714.0000000000	21798.0000000000	20408.0000000000	175.0000000000	367.0000000000	392.0000000000	  0.0000000000	  0.0000000000	  0.0000000000	  0.1269086658	 26.4862978131	1640344.9970728960	  0.2058391850	  9.0515213915	2480.4986577930
  0.1067420014	  1.0104032048	694.0970581069	131148.0000000000	14235.0000000000	16701.0000000000	 61.0000000000	562.0000000000	479.0000000000	  0.0000000000	  0.0000000000	  0.0000000000	  0.1186841185	  6.0362367299	597809.4305743285	 -0.0409237173	  8.1901927130	2025.5961914499
  0.1041828542	  1.0236812747	688.7801126210	30888.0000000000	15625.0000000000	13582.0000000000	259.0000000000	512.0000000000	589.0000000000	  0.0000000000	  0.0000000000	  0.0000000000	  0.0888137375	  6.2265024709	457697.2463318920	  0.3097010188	  7.2216767702	2416.5289853837
  0.1028394424	  1.0043606003	690.0571303478	19370.0000000000	27875.0000000000	18957.0000000000	413.0000000000	287.0000000000	422.0000000000	  0.0000000000	  0.0000000000	  0.0000000000	  0.0640259302	 21.5347393582	1256228.0122259611	  0.5300849576	  5.6394630247	2427.2877279164
  0.1012695064	  0.9779963387	685.0128203395	27491.0000000000	25890.0000000000	17897.0000000000	291.0000000000	309.0000000000	447.0000000000	  0.0000000000	  0.0000000000	  0.0000000000	  0.0903406408	 25.7194415627	970150.0785521873	  0.3724551445	  6.9004232491	2325.5935884478
  0.1050292101	  0.9916566182	675.4972169332	31496.0000000000	16227.0000000000	14467.0000000000	254.0000000000	493.0000000000	553.0000000000	  0.0000000000	  0.0000000000	  0.0000000000	  0.1320735928	 14.3468537113	508930.2214977337	  0.3675310208	 10.3716145504	2316.2565877847
  0.1008048216	  1.0155605614	703.7642214731	27211.0000000000	18100.0000000000	20408.0000000000	294.0000000000	442.0000000000	392.0000000000	  0.0000000000	  0.0000000000	  0.0000000000	  0.0918595007	  8.4605385385	1442866.7505789008	  0.3813265339	  6.7467601684	2334.3429292884
  0.0964825920	  1.0087091680	678.7754626513	22346.0000000000	21390.0000000000	18476.0000000000	358.0000000000	374.0000000000	433.0000000000	  0.0000000000	  0.0000000000	  0.0000000000	  0.0551928356	  5.0312891454	1163485.8293477145	  0.3978354365	  4.0577727574	2429.9620899621
  0.1000107250	  1.0528753597	703.7073384710	18648.0000000000	12759.0000000000	17241.0000000000	429.0000000000	627.0000000000	464.0000000000	  0.0000000000	  0.0000000000	  0.0000000000	  0.0890266731	  5.2737020568	792552.1248603509	  0.6627394480	  9.0073913210	2224.6856482348
  0.1010471916	  1.0868228362	692.8325624911	29412.0000000000	17131.0000000000	17505.0000000000	272.0000000000	467.0000000000	457.0000000000	  0.0000000000	  0.0000000000	  0.0000000000	  0.0941851717	  9.7927033730	884074.4860175221	  0.3446687466	  7.8930267618	2299.6835196073
  0.1025807048	  1.0036381279	704.4109242231	21622.0000000000	28369.0000000000	18391.0000000000	370.0000000000	282.0000000000	435.0000000000	  0.0000000000	  0.0000000000	  0.0000000000	  0.0566786690	 22.4695069541	1033436.1792510973	  0.4234006676	  5.6070888555	2306.4979910074
  0.0994835707	  1.0277748566	683.6505442384	17621.0000000000	15968.0000000000	15936.0000000000	454.0000000000	501.0000000000	502.0000000000	  0.0000000000	  0.0000000000	  0.0000000000	  0.0657215407	  7.6476110784	692202.1975213571	  0.6196040480	  7.7445687849	2338.1481847389
  0.1000511871	  1.0554544148	695.4357195022	25397.0000000000	26316.0000000000	18735.0000000000	315.0000000000	304.0000000000	427.0000000000	  0.0000000000	  0.0000000000	  0.0000000000	  0.0900560390	 17.2070975400	1295691.3342233913	  0.4201922103	  5.5098150097	2506.5716888519
  0.1019440667	  1.0001499845	703.4638656888	27211.0000000000	29197.0000000000	17021.0000000000	294.0000000000	274.0000000000	470.0000000000	  0.0000000000	  0.0000000000	  0.0000000000	  0.0814632978	 21.5969349090	812084.4278289528	  0.3598546229	  5.2581379689	2298.5455444292
  0.0995511222	  1.0375668018	705.4770639105	20050.0000000000	18648.0000000000	16529.0000000000	399.0000000000	429.0000000000	484.0000000000	  0.0000000000	  0.0000000000	  0.0000000000	  0.0953388433	 18.8518235960	849087.5657814719	  0.6153893319	  9.6397410175	2450.4951692481
  0.1026778041	  1.0108240928	694.4862395156	29091.0000000000	14953.0000000000	19002.0000000000	275.0000000000	535.0000000000	421.0000000000	  0.0000000000	  0.0000000000	  0.0000000000	  0.0680455629	  3.0846508212	1211779.3223936395	  0.2977416196	  5.4321160390	2378.2181608994
  0.1009056307	  1.0522353022	687.9723616420	38095.0000000000	21798.0000000000	16701.0000000000	210.0000000000	367.0000000000	479.0000000000	  0.0000000000	  0.0000000000	  0.0000000000	  0.1185944124	 15.3846991178	750728.4721673146	  0.2616253721	  6.8837454951	2272.2242808248
  0.1100528361	  1.0612254285	685.5219977523	186047.0000000000	16563.0000000000	17937.0000000000	 43.0000000000	483.0000000000	446.0000000000	  0.0000000000	  0.0000000000	  0.0000000000	  0.1020194751	  6.1797619334	888967.3791082845	  0.0223159923	  6.6012385409	2220.4334610400
  0.0990000497	  1.0022304661	688.9908540384	20101.0000000000	27491.0000000000	14286.0000000000	398.0000000000	291.0000000000	560.0000000000	  0.0000000000	  0.0000000000	  0.0000000000	  0.0813924277	 16.3330422672	507668.2008441974	  0.5652888385	  5.0277799565	2360.6481702290
  0.1008089965	  1.0591191358	695.8024824457	17429.0000000000	28571.0000000000	17660.0000000000	459.0000000000	280.0000000000	453.0000000000	  0.0000000000	  0.0000000000	  0.0000000000	  0.0739260904	 22.7888792673	926667.8217443564	  0.6680249145	  5.5816308879	2318.3955079456
  0.0995283946	  1.0011286084	700.5924017709	20356.0000000000	29630.0000000000	16194.0000000000	393.0000000000	270.0000000000	494.0000000000	  0.0000000000	  0.0000000000	  0.0000000000	  0.1082409822	 42.9356687963	682443.6947502267	  0.6400137444	  7.2599201007	2269.4433378803
  0.0992424655	  1.0157534122	700.9589764923	18349.0000000000	21108.0000000000	21277.0000000000	436.0000000000	379.0000000000	376.0000000000	  0.0000000000	  0.0000000000	  0.0000000000	  0.0818654942	 14.6924676342	1505457.2495011943	  0.6519617627	  7.0799634230	2237.3984962827
  0.1052373426	  1.0133441608	691.1234263522	18349.0000000000	29963.0000000000	18692.0000000000	436.0000000000	267.0000000000	428.0000000000	  0.0000000000	  0.0000000000	  0.0000000000	  0.0911402354	 21.5434921901	1279735.3350628512	  0.6870926164	  5.0569085836	2505.6200756092
  0.1017815267	  1.0137964996	679.1666552800	28571.0000000000	36199.0000000000	15748.0000000000	280.0000000000	221.0000000000	508.0000000000	  0.0000000000	  0.0000000000	  0.0000000000	  0.0823524339	 15.7274055098	703135.7732786170	  0.3368311198	  3.2528827513	2400.9035761022
  0.1037658728	  0.9875838369	701.5198095013	18349.0000000000	18182.0000000000	19417.0000000000	436.0000000000	440.0000000000	412.0000000000	  0.0000000000	  0.0000000000	  0.0000000000	  0.0913585968	 15.9861621984	1252235.4421563719	  0.6887248230	  9.2232707051	2335.5357284101
  0.1027221148	  1.0209972830	695.8191246628	47059.0000000000	29091.0000000000	18735.0000000000	170.0000000000	275.0000000000	427.0000000000	  0.0000000000	  0.0000000000	  0.0000000000	  0.1072900578	 29.8805222477	979354.9486217325	  0.1813105616	  6.2341022095	2183.9080371004
  0.0976333502	  1.0503267115	689.8905869781	13817.0000000000	18349.0000000000	16393.0000000000	579.0000000000	436.0000000000	488.0000000000	  0.0000000000	  0.0000000000	  0.0000000000	  0.0828620881	 13.4126664312	691878.1735045036	  1.0023105126	  8.3262463323	2238.8325380345
  0.1036360364	  1.0277985288	679.7012423848	44444.0000000000	14184.0000000000	16949.0000000000	180.0000000000	564.0000000000	472.0000000000	  0.0000000000	  0.0000000000	  0.0000000000	  0.1193492568	  7.9939064791	882433.3027425676	  0.2082813303	  9.4731699506	2408.1057060165
  0.1006532549	  1.0236450689	691.6984923834	30769.0000000000	22409.0000000000	19656.0000000000	260.0000000000	357.0000000000	407.0000000000	  0.0000000000	  0.0000000000	  0.0000000000	  0.0908217093	 15.5643534564	1340248.7406741907	  0.3153136853	  6.6650802199	2376.7785391054
  0.1044756623	  0.9918041028	681.9173512408	84211.0000000000	21390.0000000000	16842.0000000000	 95.0000000000	374.0000000000	475.0000000000	  0.0000000000	  0.0000000000	  0.0000000000	  0.0912765262	 14.8221327065	858647.9969567994	  0.0701441050	  6.9666844799	2398.0061423161
  0.1042762761	  1.0197223768	689.7373001967	57971.0000000000	24316.0000000000	17467.0000000000	138.0000000000	329.0000000000	458.0000000000	  0.0000000000	  0.0000000000	  0.0000000000	  0.1071503015	 23.6120550486	1071800.8804999641	  0.1332349149	  7.2446260599	2534.6551355022
  0.0976072176	  1.0134396033	700.6110407856	15296.0000000000	21164.0000000000	16293.0000000000	523.0000000000	378.0000000000	491.0000000000	  0.0000000000	  0.0000000000	  0.0000000000	  0.0650198758	  9.9455042447	755380.1148276202	  0.7617245784	  5.7969141269	2367.0403377486
  0.1033122305	  0.9875657424	692.8696882862	21798.0000000000	15968.0000000000	16563.0000000000	367.0000000000	501.0000000000	483.0000000000	  0.0000000000	  0.0000000000	  0.0000000000	  0.1121316058	 11.6049291731	724722.4002679158	  0.5891298676	  9.5490333849	2261.3206823986
  0.1017456359	  1.0376488598	703.2094824527	30075.0000000000	24169.0000000000	20513.0000000000	266.0000000000	331.0000000000	390.0000000000	  0.0000000000	  0.0000000000	  0.0000000000	  0.1227967951	 23.7506935670	1474488.2408668709	  0.3794742971	  7.3344381166	2338.8299867960
  0.1036193536	  1.0449089830	691.3228421310	63492.0000000000	19002.0000000000	19656.0000000000	126.0000000000	421.0000000000	407.0000000000	  0.0000000000	  0.0000000000	  0.0000000000	  0.1163218130	 19.7739999997	1316428.1077313488	  0.1208999469	  9.6099738913	2355.2708765785
  0.1112944722	  1.0084157936	681.7573414749	195122.0000000000	25397.0000000000	14134.0000000000	 41.0000000000	315.0000000000	566.0000000000	  0.0000000000	  0.0000000000	  0.0000000000	  0.0917419074	 11.5437453244	529971.8824125020	 -0.0201991502	  4.7581697042	2450.0076237788
  0.1000119251	  1.0435615070	702.1411695539	25157.0000000000	22923.0000000000	15656.0000000000	318.0000000000	349.0000000000	511.0000000000	  0.0000000000	  0.0000000000	  0.0000000000	  0.0886157743	 14.7739823126	605924.8851649871	  0.4212098499	  6.2561077981	2248.1169109935
  0.1013590034	  1.0168884077	701.3973798267	26490.0000000000	30534.0000000000	19512.0000000000	302.0000000000	262.0000000000	410.0000000000	  0.0000000000	  0.0000000000	  0.0000000000	  0.1160011148	 26.9710506627	1231808.9668084397	  0.4472331611	  5.5183546480	2299.8665185565
  0.1011267021	  1.0268362082	678.7616577988	14467.0000000000	17467.0000000000	16427.0000000000	553.0000000000	458.0000000000	487.0000000000	  0.0000000000	  0.0000000000	  0.0000000000	  0.0745363351	 13.5559259337	688936.1076600399	  0.8876264184	  9.0283945834	2229.9850251910
  0.1006404872	  0.9984991247	674.9409396488	19048.0000000000	27972.0000000000	19324.0000000000	420.0000000000	286.0000000000	414.0000000000	  0.0000000000	  0.0000000000	  0.0000000000	  0.0735750949	 26.1179011649	1244314.7242547197	  0.5832497507	  6.1663058507	2348.4072015085
  0.1035248535	  1.0477246609	707.8689335917	21164.0000000000	24390.0000000000	15267.0000000000	378.0000000000	328.0000000000	524.0000000000	  0.0000000000	  0.0000000000	  0.0000000000	  0.0722164696	 22.7613399620	705287.8812853906	  0.4938899924	  7.0787333541	2515.1902309938
  0.1020184692	  1.0284573777	707.0885697243	27397.0000000000	25316.0000000000	24615.0000000000	292.0000000000	316.0000000000	325.0000000000	  0.0000000000	  0.0000000000	  0.0000000000	  0.1018682563	 30.4617137181	2121506.4670136711	  0.3982688580	  7.7653875302	2136.0853332702
  0.1007135504	  0.9974167645	679.4434296083	56338.0000000000	23188.0000000000	14363.0000000000	142.0000000000	345.0000000000	557.0000000000	  0.0000000000	  0.0000000000	  0.0000000000	  0.1049683996	 17.6950620676	508107.3277062783	  0.1366340019	  6.7251754304	2341.7653964579
  0.1004897763	  1.0621768044	691.0226480158	29197.0000000000	15842.0000000000	16632.0000000000	274.0000000000	505.0000000000	481.0000000000	  0.0000000000	  0.0000000000	  0.0000000000	  0.0832282158	  9.8395199473	796533.3689771948	  0.3265209985	  8.8916957391	2354.2928532626
  0.1019671315	  1.0190918247	693.7831098496	16064.0000000000	16736.0000000000	14235.0000000000	498.0000000000	478.0000000000	562.0000000000	  0.0000000000	  0.0000000000	  0.0000000000	  0.0742307315	 10.1023137430	473824.6459187180	  0.7564296279	  8.3119014380	2293.0201731650
  0.1019142993	  1.0119700800	713.8296637660	14679.0000000000	15267.0000000000	13115.0000000000	545.0000000000	524.0000000000	610.0000000000	  0.0000000000	  0.0000000000	  0.0000000000	  0.0568521533	  5.4770373944	430655.8364713658	  0.7582685871	  7.0217975778	2469.3227881679
  0.1000803261	  1.0043981980	688.8797116903	33613.0000000000	25723.0000000000	21448.0000000000	238.0000000000	311.0000000000	373.0000000000	  0.0000000000	  0.0000000000	  0.0000000000	  0.0751066160	  7.6923503704	2123407.5300987177	  0.2509946897	  3.7999318225	2621.6062240615
  0.1045474744	  1.0183568603	702.9493556382	33755.0000000000	32129.0000000000	19231.0000000000	237.0000000000	249.0000000000	416.0000000000	  0.0000000000	  0.0000000000	  0.0000000000	  0.0752250797	 26.7518404612	1059159.5345633414	  0.2505802363	  5.0715444018	2179.5772660891
  0.1058163393	  0.9570589836	695.9189826358	23881.0000000000	11364.0000000000	17391.0000000000	335.0000000000	704.0000000000	460.0000000000	  0.0000000000	  0.0000000000	  0.0000000000	  0.0583351774	  2.1908960461	1109692.9186631578	  0.3695037052	  6.9126612057	2601.4584621274
  0.1032786885	  1.0344758924	705.8770897748	26230.0000000000	29740.0000000000	17241.0000000000	305.0000000000	269.0000000000	464.0000000000	  0.0000000000	  0.0000000000	  0.0000000000	  0.0761010023	 22.8060084209	978416.8826596900	  0.3673593593	  5.2769063870	2470.1480193890
  0.0997542086	  1.0059805528	709.6953374731	21563.0000000000	26316.0000000000	17897.0000000000	371.0000000000	304.0000000000	447.0000000000	  0.0000000000	  0.0000000000	  0.0000000000	  0.0967583679	 30.8813846636	1052425.9008973606	  0.5548630118	  7.3460621145	2423.5463911227
  0.1022721051	  1.0300906439	694.2467144292	18265.0000000000	28674.0000000000	19900.0000000000	438.0000000000	279.0000000000	402.0000000000	  0.0000000000	  0.0000000000	  0.0000000000	  0.0819571791	 30.0094075171	1559098.4882327742	  0.6571637694	  6.3776914058	2516.6936226228
  0.1017793594	  0.9761987230	681.5015186439	18265.0000000000	16701.0000000000	15094.0000000000	438.0000000000	479.0000000000	530.0000000000	  0.0000000000	  0.0000000000	  0.0000000000	  0.0810689062	 12.6479827197	604203.4399453552	  0.6515463609	  9.3203784304	2373.6884172660
