  0.1024825827	  0.9846432289	686.8658434682	50955.0000000000	123077.0000000000	222222.0000000000	158.0000000000	 66.0000000000	 38.0000000000	  0.0000000000	  0.0000000000	  0.0000000000	  0.1038735567	  7.1562480797	677977.5347055771	-17.5311379121	-16.1849271762	-1104.5927135476
  0.1011843929	  1.0152108858	682.6660222660	71429.0000000000	106667.0000000000	106667.0000000000	114.0000000000	 76.0000000000	 76.0000000000	  0.0000000000	  0.0000000000	  0.0000000000	  0.0466967591	 22.7375423234	1856787.9155698500	  5.0240372431	-41.0093141194	-11737.5310281999
  0.0999940750	  1.0017646997	685.6659625789	50633.0000000000	102564.0000000000	115942.0000000000	160.0000000000	 80.0000000000	 70.0000000000	  0.0000000000	  0.0000000000	  0.0000000000	  0.1350274494	 20.8995807573	970328.5877452737	-20.5322789180	 43.2438370257	-6929.6606807497
  0.0999463746	  0.9977800108	682.7282309247	61538.0000000000	216216.0000000000	177778.0000000000	132.0000000000	 38.0000000000	 46.0000000000	  0.0000000000	  0.0000000000	  0.0000000000	  0.0825234152	 22.9523694178	1501947.0625924515	  9.8412921468	 -6.9907084775	2925.1739610102
  0.1018234954	  1.0084859199	688.4114455707	57143.0000000000	101266.0000000000	153846.0000000000	142.0000000000	 80.0000000000	 54.0000000000	  0.0000000000	  0.0000000000	  0.0000000000	  0.0817922652	 16.6601527789	1031081.1551851593	 11.6246126438	-40.6431845770	-3449.8852345898
  0.1015798945	  1.0185728139	687.2719403295	65574.0000000000	106667.0000000000	258065.0000000000	124.0000000000	 76.0000000000	 32.0000000000	  0.0000000000	  0.0000000000	  0.0000000000	  0.1154707908	 19.3235698835	1386132.1918391194	 -9.9066040503	 37.9337943974	-1074.6234635455
  0.0984603938	  0.9934578375	690.6391608834	83333.0000000000	160000.0000000000	210526.0000000000	 98.0000000000	 52.0000000000	 40.0000000000	  0.0000000000	  0.0000000000	  0.0000000000	  0.0815409092	 15.0019785454	1040447.1665399931	 -4.5261587298	-12.1033803619	1585.1061073464
  0.0990784741	  0.9785967254	691.3143698063	121212.0000000000	72072.0000000000	105263.0000000000	 68.0000000000	112.0000000000	 78.0000000000	  0.0000000000	  0.0000000000	  0.0000000000	  0.0756049048	  4.1101101539	874761.7277190984	 -1.7054110129	-46.5003384916	8319.7363318239
  0.0973658375	  0.9823421831	689.8330423406	78431.0000000000	86022.0000000000	181818.0000000000	104.0000000000	 94.0000000000	 46.0000000000	  0.0000000000	  0.0000000000	  0.0000000000	  0.0965886939	 13.2693013236	1452691.5968268157	 -5.7842565267	 53.6829580132	2726.2003111111
  0.1016211230	  0.9834841064	683.1494468937	88889.0000000000	103896.0000000000	170213.0000000000	 92.0000000000	 78.0000000000	 48.0000000000	  0.0000000000	  0.0000000000	  0.0000000000	  0.0900447441	 18.8156875488	1882761.2583631102	 -4.0339018517	-40.3742466655	-3728.9227710843
  0.1000840002	  1.0089860344	688.9152039432	133333.0000000000	102564.0000000000	421053.0000000000	 62.0000000000	 80.0000000000	 20.0000000000	  0.0000000000	  0.0000000000	  0.0000000000	  0.1088807416	 27.9515804286	628708.5651820485	  1.6101390623	-50.0992536086	-232.4174884923
  0.1025619872	  0.9961668244	685.3855796619	66667.0000000000	285714.0000000000	137931.0000000000	122.0000000000	 30.0000000000	 60.0000000000	  0.0000000000	  0.0000000000	  0.0000000000	  0.0973796570	  6.7143133046	1791067.5895164618	 -8.6797954277	 -1.8256053290	-5953.6114978962
  0.1004986005	  0.9762836526	689.4850709339	222222.0000000000	347826.0000000000	296296.0000000000	 38.0000000000	 24.0000000000	 28.0000000000	  0.0000000000	  0.0000000000	  0.0000000000	  0.1134587105	 11.7509784610	967363.8578985997	  0.4501081616	 -1.5361346145	-654.1050690487
  0.1003984375	  0.9779070072	687.3814201962	64000.0000000000	156863.0000000000	210526.0000000000	126.0000000000	 52.0000000000	 40.0000000000	  0.0000000000	  0.0000000000	  0.0000000000	  0.0811492177	 10.2451933025	1290981.8146221493	  8.8386499839	-10.2569008351	1811.0215562097
  0.1022041022	  1.0049544487	683.5876680285	111111.0000000000	112676.0000000000	216216.0000000000	 74.0000000000	 72.0000000000	 38.0000000000	  0.0000000000	  0.0000000000	  0.0000000000	  0.0653576009	 12.6182447934	1024779.7450821741	 -2.0150421999	-26.9558898554	1539.4065465802
  0.1011311060	  0.9999018603	686.1045978955	86022.0000000000	80808.0000000000	156863.0000000000	 94.0000000000	100.0000000000	 52.0000000000	  0.0000000000	  0.0000000000	  0.0000000000	  0.0968701279	 12.7314604949	1049232.9020824023	 -4.5738250267	-60.9833699070	3429.8015505409
  0.1002431002	  1.0058599769	690.0911857432	90909.0000000000	153846.0000000000	363636.0000000000	 90.0000000000	 54.0000000000	 24.0000000000	  0.0000000000	  0.0000000000	  0.0000000000	  0.1300107599	 13.5295446600	588720.3332889396	  4.6794249102	 12.7821407858	-303.6643816923
  0.0997964511	  0.9870733097	690.3316018677	86957.0000000000	111111.0000000000	137931.0000000000	 94.0000000000	 74.0000000000	 60.0000000000	  0.0000000000	  0.0000000000	  0.0000000000	  0.0828912720	 12.4244499635	953444.9246756810	 -4.1823006279	-27.5818636477	-4337.3134013268
  0.1007192014	  1.0053735710	690.3400240396	64516.0000000000	190476.0000000000	190476.0000000000	126.0000000000	 44.0000000000	 44.0000000000	  0.0000000000	  0.0000000000	  0.0000000000	  0.0733905387	 24.5083811501	907826.0206698495	 -8.2035364494	-10.0144219208	-1906.9781732059
  0.0991640264	  0.9806239969	685.6533872801	67227.0000000000	195122.0000000000	421053.0000000000	120.0000000000	 42.0000000000	 20.0000000000	  0.0000000000	  0.0000000000	  0.0000000000	  0.1000674764	 17.1296573309	786646.6998980365	 -8.6621737587	 -7.8083651652	-249.0379453806
  0.1005332523	  0.9721972013	689.8042399838	59259.0000000000	727273.0000000000	242424.0000000000	136.0000000000	 12.0000000000	 34.0000000000	  0.0000000000	  0.0000000000	  0.0000000000	  0.1375101370	 27.9237226648	1070889.4692272684	-13.9788153883	 -0.4179070377	1127.3839405304
  0.1005697116	  0.9903387638	685.9371913524	67227.0000000000	235294.0000000000	150943.0000000000	120.0000000000	 36.0000000000	 54.0000000000	  0.0000000000	  0.0000000000	  0.0000000000	  0.1244310677	 22.7108447251	997342.5234831005	 -9.5362652582	  5.8417217224	-3669.5119373197
  0.1013153513	  0.9974851565	688.0425101343	216216.0000000000	170213.0000000000	173913.0000000000	 38.0000000000	 48.0000000000	 48.0000000000	  0.0000000000	  0.0000000000	  0.0000000000	  0.0670404737	 11.7106242663	912768.8175781930	 -0.3703854216	 -9.2742585586	-2480.6746618914
  0.0992110685	  1.0084878730	687.1981618445	59701.0000000000	135593.0000000000	186047.0000000000	136.0000000000	 60.0000000000	 44.0000000000	  0.0000000000	  0.0000000000	  0.0000000000	  0.1287148024	 21.4700798948	601640.3864574005	-13.2113217803	-21.5183153369	1633.1621452185
  0.1004603505	  0.9852818380	682.2303334691	222222.0000000000	363636.0000000000	421053.0000000000	 38.0000000000	 24.0000000000	 20.0000000000	  0.0000000000	  0.0000000000	  0.0000000000	  0.1003388593	 20.3734942546	1120915.6962097881	 -0.4251042103	  1.8525886047	303.1939845965
  0.0986343945	  1.0044614124	687.2200413227	83333.0000000000	72727.0000000000	571429.0000000000	 98.0000000000	112.0000000000	 16.0000000000	  0.0000000000	  0.0000000000	  0.0000000000	  0.0961346384	 17.0041036267	1005401.9209296880	 -4.9762610161	-93.3468160998	-118.9418058142
  0.1012762729	  0.9967270382	687.2856542149	67227.0000000000	103896.0000000000	103896.0000000000	120.0000000000	 78.0000000000	 78.0000000000	  0.0000000000	  0.0000000000	  0.0000000000	  0.1518189409	 26.1363214584	1374113.8959443578	-10.7057390451	 47.3663145367	-10883.6020572780
  0.0981923159	  1.0224680787	687.0150448371	51613.0000000000	235294.0000000000	148148.0000000000	156.0000000000	 36.0000000000	 56.0000000000	  0.0000000000	  0.0000000000	  0.0000000000	  0.1052410579	 50.7843487341	1605326.9864206060	 17.0912906665	 -8.5164271492	4697.5127390418
  0.0999774751	  0.9896948944	688.5936042432	75472.0000000000	97561.0000000000	200000.0000000000	108.0000000000	 84.0000000000	 42.0000000000	  0.0000000000	  0.0000000000	  0.0000000000	  0.0819667221	  5.0418275526	450379.1044069586	  5.8897246809	 24.1909657127	1214.1070226760
  0.1010175959	  0.9782894014	682.5815560566	75472.0000000000	80000.0000000000	140351.0000000000	108.0000000000	102.0000000000	 58.0000000000	  0.0000000000	  0.0000000000	  0.0000000000	  0.1030766593	 19.1597134367	1145868.1545615373	  6.6393321647	 76.7186600997	4659.7254098071
  0.1004446004	  0.9801225512	685.1520289121	76923.0000000000	98765.0000000000	173913.0000000000	106.0000000000	 82.0000000000	 48.0000000000	  0.0000000000	  0.0000000000	  0.0000000000	  0.1247649175	 44.2894898883	1780485.0750342289	 -6.9370264524	-70.5106067667	3328.7249485825
  0.1019114029	  0.9964708927	687.3570338182	105263.0000000000	163265.0000000000	160000.0000000000	 78.0000000000	 50.0000000000	 52.0000000000	  0.0000000000	  0.0000000000	  0.0000000000	  0.1255206783	 41.0601293026	1789446.0765907429	  3.1336523936	 18.9232136389	-4149.0967291353
  0.1001317498	  1.0031425975	685.0771306881	258065.0000000000	114286.0000000000	126984.0000000000	 32.0000000000	 72.0000000000	 64.0000000000	  0.0000000000	  0.0000000000	  0.0000000000	  0.0544780742	  7.4199780119	825477.2100128195	  0.2168779346	-19.6524224104	5094.8601304265
  0.0998964750	  1.0025219597	687.4702614471	97561.0000000000	119403.0000000000	142857.0000000000	 84.0000000000	 68.0000000000	 58.0000000000	  0.0000000000	  0.0000000000	  0.0000000000	  0.0564698555	  4.8189442399	943915.3928291519	  2.5352569015	 13.9965979357	3978.3734093724
  0.1015411015	  1.0135350085	688.2054571294	90909.0000000000	112676.0000000000	275862.0000000000	 90.0000000000	 72.0000000000	 30.0000000000	  0.0000000000	  0.0000000000	  0.0000000000	  0.1136630931	 14.9129390188	2063039.7164990241	  4.3373018778	 29.1099367181	-1166.3150308591
  0.1026350000	  1.0219426943	687.3858202906	100000.0000000000	142857.0000000000	275862.0000000000	 82.0000000000	 58.0000000000	 30.0000000000	  0.0000000000	  0.0000000000	  0.0000000000	  0.0893830929	 13.2949225794	758147.3347257646	  3.0222775957	-15.0199498664	702.7421613971
  0.1009482934	  0.9854960528	688.1483501881	68966.0000000000	126984.0000000000	181818.0000000000	118.0000000000	 64.0000000000	 46.0000000000	  0.0000000000	  0.0000000000	  0.0000000000	  0.0725083685	 22.7347066687	1720965.6184165685	 -6.8608415326	-26.4163570470	-2938.7237248940
  0.0997136017	  0.9780897748	683.2152738016	44693.0000000000	727273.0000000000	111111.0000000000	180.0000000000	 12.0000000000	 74.0000000000	  0.0000000000	  0.0000000000	  0.0000000000	  0.1000828286	  7.8596836536	720462.4458591981	-23.9125316615	  0.1824221489	6578.4611794849
  0.1002894986	  1.0079368023	687.9663758954	66667.0000000000	170213.0000000000	181818.0000000000	122.0000000000	 48.0000000000	 46.0000000000	  0.0000000000	  0.0000000000	  0.0000000000	  0.1194634884	 41.4163628239	1239502.6730471926	 -9.6653223685	 17.1963276222	2529.8519756568
  0.0986977434	  1.0054052495	689.4886303878	66116.0000000000	96386.0000000000	380952.0000000000	122.0000000000	 84.0000000000	 22.0000000000	  0.0000000000	  0.0000000000	  0.0000000000	  0.1112232206	 13.7120420109	1562444.3356151967	 -9.4005241246	-40.9410874234	-439.3088470965
  0.1005162107	  1.0112867930	686.4667235289	131148.0000000000	87912.0000000000	363636.0000000000	 62.0000000000	 92.0000000000	 24.0000000000	  0.0000000000	  0.0000000000	  0.0000000000	  0.0728084793	 10.1090206068	609363.8919495462	  1.3723998304	 44.7127042732	309.9166600464
  0.1007674128	  1.0048485558	688.3830965831	109589.0000000000	93023.0000000000	163265.0000000000	 74.0000000000	 88.0000000000	 50.0000000000	  0.0000000000	  0.0000000000	  0.0000000000	  0.0729067803	 22.8426919111	1180586.5478087740	  2.1904331996	-57.6255493994	3223.0739606166
  0.1002167751	  1.0015410859	687.1762407214	137931.0000000000	96386.0000000000	103896.0000000000	 60.0000000000	 84.0000000000	 78.0000000000	  0.0000000000	  0.0000000000	  0.0000000000	  0.0708628786	 11.1553371419	664424.5893674778	  1.2107883215	-37.0646480549	-7518.9595108037
  0.1006420381	  1.0117617310	687.8704916835	68376.0000000000	137931.0000000000	190476.0000000000	118.0000000000	 60.0000000000	 44.0000000000	  0.0000000000	  0.0000000000	  0.0000000000	  0.1086015740	 21.6157100268	810399.2987670799	 -8.5512093458	-20.9013403114	-1802.1900209724
  0.1003306260	  0.9955526458	679.0773596627	69565.0000000000	205128.0000000000	121212.0000000000	116.0000000000	 40.0000000000	 68.0000000000	  0.0000000000	  0.0000000000	  0.0000000000	  0.1064498178	 17.1830617742	1055728.1001800557	 -8.1727643725	 -7.0938287652	-6313.4231721612
  0.0988979478	  1.0040214272	684.8896467058	64516.0000000000	195122.0000000000	145455.0000000000	126.0000000000	 42.0000000000	 56.0000000000	  0.0000000000	  0.0000000000	  0.0000000000	  0.0981036414	 10.2684459470	657422.5863808603	  9.4184435912	 -5.9307615826	3190.7200863896
  0.1029951760	  1.0122575162	691.0065407786	55556.0000000000	63492.0000000000	142857.0000000000	146.0000000000	128.0000000000	 58.0000000000	  0.0000000000	  0.0000000000	  0.0000000000	  0.1137273067	  4.0084914502	896141.2698386578	-14.8425294189	 63.6202223846	-3842.3121089941
  0.0988809279	  0.9634383687	686.3035351565	186047.0000000000	888889.0000000000	210526.0000000000	 44.0000000000	 10.0000000000	 40.0000000000	  0.0000000000	  0.0000000000	  0.0000000000	  0.0905683162	 12.8374440215	1440361.6208389725	 -0.6588275140	 -0.1505579895	1829.1921389659
  0.1010927527	  1.0030201766	686.8576094732	133333.0000000000	88889.0000000000	160000.0000000000	 62.0000000000	 92.0000000000	 52.0000000000	  0.0000000000	  0.0000000000	  0.0000000000	  0.1159558282	 13.7237417456	1325620.3270324371	  1.7113410960	-49.8090756356	3665.2293805360
  0.1011466011	  0.9933367147	686.4069846183	111111.0000000000	216216.0000000000	131148.0000000000	 74.0000000000	 38.0000000000	 62.0000000000	  0.0000000000	  0.0000000000	  0.0000000000	  0.0902685441	  9.7867352035	1220391.3572279701	  2.3532540649	  4.6598831661	5609.2056026346
  0.0989115721	  1.0047136395	680.1367551887	36199.0000000000	76923.0000000000	106667.0000000000	222.0000000000	106.0000000000	 76.0000000000	  0.0000000000	  0.0000000000	  0.0000000000	  0.0470165388	  4.9818612038	714136.1467314386	 27.9410707900	 43.5828331841	7303.8287084140
  0.1005396630	  1.0091773337	682.8451727001	68376.0000000000	87912.0000000000	380952.0000000000	118.0000000000	 92.0000000000	 22.0000000000	  0.0000000000	  0.0000000000	  0.0000000000	  0.0799354511	  9.2667270772	1524763.8152937859	 -7.3585658322	-42.3083089674	-464.4254492872
  0.0998999506	  1.0106345323	685.1378735083	86957.0000000000	133333.0000000000	131148.0000000000	 94.0000000000	 62.0000000000	 62.0000000000	  0.0000000000	  0.0000000000	  0.0000000000	  0.1293882135	 13.3753454621	1153455.5998106718	 -5.1174646716	-18.3708221337	-5424.6036468471
  0.0997632248	  1.0056620912	686.8155133806	51948.0000000000	103896.0000000000	258065.0000000000	156.0000000000	 78.0000000000	 32.0000000000	  0.0000000000	  0.0000000000	  0.0000000000	  0.0899253722	  9.3109597149	618504.8205486058	 15.6392121719	-27.6680937387	742.8797468975
  0.1022011022	  0.9901809170	685.8653992920	121212.0000000000	228571.0000000000	285714.0000000000	 68.0000000000	 36.0000000000	 30.0000000000	  0.0000000000	  0.0000000000	  0.0000000000	  0.1014390008	 36.3132258254	902043.6638423846	  1.9725425581	  7.4487185375	-711.3094287539
  0.1017000000	  0.9914009567	690.0133406173	80000.0000000000	129032.0000000000	181818.0000000000	102.0000000000	 64.0000000000	 46.0000000000	  0.0000000000	  0.0000000000	  0.0000000000	  0.0658852488	  3.7634270307	510455.9680473946	  4.5867273807	 10.5459614730	-1666.8709081312
  0.1013795507	  0.9968410838	693.5545774389	117647.0000000000	148148.0000000000	142857.0000000000	 70.0000000000	 56.0000000000	 58.0000000000	  0.0000000000	  0.0000000000	  0.0000000000	  0.1131316393	 18.3697314523	1322001.8230553844	  2.3023308665	 16.6119288928	-4683.2871480542
  0.1005470401	  0.9893000089	687.9827196722	74766.0000000000	135593.0000000000	148148.0000000000	108.0000000000	 60.0000000000	 56.0000000000	  0.0000000000	  0.0000000000	  0.0000000000	  0.1011368143	 20.0273785241	3060987.6233278299	 -6.6829493156	-21.5714481134	-6604.7255035043
  0.1028488382	  0.9942428966	689.0373899902	115942.0000000000	86022.0000000000	142857.0000000000	 70.0000000000	 94.0000000000	 58.0000000000	  0.0000000000	  0.0000000000	  0.0000000000	  0.0823454528	 31.9660904898	1513627.1238306910	  2.0063119186	-82.6476158644	-5142.6649466768
  0.1002232004	  1.0051413150	693.5285404023	64516.0000000000	93023.0000000000	200000.0000000000	126.0000000000	 88.0000000000	 42.0000000000	  0.0000000000	  0.0000000000	  0.0000000000	  0.1009631403	 28.1884087896	859540.9452083413	  9.5863906896	-63.4656277011	-1631.9174903845
  0.0992000913	  0.9762097829	688.1597795498	96386.0000000000	100000.0000000000	140351.0000000000	 84.0000000000	 82.0000000000	 58.0000000000	  0.0000000000	  0.0000000000	  0.0000000000	  0.0927036069	 34.4152656675	1296482.6791647600	  3.3370938321	-59.9134812989	4837.7020641153
  0.0996248097	  0.9946858758	689.8020646617	55172.0000000000	90909.0000000000	177778.0000000000	146.0000000000	 90.0000000000	 46.0000000000	  0.0000000000	  0.0000000000	  0.0000000000	  0.0478112539	 16.2001823424	778182.7423698108	  9.7312361163	-52.1630124564	-2078.7838081860
  0.1016605166	  1.0313769433	688.9766324665	48780.0000000000	85106.0000000000	285714.0000000000	166.0000000000	 96.0000000000	 30.0000000000	  0.0000000000	  0.0000000000	  0.0000000000	  0.0740663569	  2.0107124610	1349347.9693107477	-16.5364804570	 21.3816657318	-880.1426992244
  0.0981511856	  0.9981189997	684.3153208886	49383.0000000000	67797.0000000000	210526.0000000000	164.0000000000	120.0000000000	 40.0000000000	  0.0000000000	  0.0000000000	  0.0000000000	  0.0744021012	  6.0671722564	942829.8618976310	 15.9953976692	 65.4817653839	-1541.3844535858
  0.1002441504	  1.0011995114	680.8570798197	105263.0000000000	123077.0000000000	275862.0000000000	 78.0000000000	 66.0000000000	 30.0000000000	  0.0000000000	  0.0000000000	  0.0000000000	  0.0965833541	  7.4949603995	671914.1246308326	  2.8118637203	 16.6378855706	633.0602028252
  0.1026053526	  0.9879964751	688.4405945954	60606.0000000000	216216.0000000000	156863.0000000000	134.0000000000	 38.0000000000	 52.0000000000	  0.0000000000	  0.0000000000	  0.0000000000	  0.0887467756	 16.6077559398	576249.8355477345	 10.4855733165	  6.1285666016	2442.8398135455
  0.1002534267	  0.9887894998	689.2350379926	73394.0000000000	90909.0000000000	727273.0000000000	110.0000000000	 90.0000000000	 12.0000000000	  0.0000000000	  0.0000000000	  0.0000000000	  0.0655456782	 17.2092204275	1085100.4090297334	  5.5587221165	-52.8543535376	 80.9678734556
  0.0989592383	  0.9972925920	686.2190012381	57554.0000000000	72072.0000000000	250000.0000000000	140.0000000000	112.0000000000	 34.0000000000	  0.0000000000	  0.0000000000	  0.0000000000	  0.0713329310	  6.3446676637	1682959.6024270430	-10.7641104631	-57.7097040573	-1349.7426014635
  0.0991755992	  0.9999384721	683.8390155992	111111.0000000000	421053.0000000000	205128.0000000000	 74.0000000000	 20.0000000000	 40.0000000000	  0.0000000000	  0.0000000000	  0.0000000000	  0.0852685404	 16.1822275036	931257.0246228542	  2.2477848311	 -1.1390870887	-1664.0396406113
  0.1005223743	  0.9827750339	685.8051182307	266667.0000000000	95238.0000000000	133333.0000000000	 32.0000000000	 86.0000000000	 62.0000000000	  0.0000000000	  0.0000000000	  0.0000000000	  0.1204454093	 27.5696693562	866363.5052922480	 -0.3097403075	 60.0659067769	4560.8884646563
  0.0993327252	  0.9776800843	687.4664960378	97561.0000000000	266667.0000000000	228571.0000000000	 84.0000000000	 32.0000000000	 36.0000000000	  0.0000000000	  0.0000000000	  0.0000000000	  0.1019398818	 21.9705688368	943169.4713046747	  3.4771633488	 -4.0163175124	-1289.0757223738
  0.1000384002	  1.0067957846	687.4636770811	83333.0000000000	109589.0000000000	195122.0000000000	 98.0000000000	 74.0000000000	 42.0000000000	  0.0000000000	  0.0000000000	  0.0000000000	  0.0879236405	 10.8665451078	1458602.4373433080	 -4.7166272681	-26.2800734311	2246.5374030561
  0.1014802791	  0.9982562208	679.0507550369	93023.0000000000	89888.0000000000	142857.0000000000	 88.0000000000	 90.0000000000	 58.0000000000	  0.0000000000	  0.0000000000	  0.0000000000	  0.0895413540	 17.8170492546	670855.8369234762	 -3.6128443998	-55.7871201373	3439.2002134323
  0.1000018500	  0.9971543894	692.5677090415	54054.0000000000	177778.0000000000	121212.0000000000	150.0000000000	 46.0000000000	 68.0000000000	  0.0000000000	  0.0000000000	  0.0000000000	  0.0817769494	 25.0619605751	1085871.9054663104	 13.4188785927	-11.7064340280	6558.3519797320
  0.0997879002	  1.0022146171	685.2447115173	79208.0000000000	400000.0000000000	117647.0000000000	102.0000000000	 22.0000000000	 70.0000000000	  0.0000000000	  0.0000000000	  0.0000000000	  0.1071673864	  7.9368795511	1591927.7203508825	  5.9210228240	  0.8367763900	-8534.0389274939
  0.0999332370	  0.9992154697	682.4294777302	73394.0000000000	166667.0000000000	112676.0000000000	110.0000000000	 50.0000000000	 72.0000000000	  0.0000000000	  0.0000000000	  0.0000000000	  0.0717044789	 50.9221119933	1968419.0680836067	  5.9155636239	-19.7393719837	-10460.1010503050
  0.1012553109	  1.0122223365	688.4248189026	77670.0000000000	115942.0000000000	266667.0000000000	104.0000000000	 70.0000000000	 32.0000000000	  0.0000000000	  0.0000000000	  0.0000000000	  0.1337623201	 40.2487903526	1472447.7117441341	 -6.9006353355	-43.6730147923	-1067.2588720948
  0.1020811834	  0.9946098212	689.7119338434	46512.0000000000	126984.0000000000	470588.0000000000	174.0000000000	 64.0000000000	 18.0000000000	  0.0000000000	  0.0000000000	  0.0000000000	  0.0550146802	  6.5547579416	878328.3488631453	 16.2024653911	-14.0584618694	-206.6670576383
  0.1018749769	  0.9867000673	684.5214764642	108108.0000000000	500000.0000000000	285714.0000000000	 76.0000000000	 18.0000000000	 30.0000000000	  0.0000000000	  0.0000000000	  0.0000000000	  0.1282420787	 21.5662445007	2214311.8518813318	  3.0095269848	  0.8361305120	1052.9319292991
  0.1004613393	  0.9970991188	694.1554657685	47904.0000000000	72727.0000000000	121212.0000000000	168.0000000000	112.0000000000	 68.0000000000	  0.0000000000	  0.0000000000	  0.0000000000	  0.0654896066	 12.1755594630	1009028.1264446580	 16.2763162414	-77.7580326958	6321.1292698519
  0.0997755262	  1.0035636991	683.9201694175	65041.0000000000	76190.0000000000	95238.0000000000	124.0000000000	106.0000000000	 86.0000000000	  0.0000000000	  0.0000000000	  0.0000000000	  0.1256259365	 16.2202776106	580835.8616929785	-10.6163346659	 80.4259106801	8702.1451390297
  0.0997000744	  0.9912526038	686.6772784498	129032.0000000000	307692.0000000000	190476.0000000000	 64.0000000000	 28.0000000000	 44.0000000000	  0.0000000000	  0.0000000000	  0.0000000000	  0.0814630478	 17.6567128742	1032480.7577622326	  1.5115698714	 -2.5815849891	2090.2493964883
  0.0991415549	  1.0165421792	686.5837807256	67797.0000000000	131148.0000000000	114286.0000000000	120.0000000000	 62.0000000000	 72.0000000000	  0.0000000000	  0.0000000000	  0.0000000000	  0.0811688176	 16.6786469579	962097.4179360144	  7.6823386878	-21.0063952804	-7235.8113589038
  0.0998582256	  0.9854637951	687.2393873305	75472.0000000000	119403.0000000000	333333.0000000000	108.0000000000	 68.0000000000	 26.0000000000	  0.0000000000	  0.0000000000	  0.0000000000	  0.0880882493	 24.1339909643	784603.7757159377	 -6.0960668430	-31.5476388340	-420.4693703664
  0.0992912163	  1.0038094751	687.2686537321	65041.0000000000	126984.0000000000	121212.0000000000	124.0000000000	 64.0000000000	 68.0000000000	  0.0000000000	  0.0000000000	  0.0000000000	  0.0613361538	 17.3249940657	847032.4420961551	 -7.3665024573	-22.9251349004	-5785.8052563127
  0.0977091487	  0.9837008692	681.9501403533	61069.0000000000	106667.0000000000	135593.0000000000	132.0000000000	 76.0000000000	 60.0000000000	  0.0000000000	  0.0000000000	  0.0000000000	  0.1061475103	 13.7874198179	636611.2573623500	-11.2656656678	 31.7378976817	-3818.4811776925
  0.0981903928	  1.0070923512	689.1735570699	83333.0000000000	82474.0000000000	307692.0000000000	 98.0000000000	 98.0000000000	 28.0000000000	  0.0000000000	  0.0000000000	  0.0000000000	  0.1474117117	 17.8604243776	618910.4938864122	  6.0559742667	 68.3629491265	-475.4018886814
  0.1001710011	  0.9952397137	692.2897172158	70175.0000000000	97561.0000000000	200000.0000000000	116.0000000000	 84.0000000000	 42.0000000000	  0.0000000000	  0.0000000000	  0.0000000000	  0.0625007446	 12.2071230935	844551.4962015601	  6.1276149292	-37.6381753559	1628.6616320229
  0.1008364033	  1.0083352451	687.4672616291	83333.0000000000	137931.0000000000	307692.0000000000	 98.0000000000	 60.0000000000	 28.0000000000	  0.0000000000	  0.0000000000	  0.0000000000	  0.0956856386	 25.9487318059	2009079.8044544316	 -4.9869658880	-22.7319595949	-901.0415799551
  0.0977255236	  0.9960865831	691.7520217887	61069.0000000000	84211.0000000000	186047.0000000000	132.0000000000	 96.0000000000	 44.0000000000	  0.0000000000	  0.0000000000	  0.0000000000	  0.0909743888	 26.4548944018	595677.1904117448	 10.4597708715	-79.9599043733	-1629.9788095303
  0.0997050737	  0.9964712232	684.4534649925	85106.0000000000	102564.0000000000	95238.0000000000	 96.0000000000	 80.0000000000	 86.0000000000	  0.0000000000	  0.0000000000	  0.0000000000	  0.0573501573	  3.8715666860	495795.5668174911	  3.5899640416	-18.4147593168	-7933.7860708562
  0.0980696606	  0.9906661530	685.2527135858	87912.0000000000	105263.0000000000	186047.0000000000	 92.0000000000	 78.0000000000	 44.0000000000	  0.0000000000	  0.0000000000	  0.0000000000	  0.0834253170	  8.0350427135	863197.6568487571	  4.0459522106	-24.9666716174	-2022.5522845018
  0.1001273992	  1.0045492617	689.1181041143	71429.0000000000	205128.0000000000	258065.0000000000	114.0000000000	 40.0000000000	 32.0000000000	  0.0000000000	  0.0000000000	  0.0000000000	  0.1275373454	 36.5294303444	1119420.7099123178	 -8.3111236916	 -9.8983461370	-1034.7891775802
  0.1006587987	  0.9908872571	683.8654126960	166667.0000000000	106667.0000000000	228571.0000000000	 50.0000000000	 76.0000000000	 36.0000000000	  0.0000000000	  0.0000000000	  0.0000000000	  0.0997791219	 31.1605732408	2169303.7564396258	  0.8713106715	 48.7200363103	1877.3456699716
  0.0961935962	  1.0078695687	683.8795341468	51282.0000000000	111111.0000000000	266667.0000000000	158.0000000000	 74.0000000000	 32.0000000000	  0.0000000000	  0.0000000000	  0.0000000000	  0.0814689373	 15.8084241594	626890.7245438586	 15.4080422997	 31.0218402917	-691.4234110430
  0.1019248726	  1.0119157488	683.8043197392	88889.0000000000	140351.0000000000	800000.0000000000	 92.0000000000	 58.0000000000	 12.0000000000	  0.0000000000	  0.0000000000	  0.0000000000	  0.1298600745	 16.5617757019	1298296.2754750280	 -4.9018891446	-17.9313692308	 59.0965369933
  0.1006188003	  1.0138771575	691.0944757505	117647.0000000000	109589.0000000000	129032.0000000000	 70.0000000000	 74.0000000000	 64.0000000000	  0.0000000000	  0.0000000000	  0.0000000000	  0.0732361206	 15.4164187201	992841.2577863375	  1.8243209988	-32.1357477165	-5349.0570783805
  0.0999688877	  0.9951366279	688.6693061271	61069.0000000000	112676.0000000000	112676.0000000000	132.0000000000	 72.0000000000	 72.0000000000	  0.0000000000	  0.0000000000	  0.0000000000	  0.0905585687	 26.1280588019	1642128.1727071865	 10.4045725216	 37.8012621068	9585.8714251161
  0.1022657898	  1.0068693408	685.0802758636	72072.0000000000	186047.0000000000	250000.0000000000	112.0000000000	 44.0000000000	 34.0000000000	  0.0000000000	  0.0000000000	  0.0000000000	  0.0735107256	 13.7168510008	1055516.8581709850	 -6.2754550858	 -7.9193583346	-1040.5012945860
  0.0994365739	  0.9826493819	686.3033202493	129032.0000000000	101266.0000000000	250000.0000000000	 64.0000000000	 80.0000000000	 34.0000000000	  0.0000000000	  0.0000000000	  0.0000000000	  0.0671873450	 15.1046529445	2472692.5181799256	  1.3737187847	-38.5242026033	1601.2993082626
  0.0991913492	  0.9850625366	689.0991392440	74074.0000000000	400000.0000000000	258065.0000000000	110.0000000000	 22.0000000000	 32.0000000000	  0.0000000000	  0.0000000000	  0.0000000000	  0.1230612402	 19.6616066685	1073796.8273485927	 -7.5127321320	 -1.3671197223	-972.0385241119
  0.1020301530	  0.9824271291	687.3937746629	105263.0000000000	123077.0000000000	275862.0000000000	 78.0000000000	 66.0000000000	 30.0000000000	  0.0000000000	  0.0000000000	  0.0000000000	  0.0728397119	 17.5421428574	1123462.9460341511	  2.3678741943	 25.6597447473	879.5090149685
  0.0993243973	  0.9871414870	687.6720485076	83333.0000000000	242424.0000000000	126984.0000000000	 98.0000000000	 34.0000000000	 64.0000000000	  0.0000000000	  0.0000000000	  0.0000000000	  0.1044564979	 19.8337496973	2012072.0173945453	  5.2069697629	  4.8694605964	-7825.3793315709
  0.1008151008	  0.9825706241	690.0616335721	121212.0000000000	117647.0000000000	119403.0000000000	 68.0000000000	 70.0000000000	 68.0000000000	  0.0000000000	  0.0000000000	  0.0000000000	  0.0883401020	 28.9965658490	1379067.6494827340	 -1.8767165138	-36.2824279099	7495.4594497125
  0.0998867497	  1.0028131121	682.6612414519	52980.0000000000	102564.0000000000	135593.0000000000	152.0000000000	 80.0000000000	 60.0000000000	  0.0000000000	  0.0000000000	  0.0000000000	  0.1248375102	 27.2488615596	2334832.3419437646	-17.3968422718	 50.0815408257	7315.9541407628
  0.1009743088	  0.9903057603	686.0860979681	94118.0000000000	163265.0000000000	145455.0000000000	 86.0000000000	 50.0000000000	 56.0000000000	  0.0000000000	  0.0000000000	  0.0000000000	  0.1403826344	 39.1719515528	1375322.4824874238	  4.4044049265	-18.3015980576	-4665.6711531473
  0.0979248479	  1.0040361327	685.0719354659	51948.0000000000	126984.0000000000	111111.0000000000	156.0000000000	 64.0000000000	 74.0000000000	  0.0000000000	  0.0000000000	  0.0000000000	  0.1168781288	 15.1398171885	1156552.3194422459	 17.8110893480	 21.5905995118	8299.7463738840
  0.1001187500	  0.9910689866	686.4762659125	80000.0000000000	126984.0000000000	112676.0000000000	102.0000000000	 64.0000000000	 72.0000000000	  0.0000000000	  0.0000000000	  0.0000000000	  0.0902503241	 17.2363879342	580509.4922756399	 -5.2668023904	-23.3798419555	5716.8134927690
  0.0996642859	  1.0057260805	684.6088520546	74766.0000000000	186047.0000000000	108108.0000000000	108.0000000000	 44.0000000000	 76.0000000000	  0.0000000000	  0.0000000000	  0.0000000000	  0.1298544468	 34.4708953120	1254017.2992005958	 -7.4624470476	-12.3617620232	9237.9810559117
  0.1002705745	  1.0082919301	685.8814589202	101266.0000000000	153846.0000000000	222222.0000000000	 80.0000000000	 54.0000000000	 38.0000000000	  0.0000000000	  0.0000000000	  0.0000000000	  0.0768563541	 12.3873542309	598330.6443471783	 -2.7425672794	 12.0046861375	1032.8191977517
  0.1012545094	  1.0002739080	688.5350186224	61538.0000000000	105263.0000000000	190476.0000000000	132.0000000000	 78.0000000000	 44.0000000000	  0.0000000000	  0.0000000000	  0.0000000000	  0.0643731906	  5.3752475570	1591760.1999819598	 -8.5662911196	-20.5904940986	2494.1394362062
  0.0981180981	  0.9964294820	688.1870944944	74074.0000000000	89888.0000000000	121212.0000000000	110.0000000000	 90.0000000000	 68.0000000000	  0.0000000000	  0.0000000000	  0.0000000000	  0.0820067205	 20.3447851594	714060.4273821207	  6.0901360332	-60.0828646043	-5217.8701850107
  0.1022960000	  1.0043340364	688.2746720749	62500.0000000000	72727.0000000000	140351.0000000000	130.0000000000	112.0000000000	 58.0000000000	  0.0000000000	  0.0000000000	  0.0000000000	  0.0719552969	  3.9469046168	693374.5679796066	 -8.7541443997	-44.4903837803	-3581.6263553509
  0.1019529145	  0.9949023523	683.1149950201	103896.0000000000	86957.0000000000	177778.0000000000	 78.0000000000	 94.0000000000	 46.0000000000	  0.0000000000	  0.0000000000	  0.0000000000	  0.0688630952	  5.7906822900	783296.8525078034	 -2.4307333993	 34.0818045413	2152.6199614269
  0.0993019752	  0.9904770862	687.2453361183	97561.0000000000	170213.0000000000	115942.0000000000	 84.0000000000	 48.0000000000	 70.0000000000	  0.0000000000	  0.0000000000	  0.0000000000	  0.1151831214	 33.6500876209	844696.0659252338	 -3.6093784961	-15.6584492637	6484.8193070237
  0.0996880370	  0.9996071369	688.1607196239	135593.0000000000	222222.0000000000	228571.0000000000	 60.0000000000	 38.0000000000	 36.0000000000	  0.0000000000	  0.0000000000	  0.0000000000	  0.1097832838	 15.6249499933	1747148.5997259072	 -1.5499276481	 -5.4885555411	-1752.8534076707
  0.0994937500	  1.0039518857	687.6443173664	160000.0000000000	77670.0000000000	145455.0000000000	 52.0000000000	104.0000000000	 56.0000000000	  0.0000000000	  0.0000000000	  0.0000000000	  0.0628769374	 22.0282571014	928538.3817191045	 -0.8003620603	-89.0733116793	-3866.2436555642
  0.1020387347	  0.9830022997	690.2388255853	78431.0000000000	131148.0000000000	145455.0000000000	104.0000000000	 62.0000000000	 56.0000000000	  0.0000000000	  0.0000000000	  0.0000000000	  0.0959306471	 11.3473739939	1869602.0707324492	  5.8164637995	 17.2714976506	5455.9616930058
  0.1005937500	  0.9894903460	683.9051490350	64000.0000000000	121212.0000000000	119403.0000000000	126.0000000000	 68.0000000000	 68.0000000000	  0.0000000000	  0.0000000000	  0.0000000000	  0.0660714900	 12.7699060799	526787.1830490582	  7.9747122314	-22.1904495461	-4701.8887444335
  0.0996266725	  1.0205168824	684.1352078237	73394.0000000000	69565.0000000000	145455.0000000000	110.0000000000	116.0000000000	 56.0000000000	  0.0000000000	  0.0000000000	  0.0000000000	  0.0654530445	  6.1611214361	1201893.5816597098	 -5.5628220235	-62.3900164094	-4285.1966051775
  0.1007960444	  1.0115668793	692.8286672901	68966.0000000000	81633.0000000000	121212.0000000000	118.0000000000	100.0000000000	 68.0000000000	  0.0000000000	  0.0000000000	  0.0000000000	  0.0982912633	  6.1301586375	971757.1299216072	 -7.9734159898	-41.4705938693	-6254.0888192788
  0.1011519769	  0.9887721810	690.5644376028	135593.0000000000	235294.0000000000	275862.0000000000	 60.0000000000	 36.0000000000	 30.0000000000	  0.0000000000	  0.0000000000	  0.0000000000	  0.1033807157	 22.0095761061	1149148.4600908707	 -1.4961896772	  5.5246506924	842.0017546712
  0.1006021715	  0.9947704947	686.6260254229	86022.0000000000	123077.0000000000	615385.0000000000	 94.0000000000	 66.0000000000	 14.0000000000	  0.0000000000	  0.0000000000	  0.0000000000	  0.0394118846	 28.8173619823	1130870.0271937158	  2.9373344708	-32.8540735713	-114.2274404954
  0.1015752909	  1.0051478790	687.4374397555	67797.0000000000	190476.0000000000	148148.0000000000	120.0000000000	 44.0000000000	 56.0000000000	  0.0000000000	  0.0000000000	  0.0000000000	  0.1050317413	  9.9751016135	1302396.7744879995	 -8.6546357679	  6.5454821895	-4255.0358327899
  0.0994985370	  1.0081272448	686.3364119319	103896.0000000000	307692.0000000000	148148.0000000000	 78.0000000000	 28.0000000000	 56.0000000000	  0.0000000000	  0.0000000000	  0.0000000000	  0.1080427023	 26.6336266859	699025.7997924712	 -3.0013487832	  3.0913595607	-3229.7717572559
  0.1002376002	  0.9852316678	686.7024991777	181818.0000000000	102564.0000000000	156863.0000000000	 46.0000000000	 80.0000000000	 52.0000000000	  0.0000000000	  0.0000000000	  0.0000000000	  0.1282996954	 30.3804675859	1061642.4027694971	 -0.8178765396	 52.5227084997	-3434.4095111428
  0.1012802926	  0.9919268010	684.7977472998	67797.0000000000	89888.0000000000	140351.0000000000	120.0000000000	 90.0000000000	 58.0000000000	  0.0000000000	  0.0000000000	  0.0000000000	  0.1262285030	 13.1012137093	1357037.3233094809	 -9.4499454632	-47.5268071648	-4997.6965031872
  0.0995180498	  0.9735874749	683.8533374901	117647.0000000000	363636.0000000000	160000.0000000000	 70.0000000000	 24.0000000000	 52.0000000000	  0.0000000000	  0.0000000000	  0.0000000000	  0.1116439846	 19.0218665611	1447653.1250453715	 -2.2674392842	  1.7361302335	3714.1904090741
  0.1035458591	  1.0025839115	690.1496532251	62016.0000000000	93023.0000000000	140351.0000000000	130.0000000000	 88.0000000000	 58.0000000000	  0.0000000000	  0.0000000000	  0.0000000000	  0.0667989231	 10.9109915163	904359.8180087386	  8.6752560285	 40.4441812122	-4159.3117641673
  0.1000020875	  1.0236959272	689.7185744207	47904.0000000000	58394.0000000000	121212.0000000000	168.0000000000	138.0000000000	 68.0000000000	  0.0000000000	  0.0000000000	  0.0000000000	  0.0290655094	  3.4804536296	1476578.0576628428	 10.8813871921	-72.1460904902	7633.9047602649
  0.1000497250	  0.9700421436	690.7381508953	68376.0000000000	91954.0000000000	258065.0000000000	118.0000000000	 88.0000000000	 32.0000000000	  0.0000000000	  0.0000000000	  0.0000000000	  0.0771941924	  6.7496849603	642462.4779119991	  7.2614719684	-32.6438374242	759.8400598614
  0.0986611612	  0.9943608789	686.8864592224	87912.0000000000	117647.0000000000	108108.0000000000	 92.0000000000	 70.0000000000	 76.0000000000	  0.0000000000	  0.0000000000	  0.0000000000	  0.0731386081	 21.4813377174	860990.7147286995	 -3.7659511555	-31.7287318743	-7631.4288557915
  0.0992246899	  1.0305734187	688.1558480991	106667.0000000000	80000.0000000000	117647.0000000000	 76.0000000000	102.0000000000	 70.0000000000	  0.0000000000	  0.0000000000	  0.0000000000	  0.0947890113	 19.1663981929	931819.9503643564	  2.6836613663	-77.4124835604	-6418.0366123318
  0.1008747950	  1.0231184002	689.7709118879	49383.0000000000	156863.0000000000	170213.0000000000	164.0000000000	 52.0000000000	 48.0000000000	  0.0000000000	  0.0000000000	  0.0000000000	  0.1061420072	 25.1057420596	978879.6060556764	 19.2010235470	-16.1837706961	-2605.4766959839
  0.0986851143	  0.9841012041	680.8372281887	50955.0000000000	88889.0000000000	119403.0000000000	158.0000000000	 92.0000000000	 68.0000000000	  0.0000000000	  0.0000000000	  0.0000000000	  0.0745591259	 16.3754742480	1790877.0752724747	 14.9286064126	-54.3402173058	-8614.2510318702
  0.0998758499	  0.9985583649	685.8980685472	153846.0000000000	195122.0000000000	123077.0000000000	 54.0000000000	 42.0000000000	 66.0000000000	  0.0000000000	  0.0000000000	  0.0000000000	  0.0646856846	 19.6307579851	1100723.9787601950	 -0.8829070261	 -8.5693545131	-6398.8562084226
  0.1002282261	  1.0058842109	685.9987506957	78431.0000000000	228571.0000000000	166667.0000000000	104.0000000000	 36.0000000000	 50.0000000000	  0.0000000000	  0.0000000000	  0.0000000000	  0.0965828860	 16.2791084142	516237.3672305744	 -5.7804979327	  5.0540299901	2028.1680589973
  0.1001812500	  0.9880467462	684.3905116703	160000.0000000000	97561.0000000000	205128.0000000000	 52.0000000000	 84.0000000000	 40.0000000000	  0.0000000000	  0.0000000000	  0.0000000000	  0.1264474626	 29.1123519723	819078.8656717851	 -1.1064043132	-58.1129035477	-1481.8121369569
  0.1020179669	  0.9911504380	682.4451408991	75472.0000000000	145455.0000000000	200000.0000000000	108.0000000000	 56.0000000000	 42.0000000000	  0.0000000000	  0.0000000000	  0.0000000000	  0.1053732507	 25.2663608868	743196.0777727666	  6.5904323041	 20.1943013189	1503.0830692769
  0.1009749519	  1.0375980310	681.0777365279	64516.0000000000	65574.0000000000	98765.0000000000	126.0000000000	124.0000000000	 82.0000000000	  0.0000000000	  0.0000000000	  0.0000000000	  0.0939063305	 14.7916166861	639762.7261625818	 -9.3668975176	-112.5828149279	-8450.3417696922
  0.0998196240	  0.9754643911	690.7304521238	43243.0000000000	67227.0000000000	114286.0000000000	186.0000000000	120.0000000000	 72.0000000000	  0.0000000000	  0.0000000000	  0.0000000000	  0.0738236375	  6.7351442783	667850.9732273384	-22.4701845289	-71.1586224872	6003.5695263723
  0.0993753785	  1.0160832149	688.3968385545	84211.0000000000	115942.0000000000	173913.0000000000	 96.0000000000	 70.0000000000	 48.0000000000	  0.0000000000	  0.0000000000	  0.0000000000	  0.0721550878	  9.8203698503	1693063.6366725722	  4.1618904283	-22.1788475978	-3314.1175616940
  0.1013907264	  0.9845169371	690.4004049846	126984.0000000000	101266.0000000000	153846.0000000000	 64.0000000000	 80.0000000000	 54.0000000000	  0.0000000000	  0.0000000000	  0.0000000000	  0.1006966454	 17.7032944968	1036241.2883029605	 -1.7984144368	-41.3606601669	3493.9196750242
  0.0999525127	  1.0000542684	685.3765962049	61069.0000000000	121212.0000000000	135593.0000000000	132.0000000000	 68.0000000000	 60.0000000000	  0.0000000000	  0.0000000000	  0.0000000000	  0.1190847238	 23.1650408174	797840.2066140323	 12.0635730365	 29.6986889732	-4169.2844868483
  0.0988825364	  0.9887899763	691.4812119630	126984.0000000000	200000.0000000000	117647.0000000000	 64.0000000000	 42.0000000000	 70.0000000000	  0.0000000000	  0.0000000000	  0.0000000000	  0.1143212156	  9.2169713771	1339911.1833216178	  1.9160603194	  5.5536078485	7828.1231314290
  0.1021161382	  0.9958246179	686.3391187272	70175.0000000000	156863.0000000000	100000.0000000000	116.0000000000	 52.0000000000	 82.0000000000	  0.0000000000	  0.0000000000	  0.0000000000	  0.1217863895	 26.6596078170	713769.3034817965	  8.5274356157	 17.2455862734	8658.5368331606
  0.0994504724	  0.9892702992	685.1628529906	78431.0000000000	111111.0000000000	190476.0000000000	104.0000000000	 74.0000000000	 44.0000000000	  0.0000000000	  0.0000000000	  0.0000000000	  0.0996612679	 20.3686899282	1242888.2555866591	  5.9049215129	-35.5683265831	2319.7638607713
  0.1001250000	  0.9836857498	690.8706299894	80000.0000000000	170213.0000000000	123077.0000000000	102.0000000000	 48.0000000000	 66.0000000000	  0.0000000000	  0.0000000000	  0.0000000000	  0.0656164181	 11.3468043787	895105.5652449544	 -4.5320061214	 -9.1259125037	-5730.9473963967
  0.0993006476	  0.9864591115	687.1537105022	40609.0000000000	114286.0000000000	126984.0000000000	198.0000000000	 72.0000000000	 64.0000000000	  0.0000000000	  0.0000000000	  0.0000000000	  0.1114214079	  4.5673722546	746860.0837638900	-32.2632807833	-15.4781128249	-4785.5813087841
  0.0992374361	  0.9835793502	689.6897452641	163265.0000000000	533333.0000000000	533333.0000000000	 50.0000000000	 16.0000000000	 16.0000000000	  0.0000000000	  0.0000000000	  0.0000000000	  0.1027580457	 37.2158412279	1233343.6920963889	  0.9708020300	  0.9232753535	-169.6712840767
  0.0998298500	  0.9815543612	682.1536266272	97561.0000000000	571429.0000000000	126984.0000000000	 84.0000000000	 16.0000000000	 64.0000000000	  0.0000000000	  0.0000000000	  0.0000000000	  0.0647729936	  7.0125727187	515384.3367722548	  2.6997624490	 -0.3511792858	-3957.9879520773
  0.1006184512	  1.0157258769	685.7111509852	129032.0000000000	102564.0000000000	242424.0000000000	 64.0000000000	 80.0000000000	 34.0000000000	  0.0000000000	  0.0000000000	  0.0000000000	  0.1268001277	 12.2757483734	734919.1706303036	 -1.9381841629	 33.6483282771	927.4685387350
  0.1006445073	  1.0116444486	685.9400239812	52288.0000000000	98765.0000000000	173913.0000000000	154.0000000000	 82.0000000000	 48.0000000000	  0.0000000000	  0.0000000000	  0.0000000000	  0.0994433093	 10.8937623187	812347.4347552246	-16.1123000544	-34.4810408612	-2256.2954154722
  0.1000693253	  0.9902281540	688.1884466431	85106.0000000000	173913.0000000000	190476.0000000000	 96.0000000000	 48.0000000000	 44.0000000000	  0.0000000000	  0.0000000000	  0.0000000000	  0.0647420130	 19.1000100706	671592.7445193009	 -3.8759920305	-11.1989774778	1614.8967455524
  0.1005851953	  0.9767272221	687.6456457741	52632.0000000000	115942.0000000000	380952.0000000000	154.0000000000	 70.0000000000	 22.0000000000	  0.0000000000	  0.0000000000	  0.0000000000	  0.0563688693	 16.0913376623	1444240.0810758115	 11.9470043864	-27.8281206181	-414.0418246492
  0.0996450996	  1.0041931301	687.7646449200	142857.0000000000	103896.0000000000	170213.0000000000	 58.0000000000	 78.0000000000	 48.0000000000	  0.0000000000	  0.0000000000	  0.0000000000	  0.0892335788	 28.4915406946	1382571.0462038172	  1.2507623517	 49.8166416040	3162.5991931040
  0.1003118503	  1.0067684356	689.8321418606	126984.0000000000	173913.0000000000	210526.0000000000	 64.0000000000	 48.0000000000	 40.0000000000	  0.0000000000	  0.0000000000	  0.0000000000	  0.1113710921	 15.1027411185	825910.6741549075	  1.8412843326	-10.0991916499	1396.6775822417
  0.0991265733	  0.9625642104	687.2972964661	129032.0000000000	129032.0000000000	571429.0000000000	 64.0000000000	 64.0000000000	 16.0000000000	  0.0000000000	  0.0000000000	  0.0000000000	  0.0571650135	  7.2933341092	1394423.6760210027	 -1.2776340984	-14.2036356993	159.6960494453
  0.0989954981	  1.0023515980	684.2272857161	163265.0000000000	93023.0000000000	126984.0000000000	 50.0000000000	 88.0000000000	 64.0000000000	  0.0000000000	  0.0000000000	  0.0000000000	  0.0959166987	 18.8402030681	1005592.4144760870	 -0.9035714248	 52.0936815256	5669.2050812163
  0.0993090647	  1.0133543862	690.3627139350	106667.0000000000	123077.0000000000	137931.0000000000	 76.0000000000	 66.0000000000	 60.0000000000	  0.0000000000	  0.0000000000	  0.0000000000	  0.0629271670	 12.2451019946	1297354.4084000627	 -2.1601030025	-20.9248772847	-5268.8255869194
  0.1008481277	  0.9979330788	686.7114265916	69565.0000000000	89888.0000000000	112676.0000000000	116.0000000000	 90.0000000000	 72.0000000000	  0.0000000000	  0.0000000000	  0.0000000000	  0.0902494759	 10.1294217627	910645.3473876307	 -7.5636978491	-42.0657886914	-7078.4278228458
  0.0992962056	  0.9818101554	684.5129375913	39216.0000000000	500000.0000000000	129032.0000000000	206.0000000000	 18.0000000000	 64.0000000000	  0.0000000000	  0.0000000000	  0.0000000000	  0.0470515737	 14.4555010108	768603.3345526372	 22.6667368241	  0.7252205938	-4716.0250663088
  0.0995607024	  0.9910166906	687.5834458500	86957.0000000000	150943.0000000000	170213.0000000000	 94.0000000000	 54.0000000000	 48.0000000000	  0.0000000000	  0.0000000000	  0.0000000000	  0.0969879121	 20.5338073238	1127019.9051422973	  4.4571557682	 16.6777370547	-2912.3520265334
  0.1003202876	  1.0185269052	688.8563829127	109589.0000000000	93023.0000000000	533333.0000000000	 74.0000000000	 88.0000000000	 16.0000000000	  0.0000000000	  0.0000000000	  0.0000000000	  0.0720500177	 15.0741260480	564778.8400468371	  2.1396484780	-47.6172659339	107.2139311103
  0.1001371994	  1.0042458123	683.2540440060	81633.0000000000	98765.0000000000	145455.0000000000	100.0000000000	 82.0000000000	 56.0000000000	  0.0000000000	  0.0000000000	  0.0000000000	  0.0791093366	  6.2325263078	885613.4518517938	  4.7162438516	-25.9229950007	3714.6844916138
  0.1001224624	  0.9790199186	690.3002146311	79208.0000000000	181818.0000000000	101266.0000000000	102.0000000000	 46.0000000000	 80.0000000000	  0.0000000000	  0.0000000000	  0.0000000000	  0.1015362599	 17.5036773508	501757.9702563398	  5.7814046126	  9.7138762733	6880.9323430935
  0.1006046749	  1.0146357661	690.3489126382	119403.0000000000	177778.0000000000	145455.0000000000	 68.0000000000	 46.0000000000	 56.0000000000	  0.0000000000	  0.0000000000	  0.0000000000	  0.0982288508	 23.5281547726	1283544.0445959184	  2.0471817498	 11.4361325767	-4450.3186428969
  0.1023860399	  0.9936449902	691.0033020426	103896.0000000000	95238.0000000000	137931.0000000000	 78.0000000000	 86.0000000000	 60.0000000000	  0.0000000000	  0.0000000000	  0.0000000000	  0.0969161048	 20.7781065267	1167557.8285374672	  2.8726769787	 52.3932644025	-4991.2332500438
  0.0986000493	  0.9938531156	683.7278761578	117647.0000000000	77670.0000000000	195122.0000000000	 70.0000000000	104.0000000000	 42.0000000000	  0.0000000000	  0.0000000000	  0.0000000000	  0.0486236214	  6.2390511959	1163566.6144486871	  1.4934455963	-47.3818871571	2033.2481352784
  0.1064637992	  0.9958016714	694.9415720332	888889.0000000000	258065.0000000000	200000.0000000000	 10.0000000000	 32.0000000000	 42.0000000000	  0.0000000000	  0.0000000000	  0.0000000000	  0.1065713619	 13.0387418605	1095854.5072038979	  0.0148018308	 -3.3877803152	1896.2002697824
  0.0991693492	  0.9819295331	683.3013901416	54054.0000000000	177778.0000000000	173913.0000000000	150.0000000000	 46.0000000000	 48.0000000000	  0.0000000000	  0.0000000000	  0.0000000000	  0.1464752422	 17.9090564792	1014437.1173982423	-17.9156952719	 10.0401187801	-2504.5887359426
  0.1010881011	  0.9942149290	686.7535057522	37037.0000000000	195122.0000000000	140351.0000000000	218.0000000000	 42.0000000000	 58.0000000000	  0.0000000000	  0.0000000000	  0.0000000000	  0.0488046017	 32.2500148494	1319191.3758408434	 26.8029845021	 10.5500781992	-4919.2222653780
  0.1011151011	  1.0160018230	689.8334757701	95238.0000000000	222222.0000000000	112676.0000000000	 86.0000000000	 38.0000000000	 72.0000000000	  0.0000000000	  0.0000000000	  0.0000000000	  0.0890672827	  8.7583560244	416182.0541785304	  3.3989347247	  4.0774182626	-4777.3376370938
  0.1002639372	  0.9819512656	688.8238226220	77670.0000000000	126984.0000000000	140351.0000000000	104.0000000000	 64.0000000000	 58.0000000000	  0.0000000000	  0.0000000000	  0.0000000000	  0.0729093191	 10.8738233756	1281226.7240965615	  5.1584332427	-18.3721806948	-4805.5673909913
  0.1003714754	  0.9977220256	687.4553043012	68376.0000000000	320000.0000000000	333333.0000000000	118.0000000000	 26.0000000000	 26.0000000000	  0.0000000000	  0.0000000000	  0.0000000000	  0.0557516162	 10.7314661096	741840.3514306118	  6.1912142268	  1.7340461937	-439.2501356197
  0.0997536272	  0.9871198705	687.9620792428	54795.0000000000	153846.0000000000	200000.0000000000	148.0000000000	 54.0000000000	 42.0000000000	  0.0000000000	  0.0000000000	  0.0000000000	  0.0973822309	 22.1045951048	605396.2316989478	 14.3013475383	 16.3375460148	1354.9530587861
  0.1024281806	  1.0076221581	692.9734102656	52632.0000000000	66116.0000000000	83333.0000000000	154.0000000000	122.0000000000	 98.0000000000	  0.0000000000	  0.0000000000	  0.0000000000	  0.1078013523	 10.9433378189	444049.2614223870	 16.4343848229	 93.9086327653	10756.0376209078
  0.1005059221	  1.0039641575	685.6724095307	67797.0000000000	140351.0000000000	103896.0000000000	120.0000000000	 58.0000000000	 78.0000000000	  0.0000000000	  0.0000000000	  0.0000000000	  0.1144601606	 11.6137925552	867686.8432207861	 -9.0680282333	 15.0984953836	8532.7048838456
  0.1009460035	  0.9949094456	687.7334791233	72727.0000000000	131148.0000000000	135593.0000000000	112.0000000000	 62.0000000000	 60.0000000000	  0.0000000000	  0.0000000000	  0.0000000000	  0.1209919374	 21.7673207215	1981530.6612889105	 -7.7989230749	 23.4905383996	6703.1457048190
  0.1040202475	  1.0018717271	689.7396055155	615385.0000000000	103896.0000000000	210526.0000000000	 14.0000000000	 78.0000000000	 40.0000000000	  0.0000000000	  0.0000000000	  0.0000000000	  0.1152239467	 32.9653866774	678752.0969351901	  0.0386104603	-52.9446404613	-1319.9470976407
  0.1000535500	  0.9813780505	686.5962539072	117647.0000000000	615385.0000000000	121212.0000000000	 70.0000000000	 14.0000000000	 68.0000000000	  0.0000000000	  0.0000000000	  0.0000000000	  0.0812516855	  8.2133215740	1465181.7504657230	  1.9080239371	 -0.3055128233	7514.9058083863
  0.0984578885	  0.9960214868	679.2801115280	54795.0000000000	97561.0000000000	117647.0000000000	148.0000000000	 84.0000000000	 70.0000000000	  0.0000000000	  0.0000000000	  0.0000000000	  0.0643994429	  4.5474510435	1707075.8174368304	-11.5594677221	-22.9834738961	8853.8160193663
  0.1017446017	  0.9902788957	690.2424248170	55944.0000000000	400000.0000000000	137931.0000000000	144.0000000000	 22.0000000000	 60.0000000000	  0.0000000000	  0.0000000000	  0.0000000000	  0.0994433610	 19.7867566117	909891.7558976496	-13.6942766157	  1.4692699766	4316.5875550321
  0.0995207479	  1.0114491070	683.0617410538	59259.0000000000	103896.0000000000	216216.0000000000	136.0000000000	 78.0000000000	 38.0000000000	  0.0000000000	  0.0000000000	  0.0000000000	  0.0891362097	 29.0809627829	1525759.1118056730	 11.1748038576	 49.7821612686	-1841.1331515154
  0.0996185010	  0.9773432715	686.8071195676	57143.0000000000	347826.0000000000	131148.0000000000	142.0000000000	 24.0000000000	 62.0000000000	  0.0000000000	  0.0000000000	  0.0000000000	  0.1273903523	 33.9434047365	1545997.4000261957	 14.6277844822	 -2.5216082717	6260.2845551761
  0.1004095115	  1.0217141106	688.6049250780	44199.0000000000	86022.0000000000	296296.0000000000	182.0000000000	 94.0000000000	 28.0000000000	  0.0000000000	  0.0000000000	  0.0000000000	  0.0539181667	  9.9959435589	542979.9406613337	 18.1179388765	 47.1075456797	476.4672402262
  0.0983937234	  1.0047024251	687.5470715108	80808.0000000000	170213.0000000000	666667.0000000000	100.0000000000	 48.0000000000	 14.0000000000	  0.0000000000	  0.0000000000	  0.0000000000	  0.1256616068	 46.4412626928	979698.0439943478	 -6.1034076653	-18.1956340634	 89.8669095873
  0.0998875000	  1.0234373176	691.3178280818	160000.0000000000	97561.0000000000	133333.0000000000	 52.0000000000	 84.0000000000	 62.0000000000	  0.0000000000	  0.0000000000	  0.0000000000	  0.0479581792	  4.4225326853	1177152.9417347717	  0.6919381655	 22.3174496302	-5361.5263591843
  0.0999868749	  0.9941879013	689.8967023472	76190.0000000000	93023.0000000000	307692.0000000000	106.0000000000	 88.0000000000	 28.0000000000	  0.0000000000	  0.0000000000	  0.0000000000	  0.0974631909	 17.6254376867	1043571.7686625686	  6.2371752049	-50.2250889129	646.9069642424
  0.0987602423	  1.0025360212	686.7877209008	70175.0000000000	200000.0000000000	117647.0000000000	116.0000000000	 42.0000000000	 70.0000000000	  0.0000000000	  0.0000000000	  0.0000000000	  0.0905780383	 26.0025069196	1460263.8378837241	  7.4406045380	  9.2683364457	-8051.3486459447
  0.0999009996	  0.9950360571	688.7220817860	72727.0000000000	170213.0000000000	121212.0000000000	112.0000000000	 48.0000000000	 68.0000000000	  0.0000000000	  0.0000000000	  0.0000000000	  0.1277087919	 23.1856645431	947334.0072170392	 -8.0657407326	 12.7294420261	-6068.0981404012
  0.0965750000	  0.9884738618	688.4331781840	80000.0000000000	87912.0000000000	123077.0000000000	102.0000000000	 92.0000000000	 66.0000000000	  0.0000000000	  0.0000000000	  0.0000000000	  0.0714884167	  6.7784434481	2326591.3160872012	  4.7330277677	-36.8032097046	9060.9580159290
  0.0969401301	  1.0142182724	685.2300506413	45198.0000000000	72727.0000000000	123077.0000000000	178.0000000000	112.0000000000	 66.0000000000	  0.0000000000	  0.0000000000	  0.0000000000	  0.1077751881	  8.3270566987	1950270.0299488627	-24.0932861109	-65.1997455725	-8473.0060461535
  0.1010102525	  1.0147902895	689.4574430940	133333.0000000000	150943.0000000000	200000.0000000000	 62.0000000000	 54.0000000000	 42.0000000000	  0.0000000000	  0.0000000000	  0.0000000000	  0.0829152793	 17.4652623099	969577.0655417376	 -1.4083327700	 14.9940675376	1710.3166879399
  0.1007476007	  0.9983736489	684.9062582647	142857.0000000000	135593.0000000000	156863.0000000000	 58.0000000000	 60.0000000000	 52.0000000000	  0.0000000000	  0.0000000000	  0.0000000000	  0.0726702217	 14.0262262400	1772004.8691197254	  1.1271287116	-17.6482899533	-4423.5257839959
  0.1013652567	  0.9875898233	683.8806451937	54422.0000000000	66116.0000000000	98765.0000000000	148.0000000000	122.0000000000	 82.0000000000	  0.0000000000	  0.0000000000	  0.0000000000	  0.0557111029	  8.8759933105	325939.3751108886	 10.9300922096	-83.9802419118	-6019.8493453863
  0.1020945802	  1.0001860758	686.1512929765	131148.0000000000	108108.0000000000	131148.0000000000	 62.0000000000	 76.0000000000	 62.0000000000	  0.0000000000	  0.0000000000	  0.0000000000	  0.1269213353	 13.1972701480	515536.1298501258	 -1.8387383128	 30.5327998373	-3761.1726251768
  0.0996202030	  1.0025849134	683.0740718750	55556.0000000000	98765.0000000000	166667.0000000000	146.0000000000	 82.0000000000	 50.0000000000	  0.0000000000	  0.0000000000	  0.0000000000	  0.0919403585	 10.5916606737	908325.9180267341	 13.2914662826	 33.9047500942	2666.6108164392
  0.1005013376	  1.0150121432	688.6021360047	275862.0000000000	93023.0000000000	242424.0000000000	 30.0000000000	 88.0000000000	 34.0000000000	  0.0000000000	  0.0000000000	  0.0000000000	  0.1145628287	 19.1882592963	1063961.0372676009	 -0.2625902775	-53.6754367894	1099.9295192839
  0.1018436018	  0.9947408426	684.6934180394	181818.0000000000	94118.0000000000	105263.0000000000	 46.0000000000	 86.0000000000	 78.0000000000	  0.0000000000	  0.0000000000	  0.0000000000	  0.1007173491	 26.1800951927	1174796.9397895848	 -0.7373669737	-60.5650114269	9602.4805169592
  0.1006233506	  1.0039462817	689.5807066581	307692.0000000000	186047.0000000000	121212.0000000000	 28.0000000000	 44.0000000000	 68.0000000000	  0.0000000000	  0.0000000000	  0.0000000000	  0.0807241919	 21.3472167549	1360992.9797024096	  0.1748745460	 10.0238455639	7366.3983048126
  0.1001894752	  0.9993948201	686.4541722436	55944.0000000000	133333.0000000000	137931.0000000000	144.0000000000	 62.0000000000	 60.0000000000	  0.0000000000	  0.0000000000	  0.0000000000	  0.0747707799	 18.4562050899	1010851.9301465631	-11.7863349550	-21.0096241093	4493.8693184183
  0.1001802498	  0.9928639592	686.7270239451	77670.0000000000	235294.0000000000	235294.0000000000	104.0000000000	 36.0000000000	 36.0000000000	  0.0000000000	  0.0000000000	  0.0000000000	  0.1220044581	 18.2048027053	700448.3965829812	 -6.5779799890	 -4.9644472348	984.2986097734
  0.1001796875	  1.0041474139	689.9805251021	64000.0000000000	137931.0000000000	205128.0000000000	126.0000000000	 60.0000000000	 40.0000000000	  0.0000000000	  0.0000000000	  0.0000000000	  0.1018702138	 25.9510944063	701972.6878015595	 -9.9131016596	-23.4989871490	-1363.5961270750
  0.0993141986	  0.9915613699	681.8069102312	62992.0000000000	105263.0000000000	160000.0000000000	128.0000000000	 78.0000000000	 52.0000000000	  0.0000000000	  0.0000000000	  0.0000000000	  0.0804933185	  5.2809755070	549423.4812831349	  9.1700598815	 20.4298456071	-2283.7791820899
  0.0992529438	  0.9939171176	683.9682788399	59701.0000000000	307692.0000000000	190476.0000000000	136.0000000000	 28.0000000000	 44.0000000000	  0.0000000000	  0.0000000000	  0.0000000000	  0.0973802110	 32.2781823535	1103502.8849411160	 11.5108944547	 -3.3852797321	-2071.1390083205
  0.1006272370	  0.9776564611	684.5423224256	57554.0000000000	123077.0000000000	133333.0000000000	140.0000000000	 66.0000000000	 62.0000000000	  0.0000000000	  0.0000000000	  0.0000000000	  0.0889870436	 25.7919089358	1056195.2222772730	-12.0974448116	 30.6072119414	5170.8506397667
  0.1002206145	  1.0039125841	684.9665189382	50314.0000000000	72727.0000000000	320000.0000000000	160.0000000000	112.0000000000	 26.0000000000	  0.0000000000	  0.0000000000	  0.0000000000	  0.1322186401	 14.5726487211	2318001.4280248620	-20.6082323928	 85.7887206218	-868.6276127352
  0.1016243516	  1.0248032228	685.4796275596	190476.0000000000	114286.0000000000	177778.0000000000	 44.0000000000	 72.0000000000	 46.0000000000	  0.0000000000	  0.0000000000	  0.0000000000	  0.0835577952	  6.3641234015	926985.0716835732	 -0.5793375477	 18.2928977168	2367.8716421206
  0.0997965998	  1.0114571436	689.4902836083	111111.0000000000	87912.0000000000	131148.0000000000	 74.0000000000	 92.0000000000	 62.0000000000	  0.0000000000	  0.0000000000	  0.0000000000	  0.1046324348	 42.5780784733	670072.8092884404	 -2.5522328165	-90.5882651486	-4222.9167766657
  0.1002845648	  0.9964762370	687.7500648323	50955.0000000000	137931.0000000000	140351.0000000000	158.0000000000	 60.0000000000	 58.0000000000	  0.0000000000	  0.0000000000	  0.0000000000	  0.0861582289	 22.0144093247	1348939.9333081250	 16.1484934008	-21.6787630915	4960.6810650596
  0.1009557945	  0.9870980039	687.5769268814	49383.0000000000	137931.0000000000	163265.0000000000	164.0000000000	 60.0000000000	 50.0000000000	  0.0000000000	  0.0000000000	  0.0000000000	  0.0652083600	 11.1820228508	723103.8408363785	 15.1130448406	-14.8530115676	-2567.5380087069
  0.0987660586	  1.0247230959	684.4755611007	68966.0000000000	97561.0000000000	150943.0000000000	118.0000000000	 84.0000000000	 54.0000000000	  0.0000000000	  0.0000000000	  0.0000000000	  0.0800821120	 20.4193293119	1856178.1911824383	  7.2537353768	-48.1787546958	4937.2123548277
  0.1023080794	  0.9917190392	688.0875894273	131148.0000000000	160000.0000000000	285714.0000000000	 62.0000000000	 52.0000000000	 30.0000000000	  0.0000000000	  0.0000000000	  0.0000000000	  0.1424989807	 32.9254706758	1948346.6846519771	  1.9144991451	 17.7613605107	1033.2050080089
  0.0989618490	  1.0127802354	689.2935049250	74074.0000000000	250000.0000000000	500000.0000000000	110.0000000000	 34.0000000000	 18.0000000000	  0.0000000000	  0.0000000000	  0.0000000000	  0.1148845367	 21.6338114901	1465969.4792792841	 -7.3262816811	 -4.8031961854	-228.7319151988
  0.1009559405	  0.9980415541	690.2905081754	69565.0000000000	102564.0000000000	125000.0000000000	116.0000000000	 80.0000000000	 66.0000000000	  0.0000000000	  0.0000000000	  0.0000000000	  0.0569552696	  5.0536209742	1627364.3238475658	  6.0412988089	-21.6278426169	7505.5968185206
  0.1003912119	  1.0049518844	687.2670213617	67227.0000000000	173913.0000000000	135593.0000000000	120.0000000000	 48.0000000000	 60.0000000000	  0.0000000000	  0.0000000000	  0.0000000000	  0.0827235833	 24.1060165775	2366065.1900108978	 -7.9133846784	-12.5643797950	7273.5176689338
  0.1012602263	  1.0018744315	689.9280369283	296296.0000000000	156863.0000000000	186047.0000000000	 28.0000000000	 52.0000000000	 44.0000000000	  0.0000000000	  0.0000000000	  0.0000000000	  0.0834675604	 11.3735381231	889012.2061918199	 -0.1968711238	-10.9260807975	-2058.3031487430
  0.1033674219	  0.9910294455	687.2738350831	70796.0000000000	228571.0000000000	200000.0000000000	114.0000000000	 36.0000000000	 42.0000000000	  0.0000000000	  0.0000000000	  0.0000000000	  0.1125763643	 11.3499164936	1062613.3201436864	  7.9918267685	  4.1969318341	1860.5843619274
  0.0992656489	  0.9914473972	691.4333900160	105263.0000000000	105263.0000000000	126984.0000000000	 78.0000000000	 78.0000000000	 64.0000000000	  0.0000000000	  0.0000000000	  0.0000000000	  0.0952600667	 16.1127539287	1010484.8730240603	 -2.7539660712	-35.8383408487	-5626.6800921061
  0.0992166617	  0.9940032398	688.9814001531	80808.0000000000	142857.0000000000	93023.0000000000	100.0000000000	 58.0000000000	 88.0000000000	  0.0000000000	  0.0000000000	  0.0000000000	  0.0767742379	  8.6359337046	983846.2186719872	 -4.7272170818	 11.9897967480	-11931.3386980645
  0.1032918322	  0.9987804757	686.3346593048	67227.0000000000	60606.0000000000	205128.0000000000	120.0000000000	134.0000000000	 40.0000000000	  0.0000000000	  0.0000000000	  0.0000000000	  0.0645290690	  3.3253023776	1369470.7737517115	 -7.0047623003	-64.2252362578	-1936.2591638488
  0.1010588511	  0.9854903220	686.3798715785	153846.0000000000	242424.0000000000	125000.0000000000	 54.0000000000	 34.0000000000	 66.0000000000	  0.0000000000	  0.0000000000	  0.0000000000	  0.1116789896	 26.7821755656	874701.9716533886	 -1.1797604882	 -5.6052051350	5351.5175742071
  0.0971925401	  1.0016386959	684.8121958985	65041.0000000000	222222.0000000000	727273.0000000000	124.0000000000	 38.0000000000	 12.0000000000	  0.0000000000	  0.0000000000	  0.0000000000	  0.1045141711	 13.7327589888	1329510.8157202785	 -9.6086970234	 -5.2402985148	 80.4812001631
  0.1008525820	  1.0002368216	681.2145685734	59701.0000000000	87912.0000000000	163265.0000000000	136.0000000000	 92.0000000000	 50.0000000000	  0.0000000000	  0.0000000000	  0.0000000000	  0.1151632828	 27.4653119156	906653.7831046950	 12.4284222135	 73.5567332530	-2830.7953397897
  0.1003806274	  1.0186636281	692.0477359411	76190.0000000000	105263.0000000000	166667.0000000000	106.0000000000	 78.0000000000	 50.0000000000	  0.0000000000	  0.0000000000	  0.0000000000	  0.0876988164	  7.8655465784	1074061.8518306266	 -5.8979457126	-25.1379341250	-2928.4419145320
  0.0990760023	  0.9817907456	687.3458823829	57143.0000000000	85106.0000000000	145455.0000000000	142.0000000000	 96.0000000000	 56.0000000000	  0.0000000000	  0.0000000000	  0.0000000000	  0.1084669367	 17.2686113281	460584.3435222325	-13.4352477431	-62.4503798236	-2681.2484355662
  0.0973764157	  1.0273626407	687.9108414622	71429.0000000000	195122.0000000000	160000.0000000000	114.0000000000	 42.0000000000	 52.0000000000	  0.0000000000	  0.0000000000	  0.0000000000	  0.1256484291	 24.0690455516	1016631.7785915482	 -8.2543087144	 -9.4390657605	3117.3881393965
  0.0975535061	  0.9853928107	685.6807430415	57143.0000000000	94118.0000000000	123077.0000000000	142.0000000000	 86.0000000000	 66.0000000000	  0.0000000000	  0.0000000000	  0.0000000000	  0.0924113829	  6.3619011383	206516.6371141073	 12.5355023237	 29.9760899029	-2689.2973717929
  0.0991484375	  1.0133632376	686.0188440978	64000.0000000000	90909.0000000000	222222.0000000000	126.0000000000	 90.0000000000	 38.0000000000	  0.0000000000	  0.0000000000	  0.0000000000	  0.0983660053	 12.8538678480	1088882.7269300243	  9.6017484826	 45.4065809622	1419.3264691992
  0.0985504312	  0.9901739216	683.6228579285	59259.0000000000	121212.0000000000	421053.0000000000	136.0000000000	 68.0000000000	 20.0000000000	  0.0000000000	  0.0000000000	  0.0000000000	  0.0971003879	 15.7395507950	855679.5217851044	-11.6570369949	-24.6811748047	257.6005439152
  0.1006601040	  0.9964231878	684.4062581791	43478.0000000000	87912.0000000000	190476.0000000000	186.0000000000	 92.0000000000	 44.0000000000	  0.0000000000	  0.0000000000	  0.0000000000	  0.0745784843	 34.5670014219	1069321.0564949452	 22.1111316088	 82.3446471741	2138.6608943935
  0.1007276942	  0.9935781184	686.8426995852	52632.0000000000	82474.0000000000	133333.0000000000	154.0000000000	 98.0000000000	 62.0000000000	  0.0000000000	  0.0000000000	  0.0000000000	  0.0960504823	  4.7507977066	518592.7347288650	-15.6045667542	-35.8370488087	3563.8154566455
  0.1015615039	  1.0013496786	692.1072272741	133333.0000000000	82474.0000000000	103896.0000000000	 62.0000000000	 98.0000000000	 78.0000000000	  0.0000000000	  0.0000000000	  0.0000000000	  0.0743321382	  5.0490729421	603553.8573454660	  1.3574514884	 36.3824520247	-7167.4131476169
  0.0989179294	  0.9920087354	691.3530400972	55172.0000000000	190476.0000000000	156863.0000000000	146.0000000000	 44.0000000000	 52.0000000000	  0.0000000000	  0.0000000000	  0.0000000000	  0.0717094540	 18.9238646304	1188587.0653769646	 11.8998584878	  9.0513670626	3529.6227577861
  0.0982455958	  0.9945509260	687.6180307738	96386.0000000000	153846.0000000000	166667.0000000000	 84.0000000000	 54.0000000000	 50.0000000000	  0.0000000000	  0.0000000000	  0.0000000000	  0.0973365962	 14.2279043982	1014133.5678172221	 -3.4508413775	 12.8401227533	-2889.3537207389
  0.0988535145	  0.9805752545	684.7439918378	101266.0000000000	96386.0000000000	126984.0000000000	 80.0000000000	 84.0000000000	 64.0000000000	  0.0000000000	  0.0000000000	  0.0000000000	  0.0647293105	  8.6970277890	958307.1616249202	 -2.4598013823	-32.4270381838	5471.3037484207
  0.0977997228	  1.0270062439	687.4378096572	51948.0000000000	77670.0000000000	347826.0000000000	156.0000000000	104.0000000000	 24.0000000000	  0.0000000000	  0.0000000000	  0.0000000000	  0.0910854800	 14.0203012148	830063.3784251499	 15.7461104769	 70.7219715492	-407.0066320397
  0.0983225965	  0.9914733480	685.4030798278	65041.0000000000	106667.0000000000	125000.0000000000	124.0000000000	 76.0000000000	 66.0000000000	  0.0000000000	  0.0000000000	  0.0000000000	  0.0389316642	  8.2486436303	631624.5884950270	  5.8664691485	 25.0340666799	4647.4104509042
  0.1003118503	  1.0048949811	689.6439156098	60606.0000000000	101266.0000000000	131148.0000000000	134.0000000000	 80.0000000000	 62.0000000000	  0.0000000000	  0.0000000000	  0.0000000000	  0.0808671370	 12.3539124306	1534555.6480536801	 10.0826993920	-34.9699557973	-6454.4821310920
  0.1015785158	  1.0064893585	686.2405223209	48780.0000000000	108108.0000000000	380952.0000000000	166.0000000000	 76.0000000000	 22.0000000000	  0.0000000000	  0.0000000000	  0.0000000000	  0.1117749407	 34.1517842318	1198389.6114489038	 20.5084195275	-48.3729616758	-413.1119870303
  0.0995182452	  0.9749822686	683.4921568993	48780.0000000000	103896.0000000000	133333.0000000000	166.0000000000	 78.0000000000	 62.0000000000	  0.0000000000	  0.0000000000	  0.0000000000	  0.1030425322	 32.8857911316	955094.0863292009	 19.4083865751	 53.1827038529	4889.3099402260
  0.0993714984	  0.9919044722	687.8502400963	133333.0000000000	275862.0000000000	163265.0000000000	 62.0000000000	 30.0000000000	 50.0000000000	  0.0000000000	  0.0000000000	  0.0000000000	  0.0570058535	 13.5931916059	1909016.5976676927	 -1.1803101598	  3.0221736380	4044.1437833510
  0.1003256003	  0.9878427186	690.9425163368	54054.0000000000	117647.0000000000	126984.0000000000	150.0000000000	 70.0000000000	 64.0000000000	  0.0000000000	  0.0000000000	  0.0000000000	  0.0623527563	 12.8038548058	817540.8764163334	 11.7144718370	 23.7370690086	-5039.9671444044
  0.1005600035	  1.0004259548	685.7926675292	45714.0000000000	85106.0000000000	363636.0000000000	176.0000000000	 96.0000000000	 24.0000000000	  0.0000000000	  0.0000000000	  0.0000000000	  0.0566440462	 17.9650894064	1923626.9501694068	 17.0436751305	 64.5640215790	-535.6917385456
  0.1007181632	  0.9940316771	687.1902500356	242424.0000000000	106667.0000000000	363636.0000000000	 34.0000000000	 76.0000000000	 24.0000000000	  0.0000000000	  0.0000000000	  0.0000000000	  0.1059222971	 14.9612880434	1069274.5798469940	 -0.3629639008	-33.3394927798	410.4175951709
  0.0998959750	  1.0028984234	686.2884016234	109589.0000000000	228571.0000000000	222222.0000000000	 74.0000000000	 36.0000000000	 38.0000000000	  0.0000000000	  0.0000000000	  0.0000000000	  0.0857424176	  8.6765910954	951667.3914995561	  2.3691500900	  3.6554799875	1375.2322696372
  0.1019317803	  1.0240054611	685.5292575568	93023.0000000000	87912.0000000000	173913.0000000000	 88.0000000000	 92.0000000000	 48.0000000000	  0.0000000000	  0.0000000000	  0.0000000000	  0.1071411598	 22.5697878551	930651.1320099871	 -4.0232022946	-65.7726989652	-2438.3484282797
  0.0999253874	  1.0002397431	693.1986143500	62992.0000000000	135593.0000000000	181818.0000000000	128.0000000000	 60.0000000000	 46.0000000000	  0.0000000000	  0.0000000000	  0.0000000000	  0.1027173262	 18.1197657119	2061641.9605534305	 10.3081528338	 20.0186773763	-3265.5624417486
  0.0989187500	  1.0012050977	686.4185576372	80000.0000000000	135593.0000000000	148148.0000000000	102.0000000000	 60.0000000000	 56.0000000000	  0.0000000000	  0.0000000000	  0.0000000000	  0.0915137185	 30.0193091421	1434298.7718741153	  5.3921988991	-25.4402549799	-4544.7182354175
  0.0993503084	  1.0214994948	684.6887250836	76190.0000000000	80808.0000000000	121212.0000000000	106.0000000000	100.0000000000	 68.0000000000	  0.0000000000	  0.0000000000	  0.0000000000	  0.0713664223	  7.7637486723	450695.5249530601	 -5.2720936329	-47.5001255524	-4263.2888995563
  0.1008547116	  1.0144291142	686.3166236706	79208.0000000000	101266.0000000000	148148.0000000000	102.0000000000	 80.0000000000	 56.0000000000	  0.0000000000	  0.0000000000	  0.0000000000	  0.1063588922	 18.4669678867	645542.3750631894	  5.8722282845	-42.2021895566	3110.2320011045
  0.1010764003	  1.0038599401	685.3467620367	57971.0000000000	266667.0000000000	421053.0000000000	140.0000000000	 32.0000000000	 20.0000000000	  0.0000000000	  0.0000000000	  0.0000000000	  0.1119243971	 23.9667768455	1132611.5753795300	-13.1260062424	 -4.2814870574	307.9324127617
  0.1000341000	  1.0255917943	683.5266873702	90909.0000000000	123077.0000000000	190476.0000000000	 90.0000000000	 66.0000000000	 44.0000000000	  0.0000000000	  0.0000000000	  0.0000000000	  0.0725670811	 29.4014195049	1899012.6842883164	  3.4318350453	-32.2568458029	-2865.9171165081
  0.1012432784	  0.9815362076	680.8517521248	58394.0000000000	86957.0000000000	131148.0000000000	138.0000000000	 94.0000000000	 62.0000000000	  0.0000000000	  0.0000000000	  0.0000000000	  0.0963736768	 14.4537950270	817440.6552843478	-12.1497174415	 55.0660996586	-4713.9797453961
  0.0970839418	  1.0038789299	687.1259260947	67797.0000000000	150943.0000000000	137931.0000000000	120.0000000000	 54.0000000000	 60.0000000000	  0.0000000000	  0.0000000000	  0.0000000000	  0.1282096273	  7.9001160113	1484370.4389099739	 -9.5024261404	-10.3528252927	5622.7991499681
