  0.1000115000	  0.9869496996	684.3630582506	130435.0000000000	72289.0000000000	120000.0000000000	 48.0000000000	 84.0000000000	 52.0000000000	  0.0000000000	  0.0000000000	  0.0000000000	  0.0825931954	 11.8225004084	1161014.4586101098	 -0.8528138795	-43.5646325178	-3912.5886644206
  0.1011361705	  1.0017042591	685.3781064002	35294.0000000000	57143.0000000000	166667.0000000000	172.0000000000	106.0000000000	 38.0000000000	  0.0000000000	  0.0000000000	  0.0000000000	  0.0376902407	  4.9004853311	1206384.2734810258	 14.8263346827	 50.7064971172	1726.0448913851
  0.1003343344	  1.0091036557	689.6230498544	88235.0000000000	40816.0000000000	171429.0000000000	 70.0000000000	148.0000000000	 36.0000000000	  0.0000000000	  0.0000000000	  0.0000000000	  0.0901858438	  3.1041709275	1196165.9984815454	  2.3438495245	 94.6438027537	1614.9292839109
  0.1003374320	  0.9968310003	687.4366382547	56604.0000000000	92308.0000000000	139535.0000000000	108.0000000000	 66.0000000000	 44.0000000000	  0.0000000000	  0.0000000000	  0.0000000000	  0.0823065390	 13.0943881327	780325.0380986495	 -6.7408641757	 25.4122594311	2124.2669848429
  0.1009321698	  0.9860486489	684.1525755585	50420.0000000000	500000.0000000000	101695.0000000000	120.0000000000	 14.0000000000	 60.0000000000	  0.0000000000	  0.0000000000	  0.0000000000	  0.0923741131	 17.2555685255	898809.0367614465	  9.5472352290	  0.4630453765	-5176.3547751581
  0.1000100000	  0.9958879979	687.6146459856	50000.0000000000	92308.0000000000	130435.0000000000	122.0000000000	 66.0000000000	 48.0000000000	  0.0000000000	  0.0000000000	  0.0000000000	  0.1294839144	 38.9562742004	1578716.2939409357	-11.5697005275	 42.6493172848	3715.1184381823
  0.0989000000	  0.9964254585	688.6944262402	75000.0000000000	85714.0000000000	107143.0000000000	 82.0000000000	 72.0000000000	 58.0000000000	  0.0000000000	  0.0000000000	  0.0000000000	  0.1067133882	 13.6689301916	1342640.3188777459	 -3.8129104323	 30.9844761248	5549.2763883762
  0.0973065928	  0.9977623347	683.9059176109	44776.0000000000	86957.0000000000	193548.0000000000	136.0000000000	 70.0000000000	 32.0000000000	  0.0000000000	  0.0000000000	  0.0000000000	  0.0793491237	 15.7231959442	620431.0167813904	 11.8997745714	-31.4834393993	883.9507793934
  0.0997579688	  0.9757627368	686.5841855985	43796.0000000000	109091.0000000000	461538.0000000000	138.0000000000	 56.0000000000	 14.0000000000	  0.0000000000	  0.0000000000	  0.0000000000	  0.1038596632	 21.4341671395	855431.5269710346	 14.4423236311	 21.6308446779	124.2368228295
  0.0991199927	  0.9797688289	678.1855792221	54545.0000000000	142857.0000000000	100000.0000000000	112.0000000000	 44.0000000000	 62.0000000000	  0.0000000000	  0.0000000000	  0.0000000000	  0.0842350004	 14.7199808053	677682.5528163123	  7.5477190286	  9.0425657888	4762.6167867836
  0.0998750000	  0.9851273329	690.2908093916	48000.0000000000	80000.0000000000	146341.0000000000	126.0000000000	 76.0000000000	 42.0000000000	  0.0000000000	  0.0000000000	  0.0000000000	  0.0557685140	  7.0123793390	2592191.0830089627	  8.4085300519	-26.5157965079	-3431.9724032262
  0.1021549597	  0.9972405513	686.7126687036	42553.0000000000	95238.0000000000	153846.0000000000	142.0000000000	 64.0000000000	 40.0000000000	  0.0000000000	  0.0000000000	  0.0000000000	  0.0967598176	 19.6144100194	1015472.4601250504	-14.9069806285	-28.0131180334	-1978.0669558934
  0.1005718314	  0.9961048181	687.0783752864	63830.0000000000	95238.0000000000	315789.0000000000	 96.0000000000	 64.0000000000	 20.0000000000	  0.0000000000	  0.0000000000	  0.0000000000	  0.0892141864	 38.6626316660	1342468.8835627879	 -5.2445573434	-40.2955420809	-370.0891805880
  0.0993620005	  0.9876693907	691.7198074722	109091.0000000000	125000.0000000000	92308.0000000000	 56.0000000000	 50.0000000000	 66.0000000000	  0.0000000000	  0.0000000000	  0.0000000000	  0.1163942353	 25.6065612261	1140550.3227839451	 -1.5400705983	-16.7518750342	-7284.9360843709
  0.1010521011	  0.9595188080	686.1010091454	111111.0000000000	83333.0000000000	111111.0000000000	 56.0000000000	 74.0000000000	 56.0000000000	  0.0000000000	  0.0000000000	  0.0000000000	  0.0977946487	 17.4932161052	1014277.9103915116	  1.3374318472	 37.5454311159	-4501.9477705212
  0.1018070958	  0.9950165355	686.0418922518	176471.0000000000	74074.0000000000	107143.0000000000	 36.0000000000	 82.0000000000	 58.0000000000	  0.0000000000	  0.0000000000	  0.0000000000	  0.1126571400	 10.3801817936	841403.9302238047	 -0.4705677311	-38.2924962732	-4466.6454111213
  0.1033351489	  1.0189224986	683.6611764748	78947.0000000000	75949.0000000000	113208.0000000000	 78.0000000000	 80.0000000000	 54.0000000000	  0.0000000000	  0.0000000000	  0.0000000000	  0.1041945588	 13.3159695007	1977878.9988755286	 -3.2930171337	-41.4437129382	-5996.5515707128
  0.1029890199	  0.9859911465	689.2199256490	49180.0000000000	75949.0000000000	109091.0000000000	124.0000000000	 80.0000000000	 56.0000000000	  0.0000000000	  0.0000000000	  0.0000000000	  0.1216101348	 15.2177741340	961906.4391468432	-11.6369747311	-44.7244409784	-4428.6732182224
  0.1009437524	  1.0075845463	683.9974856398	39735.0000000000	60000.0000000000	98361.0000000000	152.0000000000	102.0000000000	 62.0000000000	  0.0000000000	  0.0000000000	  0.0000000000	  0.0661887624	  5.5659157158	580056.1978755562	 14.7127441537	 47.9042445839	-4588.6036028625
  0.1000151999	  0.9793911435	689.1852765315	52632.0000000000	77922.0000000000	92308.0000000000	116.0000000000	 78.0000000000	 66.0000000000	  0.0000000000	  0.0000000000	  0.0000000000	  0.0396080855	  1.4003614341	1457303.6765842624	  5.6100088837	-12.5817946480	-8355.2796408659
  0.0985636511	  1.0047073753	689.0769373254	43165.0000000000	71429.0000000000	171429.0000000000	140.0000000000	 86.0000000000	 36.0000000000	  0.0000000000	  0.0000000000	  0.0000000000	  0.0637914136	  9.7389638870	1250162.1668710602	 11.6958792117	 41.2619931585	-1622.0360272520
  0.0994880000	  1.0058648145	685.2762477237	125000.0000000000	136364.0000000000	127660.0000000000	 50.0000000000	 46.0000000000	 48.0000000000	  0.0000000000	  0.0000000000	  0.0000000000	  0.1079879279	 20.9519001895	1710241.2917160525	 -1.0880406208	 11.9787155230	3988.1921586863
  0.1099000000	  0.9887824969	682.7507136807	1000000.0000000000	67416.0000000000	125000.0000000000	  8.0000000000	 90.0000000000	 50.0000000000	  0.0000000000	  0.0000000000	  0.0000000000	  0.1009879796	  8.0984481541	428880.0025635665	 -0.0065788683	 42.9921618455	-2187.1847138950
  0.1016183903	  0.9984705301	683.4672502377	71429.0000000000	115385.0000000000	162162.0000000000	 86.0000000000	 54.0000000000	 38.0000000000	  0.0000000000	  0.0000000000	  0.0000000000	  0.0751762528	  4.7809901774	1476788.3258805769	 -3.6220214813	 -8.5365804235	2086.9487067260
  0.1029256176	  1.0094287678	684.5426462215	65217.0000000000	125000.0000000000	162162.0000000000	 94.0000000000	 50.0000000000	 38.0000000000	  0.0000000000	  0.0000000000	  0.0000000000	  0.1060795438	 34.0337687538	724055.8612126821	  5.4608599873	-19.2528469712	1459.7150821111
  0.1029841080	  1.0073905043	683.9616507701	103448.0000000000	93750.0000000000	127660.0000000000	 60.0000000000	 66.0000000000	 48.0000000000	  0.0000000000	  0.0000000000	  0.0000000000	  0.1006504077	 24.1898784225	1197417.2473726512	 -1.6334597432	 33.1710616699	3452.9873021462
  0.1003154005	  1.0071714677	686.6586035684	105263.0000000000	71429.0000000000	98361.0000000000	 58.0000000000	 86.0000000000	 62.0000000000	  0.0000000000	  0.0000000000	  0.0000000000	  0.1028541102	 18.5090038680	799252.2371266923	  1.6322857846	-57.4384338293	-5254.6486611310
  0.1009471009	  0.9948125969	688.1521694405	47619.0000000000	130435.0000000000	240000.0000000000	128.0000000000	 48.0000000000	 26.0000000000	  0.0000000000	  0.0000000000	  0.0000000000	  0.0386216143	  2.8418180770	969917.5810329549	  7.1723142314	 -4.9668988077	-615.4674994786
  0.0995898340	  1.0038825339	685.9399314131	52174.0000000000	86957.0000000000	120000.0000000000	116.0000000000	 70.0000000000	 52.0000000000	  0.0000000000	  0.0000000000	  0.0000000000	  0.0795099382	 13.8257284956	1599152.1873637894	 -8.2095405875	 30.2218957478	-4671.5866687038
  0.1011781906	  0.9888279478	681.4778115580	46512.0000000000	146341.0000000000	181818.0000000000	130.0000000000	 42.0000000000	 34.0000000000	  0.0000000000	  0.0000000000	  0.0000000000	  0.0655060585	  7.4793943898	834025.6928043035	  9.8182131047	 -5.9756637037	1139.9146092591
  0.1004843971	  0.9992838539	682.6888354421	71429.0000000000	63830.0000000000	130435.0000000000	 86.0000000000	 96.0000000000	 48.0000000000	  0.0000000000	  0.0000000000	  0.0000000000	  0.1144301289	 15.0067078413	1055892.1776354001	 -4.4123639321	 68.3623933570	-2993.4949876033
  0.0997024990	  0.9803216802	685.3098362780	50420.0000000000	153846.0000000000	153846.0000000000	120.0000000000	 40.0000000000	 40.0000000000	  0.0000000000	  0.0000000000	  0.0000000000	  0.1380324273	 22.0867122555	743780.9500311438	-11.6381269942	 -8.8761174733	-1679.7574300053
  0.0992291667	  1.0029388677	688.5964101139	120000.0000000000	88235.0000000000	77922.0000000000	 52.0000000000	 70.0000000000	 78.0000000000	  0.0000000000	  0.0000000000	  0.0000000000	  0.1346328299	 26.4572290611	820528.9645450388	  1.3441641194	 40.7204008594	9531.3303876042
  0.0991512644	  0.9934399793	683.0289289534	51724.0000000000	54545.0000000000	96774.0000000000	118.0000000000	112.0000000000	 64.0000000000	  0.0000000000	  0.0000000000	  0.0000000000	  0.0482156944	  8.0946723360	990610.1335863033	 -6.4854187147	-74.3452931646	6270.1000049429
  0.1016406639	  1.0056331517	691.0419091596	130435.0000000000	230769.0000000000	101695.0000000000	 48.0000000000	 28.0000000000	 60.0000000000	  0.0000000000	  0.0000000000	  0.0000000000	  0.1354760278	 35.1342146486	891641.1386007468	  1.0836766531	  4.0011165081	-5182.4856867407
  0.0989733333	  0.9959941211	688.5535453052	37500.0000000000	230769.0000000000	142857.0000000000	162.0000000000	 28.0000000000	 44.0000000000	  0.0000000000	  0.0000000000	  0.0000000000	  0.0808756988	 23.8912911749	790447.1731387371	-18.7005106961	 -3.3537740517	2024.6084588651
  0.1013816014	  0.9853280688	693.4363762406	272727.0000000000	84507.0000000000	127660.0000000000	 24.0000000000	 72.0000000000	 48.0000000000	  0.0000000000	  0.0000000000	  0.0000000000	  0.1078821936	 13.9606178965	431365.8653513539	  0.1602155932	 32.9380781128	-2055.8352078015
  0.1012430802	  1.0093296395	688.7845970373	171429.0000000000	70588.0000000000	428571.0000000000	 36.0000000000	 86.0000000000	 16.0000000000	  0.0000000000	  0.0000000000	  0.0000000000	  0.0736895390	  2.9512821815	1352718.5014663683	 -0.4066116328	-23.3203065096	161.4587559804
  0.1005743506	  0.9892841714	685.5932583899	95238.0000000000	200000.0000000000	206897.0000000000	 64.0000000000	 32.0000000000	 30.0000000000	  0.0000000000	  0.0000000000	  0.0000000000	  0.0899772064	 24.8355200035	1376307.4997662380	 -1.9449697912	 -4.8422507911	1109.2484440555
  0.0993135993	  0.9756899641	689.3474520357	76923.0000000000	85714.0000000000	82192.0000000000	 80.0000000000	 72.0000000000	 74.0000000000	  0.0000000000	  0.0000000000	  0.0000000000	  0.0879169790	 26.5334080987	673941.6195282894	  3.2073660545	-43.8147053671	-7713.1226842719
  0.1027846028	  0.9874418735	686.3578201227	65934.0000000000	63158.0000000000	260870.0000000000	 92.0000000000	 96.0000000000	 24.0000000000	  0.0000000000	  0.0000000000	  0.0000000000	  0.0965888853	 10.3453703254	736390.7472905921	 -4.9814740930	-57.3111025696	423.0147203893
  0.0985227652	  1.0061979537	688.0877526787	65934.0000000000	113208.0000000000	98361.0000000000	 92.0000000000	 54.0000000000	 62.0000000000	  0.0000000000	  0.0000000000	  0.0000000000	  0.1073650472	 23.7064141707	599968.8548886843	 -5.3335525416	-20.2556588195	4655.7383265654
  0.0996486655	  1.0156746454	684.7561950851	70588.0000000000	82192.0000000000	88235.0000000000	 86.0000000000	 74.0000000000	 70.0000000000	  0.0000000000	  0.0000000000	  0.0000000000	  0.0722106473	  9.8383626062	996229.4924293470	 -3.6247027598	 28.9905505877	7818.9757299275
  0.1014695422	  0.9831611579	687.4802086322	61856.0000000000	75949.0000000000	72289.0000000000	 98.0000000000	 80.0000000000	 84.0000000000	  0.0000000000	  0.0000000000	  0.0000000000	  0.0910512798	 31.3838369124	709695.1728361965	  5.6543254769	-64.1621169297	-10667.2032712489
  0.0989690722	  1.0018195791	691.9388892199	43165.0000000000	98361.0000000000	86957.0000000000	140.0000000000	 62.0000000000	 70.0000000000	  0.0000000000	  0.0000000000	  0.0000000000	  0.0967848728	 17.0905025737	800920.2984376582	 14.3550643536	-24.8667590466	-7149.5526108219
  0.0998849825	  1.0000231250	682.7790435455	58252.0000000000	111111.0000000000	98361.0000000000	104.0000000000	 56.0000000000	 62.0000000000	  0.0000000000	  0.0000000000	  0.0000000000	  0.1084297383	 53.7093355216	1286957.8860248988	  7.1775209554	-31.6150631777	-6846.9602600990
  0.0994687988	  0.9926178696	685.5071926481	72289.0000000000	285714.0000000000	88235.0000000000	 84.0000000000	 22.0000000000	 70.0000000000	  0.0000000000	  0.0000000000	  0.0000000000	  0.0720671801	 12.7135707767	970605.2305847144	  3.4565040781	 -1.5260175368	-7783.0619505902
  0.0987385627	  1.0035244410	693.7857846415	146341.0000000000	109091.0000000000	200000.0000000000	 42.0000000000	 56.0000000000	 32.0000000000	  0.0000000000	  0.0000000000	  0.0000000000	  0.0543079104	 12.7863107554	3013618.0901092794	 -0.5097755305	-16.4875340611	-1814.6371759823
  0.0981552617	  0.9927224033	687.4095721613	44776.0000000000	103448.0000000000	122449.0000000000	136.0000000000	 60.0000000000	 50.0000000000	  0.0000000000	  0.0000000000	  0.0000000000	  0.0708281817	 10.8185493514	1807971.9753747166	 11.2044606884	-17.1973659537	4590.3083112665
  0.1002111674	  0.9780058182	688.0796521972	85714.0000000000	90909.0000000000	92308.0000000000	 72.0000000000	 68.0000000000	 66.0000000000	  0.0000000000	  0.0000000000	  0.0000000000	  0.0970458323	 27.5626522624	2304237.8375193835	  2.6516094906	-37.8962251385	-10538.4666750060
  0.1019419887	  0.9937633709	687.9252674944	40268.0000000000	150000.0000000000	101695.0000000000	150.0000000000	 42.0000000000	 60.0000000000	  0.0000000000	  0.0000000000	  0.0000000000	  0.0587519820	  8.9554839064	611258.5242631617	 13.4152205448	  6.0810759339	4335.0517443433
  0.0994272988	  1.0053016082	689.8066791368	72289.0000000000	60000.0000000000	133333.0000000000	 84.0000000000	102.0000000000	 46.0000000000	  0.0000000000	  0.0000000000	  0.0000000000	  0.0641835222	 12.0348713919	894947.5505193828	 -3.2060057648	-70.5839216636	2694.1676224922
  0.0985902113	  0.9912348459	683.2405360437	52632.0000000000	157895.0000000000	315789.0000000000	116.0000000000	 40.0000000000	 20.0000000000	  0.0000000000	  0.0000000000	  0.0000000000	  0.1176148251	 40.6819002908	1256962.7496406420	  9.7813214787	-11.6988267112	-346.7646725062
  0.0983600000	  1.0002231008	687.7880581563	37500.0000000000	68182.0000000000	122449.0000000000	162.0000000000	 90.0000000000	 50.0000000000	  0.0000000000	  0.0000000000	  0.0000000000	  0.0717510218	 12.9640379542	1515958.6974761018	 17.6438684115	-52.7007031522	-4214.8073286737
  0.0989977517	  1.0040855835	690.7410021320	63158.0000000000	82192.0000000000	117647.0000000000	 96.0000000000	 74.0000000000	 52.0000000000	  0.0000000000	  0.0000000000	  0.0000000000	  0.1370804689	 69.3581759086	2376791.3411761750	 -6.6185204035	-78.2225277523	5882.1264246279
  0.0999023499	  0.9885549962	685.9889115574	95238.0000000000	75949.0000000000	120000.0000000000	 64.0000000000	 80.0000000000	 52.0000000000	  0.0000000000	  0.0000000000	  0.0000000000	  0.1125109547	 23.9254380273	807024.3621697817	 -2.1726730331	 54.6473934887	-3178.4358886428
  0.1018965371	  0.9875796893	679.0675703538	47244.0000000000	122449.0000000000	93750.0000000000	128.0000000000	 50.0000000000	 66.0000000000	  0.0000000000	  0.0000000000	  0.0000000000	  0.0913694829	 31.7608782817	744748.9229620623	 11.1139593122	 19.6749548775	-5673.6136208425
  0.1011724157	  1.0116122776	685.5339465583	109091.0000000000	93750.0000000000	857143.0000000000	 56.0000000000	 66.0000000000	  8.0000000000	  0.0000000000	  0.0000000000	  0.0000000000	  0.1324953036	 44.7226715278	964480.2214683490	 -1.6390572123	-44.3495071090	 23.6742846371
  0.0991945688	  0.9816733653	686.8620750266	82192.0000000000	89552.0000000000	107143.0000000000	 74.0000000000	 68.0000000000	 58.0000000000	  0.0000000000	  0.0000000000	  0.0000000000	  0.0959749708	 11.5739121958	911459.9186732179	  2.8562157112	-25.1641664112	4562.1152587694
  0.0966348109	  0.9965438144	686.6779414907	49180.0000000000	68966.0000000000	240000.0000000000	124.0000000000	 88.0000000000	 26.0000000000	  0.0000000000	  0.0000000000	  0.0000000000	  0.0640512169	  1.3824685447	817013.6803536807	 -8.5429371379	 16.8806032596	564.1117839966
  0.0997680000	  0.9790159969	686.3579797275	62500.0000000000	315789.0000000000	230769.0000000000	 98.0000000000	 20.0000000000	 28.0000000000	  0.0000000000	  0.0000000000	  0.0000000000	  0.1292872995	 23.4927172028	1144948.6017609190	  6.5540296440	  1.6092401524	724.4383447816
  0.1003761970	  1.0051363608	684.3868102130	55556.0000000000	103448.0000000000	142857.0000000000	110.0000000000	 60.0000000000	 44.0000000000	  0.0000000000	  0.0000000000	  0.0000000000	  0.0557347970	 15.9607929368	1034466.5038542391	  5.8160346047	-20.6498295623	-2423.5796246939
  0.0983751912	  1.0116654242	684.2882626209	45113.0000000000	78947.0000000000	206897.0000000000	134.0000000000	 78.0000000000	 30.0000000000	  0.0000000000	  0.0000000000	  0.0000000000	  0.0739446125	 16.5973531013	2074818.9724127850	-11.3637250069	-41.9274477699	1374.6817108165
  0.0986180470	  1.0198212934	692.4164531099	72289.0000000000	115385.0000000000	162162.0000000000	 84.0000000000	 54.0000000000	 38.0000000000	  0.0000000000	  0.0000000000	  0.0000000000	  0.0884407622	 25.4741545895	2035882.5734162142	 -3.8061496343	-19.9571515306	2405.2728789839
  0.1010409524	  0.9857422262	685.1677226018	32086.0000000000	120000.0000000000	105263.0000000000	188.0000000000	 52.0000000000	 58.0000000000	  0.0000000000	  0.0000000000	  0.0000000000	  0.0201475781	  4.9038411692	1547234.3069292521	 13.7849982675	  7.9270215718	6161.3524134096
  0.0991044625	  1.0258151039	686.5904381550	78947.0000000000	76923.0000000000	107143.0000000000	 78.0000000000	 80.0000000000	 58.0000000000	  0.0000000000	  0.0000000000	  0.0000000000	  0.0909360150	 31.0503728170	2511021.3215277591	  3.0921627597	-61.1185508138	7642.9977153585
  0.1016850000	  1.0295705580	693.5794770907	100000.0000000000	74074.0000000000	139535.0000000000	 62.0000000000	 82.0000000000	 44.0000000000	  0.0000000000	  0.0000000000	  0.0000000000	  0.0896225679	 12.0127175853	746260.6822597326	 -1.6738917015	 41.6292802717	-2085.4794214344
  0.1015486041	  0.9966651889	682.6747435294	103448.0000000000	63158.0000000000	111111.0000000000	 60.0000000000	 96.0000000000	 56.0000000000	  0.0000000000	  0.0000000000	  0.0000000000	  0.0556557738	  7.7807920334	1831508.6891223299	 -1.2343578867	-49.6656693419	5983.3114258685
  0.0990354058	  1.0063162674	685.7815681505	71429.0000000000	88235.0000000000	352941.0000000000	 86.0000000000	 70.0000000000	 18.0000000000	  0.0000000000	  0.0000000000	  0.0000000000	  0.1156409253	 23.1094355896	1613653.4598545565	  4.5188673398	-37.2272431043	323.4630059831
  0.1016456016	  0.9923701448	684.9768397582	181818.0000000000	73171.0000000000	130435.0000000000	 34.0000000000	 84.0000000000	 48.0000000000	  0.0000000000	  0.0000000000	  0.0000000000	  0.1121821092	 15.1593120816	1054368.6950804451	 -0.4165110769	 48.6356359878	2959.3631845587
  0.0990479968	  1.0415604033	688.3848579075	50420.0000000000	64516.0000000000	400000.0000000000	120.0000000000	 94.0000000000	 16.0000000000	  0.0000000000	  0.0000000000	  0.0000000000	  0.0551732307	  2.7149620640	1120162.5846082882	  7.4549141848	 28.3709625640	204.2727843402
  0.0973347567	  1.0158764986	687.1224384177	57143.0000000000	78947.0000000000	100000.0000000000	106.0000000000	 78.0000000000	 62.0000000000	  0.0000000000	  0.0000000000	  0.0000000000	  0.0922732130	  7.9255257786	831648.4340850123	  7.0254348581	-28.5849385938	5268.3426575297
  0.0987349895	  0.9961850965	688.1091342887	54545.0000000000	75000.0000000000	300000.0000000000	112.0000000000	 82.0000000000	 22.0000000000	  0.0000000000	  0.0000000000	  0.0000000000	  0.0876200235	 14.3590376523	608982.0579925952	  7.6720969343	-43.9774210891	-273.4308591365
  0.1016274153	  0.9978440962	684.3927119935	101695.0000000000	122449.0000000000	206897.0000000000	 60.0000000000	 50.0000000000	 30.0000000000	  0.0000000000	  0.0000000000	  0.0000000000	  0.1127358769	 21.6558810321	771929.5639823524	 -1.8509096260	 15.6846604841	-829.4759657564
  0.1012560179	  0.9890661535	682.9077095030	41958.0000000000	71429.0000000000	122449.0000000000	144.0000000000	 86.0000000000	 50.0000000000	  0.0000000000	  0.0000000000	  0.0000000000	  0.1055040204	  4.7392733509	1000681.6147961264	-16.1496378370	-28.9042711591	-3517.8552498910
  0.0996030996	  0.9938537398	684.4214260030	95238.0000000000	142857.0000000000	666667.0000000000	 64.0000000000	 44.0000000000	 10.0000000000	  0.0000000000	  0.0000000000	  0.0000000000	  0.0995055140	 22.0310878188	2028395.2122270644	  2.0027844996	-10.8093860626	-61.7062701807
  0.1024116345	  0.9900750640	683.1682947510	84507.0000000000	63158.0000000000	115385.0000000000	 72.0000000000	 96.0000000000	 54.0000000000	  0.0000000000	  0.0000000000	  0.0000000000	  0.0485921179	  6.8130979659	1327097.0232498094	  1.9218496421	-46.8790606567	4597.6033078899
  0.1008072305	  1.0043933489	686.5498402438	98361.0000000000	103448.0000000000	146341.0000000000	 62.0000000000	 60.0000000000	 42.0000000000	  0.0000000000	  0.0000000000	  0.0000000000	  0.0973583610	 14.1516551819	868952.4538711660	 -1.8165414524	-19.7563876932	-2080.4649117327
  0.1006071951	  1.0102698482	685.4368117804	41667.0000000000	63158.0000000000	272727.0000000000	146.0000000000	 96.0000000000	 24.0000000000	  0.0000000000	  0.0000000000	  0.0000000000	  0.0567058022	 14.4770883759	966636.9731315915	 12.1076416588	-69.0165612835	-437.5593856980
  0.1008110645	  0.9895872647	687.1166959764	68182.0000000000	68182.0000000000	240000.0000000000	 90.0000000000	 90.0000000000	 26.0000000000	  0.0000000000	  0.0000000000	  0.0000000000	  0.0901535231	 22.6181679474	2020731.3450338088	 -4.3941647301	-71.1286286888	940.1188558775
  0.1022964850	  0.9908368883	698.0427057545	30612.0000000000	109091.0000000000	86957.0000000000	198.0000000000	 56.0000000000	 70.0000000000	  0.0000000000	  0.0000000000	  0.0000000000	  0.0722910025	  7.3130267524	404623.5861551430	 29.5031527480	 12.4729131606	5071.1959488948
  0.1016693333	  0.9920780436	685.3918927260	93750.0000000000	111111.0000000000	157895.0000000000	 66.0000000000	 56.0000000000	 40.0000000000	  0.0000000000	  0.0000000000	  0.0000000000	  0.0892976688	 24.3593402122	1375878.1468573250	  1.9642616097	 21.8662754888	-2120.3228080942
  0.0995821850	  1.0148511463	684.5865216820	113208.0000000000	166667.0000000000	206897.0000000000	 54.0000000000	 38.0000000000	 30.0000000000	  0.0000000000	  0.0000000000	  0.0000000000	  0.1071763180	 30.3060834462	754860.3913378043	 -1.3727365759	 -9.0043993775	-798.7579004852
  0.0989783490	  0.9900634299	686.9725197465	95238.0000000000	82192.0000000000	111111.0000000000	 64.0000000000	 74.0000000000	 56.0000000000	  0.0000000000	  0.0000000000	  0.0000000000	  0.1105476332	 11.6731159294	1604810.7957393886	  2.1346066388	 31.5116170382	5500.5005504727
  0.0996316310	  0.9877879278	694.1052671992	69767.0000000000	98361.0000000000	85714.0000000000	 88.0000000000	 62.0000000000	 72.0000000000	  0.0000000000	  0.0000000000	  0.0000000000	  0.1062800650	 31.6642970744	515258.3507237434	 -4.5342904265	 32.9743490614	6002.3040775403
  0.1006111006	  1.0078905695	686.7931941834	47619.0000000000	93750.0000000000	93750.0000000000	128.0000000000	 66.0000000000	 66.0000000000	  0.0000000000	  0.0000000000	  0.0000000000	  0.0743797351	 18.9289871472	1311282.0584351190	  9.9484445473	-28.7109627566	7685.8478763241
  0.1014448116	  0.9986318912	688.2648802392	53571.0000000000	86957.0000000000	600000.0000000000	114.0000000000	 70.0000000000	 12.0000000000	  0.0000000000	  0.0000000000	  0.0000000000	  0.0972115679	 12.3096372162	638793.6879563414	 -8.4529591912	-28.8011485960	 56.1070750815
  0.0982627206	  1.0096241554	687.3002187553	58252.0000000000	68966.0000000000	70588.0000000000	104.0000000000	 88.0000000000	 86.0000000000	  0.0000000000	  0.0000000000	  0.0000000000	  0.0547683126	  5.0775348422	665194.5815245577	 -5.1074658232	-32.1384323400	-10972.4447542669
  0.1013500000	  0.9964496508	684.4202438480	60000.0000000000	62500.0000000000	250000.0000000000	102.0000000000	 98.0000000000	 26.0000000000	  0.0000000000	  0.0000000000	  0.0000000000	  0.0468997662	  4.9918820768	1274958.8154175247	  4.4425384208	-41.5501736327	-638.6290643335
  0.1008236512	  0.9951489165	682.6696561363	105263.0000000000	222222.0000000000	139535.0000000000	 58.0000000000	 28.0000000000	 44.0000000000	  0.0000000000	  0.0000000000	  0.0000000000	  0.0832080346	 11.2718169121	643397.1322038723	  1.4440914407	  2.5029254007	1975.7694322881
  0.1004586667	  1.0121168477	681.1967775741	46875.0000000000	115385.0000000000	85714.0000000000	130.0000000000	 54.0000000000	 72.0000000000	  0.0000000000	  0.0000000000	  0.0000000000	  0.0476043839	  4.8663068982	848127.4534237350	  8.2677568161	 -8.6165915453	7706.8251679943
  0.1015045050	  0.9906923982	685.7349055160	70588.0000000000	214286.0000000000	90909.0000000000	 86.0000000000	 30.0000000000	 68.0000000000	  0.0000000000	  0.0000000000	  0.0000000000	  0.0998902566	 16.6324862807	925562.4499591781	 -4.3423932945	  3.4233073205	6839.5398643215
  0.0977917177	  0.9759710675	683.0581458166	39216.0000000000	78947.0000000000	100000.0000000000	154.0000000000	 78.0000000000	 62.0000000000	  0.0000000000	  0.0000000000	  0.0000000000	  0.0958355801	 10.2892162063	363983.9718557262	 18.2071684886	-32.9993622438	3492.7837643675
  0.0995729972	  0.9861707880	683.7689916496	49180.0000000000	133333.0000000000	68182.0000000000	124.0000000000	 46.0000000000	 90.0000000000	  0.0000000000	  0.0000000000	  0.0000000000	  0.0910290774	 16.2041685826	826807.5744686585	-10.0318899231	 11.2102968496	-13431.3165298318
  0.0968999302	  1.0154952749	685.0927509166	65934.0000000000	86957.0000000000	95238.0000000000	 92.0000000000	 70.0000000000	 64.0000000000	  0.0000000000	  0.0000000000	  0.0000000000	  0.1555544958	 23.2336151491	1043570.9808176386	 -6.4110406771	 38.4272932674	6658.2064770375
  0.0970393808	  0.9967246665	683.5347159081	53097.0000000000	95238.0000000000	101695.0000000000	114.0000000000	 64.0000000000	 60.0000000000	  0.0000000000	  0.0000000000	  0.0000000000	  0.0744887618	 33.2185950699	1632747.7961338877	  7.5553207145	-36.4718258416	-7095.2166635912
  0.0980714654	  0.9961203408	686.2147482042	46512.0000000000	56075.0000000000	285714.0000000000	130.0000000000	108.0000000000	 22.0000000000	  0.0000000000	  0.0000000000	  0.0000000000	  0.0456415649	  3.6826454181	618107.3537372848	 -8.2030026186	-45.9299412508	-328.5556953705
  0.0989125000	  0.9835050534	690.4271620288	40000.0000000000	98361.0000000000	187500.0000000000	152.0000000000	 62.0000000000	 34.0000000000	  0.0000000000	  0.0000000000	  0.0000000000	  0.0801469785	  8.4568458542	1136059.9367777726	 15.8180578643	-16.9969335601	-1262.7500089578
  0.0965349711	  1.0056389833	686.6978463277	54545.0000000000	113208.0000000000	95238.0000000000	112.0000000000	 54.0000000000	 64.0000000000	  0.0000000000	  0.0000000000	  0.0000000000	  0.0873158725	 33.4511462846	1084574.7008658147	 -7.6549880651	-23.5906836443	-6570.3536489510
  0.1005693985	  1.0205428587	685.7511345808	41096.0000000000	86957.0000000000	88235.0000000000	148.0000000000	 70.0000000000	 70.0000000000	  0.0000000000	  0.0000000000	  0.0000000000	  0.0803593321	 17.8863406574	828562.5302492218	 14.7882193960	 33.8064405249	-6987.0866829751
  0.1001841002	  1.0007258688	685.4181587784	142857.0000000000	93750.0000000000	136364.0000000000	 44.0000000000	 66.0000000000	 46.0000000000	  0.0000000000	  0.0000000000	  0.0000000000	  0.1276978839	 24.4005212973	657267.1549813065	 -0.8462797099	-33.1861756172	2156.4513627792
  0.0968283873	  0.9973828228	685.0365632223	83333.0000000000	153846.0000000000	142857.0000000000	 74.0000000000	 40.0000000000	 44.0000000000	  0.0000000000	  0.0000000000	  0.0000000000	  0.0854140079	  9.2415951011	699888.1410660555	  2.6106954796	 -5.7493982542	-1914.6726691019
  0.1016389836	  1.0139259181	682.2575177230	45455.0000000000	72289.0000000000	400000.0000000000	134.0000000000	 84.0000000000	 16.0000000000	  0.0000000000	  0.0000000000	  0.0000000000	  0.0466487372	  6.7082894930	884009.5545689426	  8.7545377815	-33.4177774961	173.9849631041
  0.1023616667	  0.9670235952	687.6419628461	300000.0000000000	92308.0000000000	122449.0000000000	 22.0000000000	 66.0000000000	 50.0000000000	  0.0000000000	  0.0000000000	  0.0000000000	  0.0916774022	 14.9787654830	524640.7882576919	 -0.1138885135	-27.0078910823	-2438.0061722032
  0.1015729167	  0.9924467309	687.6104354241	48000.0000000000	120000.0000000000	240000.0000000000	126.0000000000	 52.0000000000	 26.0000000000	  0.0000000000	  0.0000000000	  0.0000000000	  0.1014791582	 34.5804532611	947864.1949646133	 11.3087587871	-21.0597884856	-608.3751571388
  0.1005964024	  1.0038625621	690.0978802507	83333.0000000000	96774.0000000000	122449.0000000000	 74.0000000000	 64.0000000000	 50.0000000000	  0.0000000000	  0.0000000000	  0.0000000000	  0.1681499844	 51.1626421971	827108.6705736438	 -3.6834592344	 44.4031708091	3170.7702410383
  0.1004497489	  1.0045135840	692.2284042470	57143.0000000000	100000.0000000000	115385.0000000000	106.0000000000	 62.0000000000	 54.0000000000	  0.0000000000	  0.0000000000	  0.0000000000	  0.0884227871	 12.2989393117	1538725.4796478692	 -6.8493163886	-20.3677416774	-4843.9108075423
  0.0984175905	  0.9855400829	690.9485855133	43478.0000000000	250000.0000000000	133333.0000000000	140.0000000000	 26.0000000000	 46.0000000000	  0.0000000000	  0.0000000000	  0.0000000000	  0.1184387017	 31.7286141133	1811255.2578040441	-15.8059634503	 -3.2706523110	3782.2257981271
  0.1021457276	  0.9924917973	688.4164962030	68182.0000000000	111111.0000000000	127660.0000000000	 90.0000000000	 56.0000000000	 48.0000000000	  0.0000000000	  0.0000000000	  0.0000000000	  0.1256575283	 25.9348174789	652839.3060636907	 -5.2641681981	-21.9959084826	-2452.6238932058
  0.0984160000	  0.9974258934	686.9291858433	62500.0000000000	157895.0000000000	122449.0000000000	 98.0000000000	 40.0000000000	 50.0000000000	  0.0000000000	  0.0000000000	  0.0000000000	  0.0914917349	 14.4242857821	1311804.7027387717	 -5.5516817077	 -6.7908691952	-3866.7721281722
  0.1002441504	  0.9884046674	689.8911799135	105263.0000000000	122449.0000000000	133333.0000000000	 58.0000000000	 50.0000000000	 46.0000000000	  0.0000000000	  0.0000000000	  0.0000000000	  0.1334936814	 21.7701827330	789026.4991728637	  1.8669574980	 15.9452043778	2511.1806127937
  0.0997995329	  0.9859276523	684.8670196015	48387.0000000000	83333.0000000000	85714.0000000000	126.0000000000	 74.0000000000	 72.0000000000	  0.0000000000	  0.0000000000	  0.0000000000	  0.1325286834	 19.6493980045	977367.4157605525	-12.6607256846	 40.0320286849	8417.1516087955
  0.1001779329	  0.9886525483	684.8866305933	176471.0000000000	171429.0000000000	153846.0000000000	 36.0000000000	 36.0000000000	 40.0000000000	  0.0000000000	  0.0000000000	  0.0000000000	  0.0628190817	 10.6825171551	631250.7488499066	 -0.3453048202	 -4.8441802615	1572.5480478956
  0.1005128350	  0.9826668686	690.8828833184	35294.0000000000	200000.0000000000	86957.0000000000	172.0000000000	 32.0000000000	 70.0000000000	  0.0000000000	  0.0000000000	  0.0000000000	  0.0488354535	 10.3457791640	829948.8447204919	 17.0924108745	  3.3047213962	7473.2260249265
  0.1002165661	  1.0064319792	685.0719940175	82192.0000000000	82192.0000000000	100000.0000000000	 74.0000000000	 74.0000000000	 62.0000000000	  0.0000000000	  0.0000000000	  0.0000000000	  0.0916611627	 15.3632855157	1193105.4274166590	  2.8229994686	-36.2033120854	-6195.5416730725
  0.0984458636	  1.0040307271	688.1717656878	48387.0000000000	77922.0000000000	428571.0000000000	126.0000000000	 78.0000000000	 16.0000000000	  0.0000000000	  0.0000000000	  0.0000000000	  0.0647358713	  2.6294999527	938961.4879719971	 -8.9564357341	 17.1171854245	-141.7341626650
  0.1077233333	  0.9709112180	682.5826535240	750000.0000000000	63158.0000000000	127660.0000000000	 10.0000000000	 96.0000000000	 48.0000000000	  0.0000000000	  0.0000000000	  0.0000000000	  0.0551575725	  9.2071615431	1227730.6567786408	  0.0076243155	-54.5906597001	3481.0516710833
  0.0999847168	  1.0001680075	686.9848178499	45802.0000000000	375000.0000000000	153846.0000000000	132.0000000000	 18.0000000000	 40.0000000000	  0.0000000000	  0.0000000000	  0.0000000000	  0.0989107158	 16.7769346991	1207339.0866673016	-12.5276059336	 -0.8174582650	-2095.4544952485
  0.0989810939	  0.9893717867	685.9767444841	43478.0000000000	153846.0000000000	95238.0000000000	140.0000000000	 40.0000000000	 64.0000000000	  0.0000000000	  0.0000000000	  0.0000000000	  0.0916866452	 12.6530123889	839127.9289757865	 13.7770646320	  6.7051593322	5780.4375355925
  0.1002969970	  0.9770711556	684.7838061301	45455.0000000000	130435.0000000000	240000.0000000000	134.0000000000	 48.0000000000	 26.0000000000	  0.0000000000	  0.0000000000	  0.0000000000	  0.0900613005	 46.1920051656	1793128.6226866473	 12.2681445445	-19.5279543070	-815.6256782588
  0.1003774343	  1.0370464085	688.1997354548	44776.0000000000	68182.0000000000	89552.0000000000	136.0000000000	 90.0000000000	 68.0000000000	  0.0000000000	  0.0000000000	  0.0000000000	  0.1144773135	 16.6804004643	1470548.9129331810	-14.4415436772	-60.5783762402	9194.4081534113
  0.0985659615	  1.0151906821	683.3887724039	46512.0000000000	133333.0000000000	115385.0000000000	130.0000000000	 46.0000000000	 54.0000000000	  0.0000000000	  0.0000000000	  0.0000000000	  0.0916129537	 30.8105480435	620083.1667940330	 11.7079994110	-15.1697443518	-3125.7084355223
  0.0997013497	  0.9903176223	685.9654849047	60606.0000000000	57692.0000000000	153846.0000000000	100.0000000000	106.0000000000	 40.0000000000	  0.0000000000	  0.0000000000	  0.0000000000	  0.0189229935	  3.4670331419	1276326.0359131570	  2.7211750787	-41.5440345949	-2227.7962560448
  0.1001333333	  0.9997233229	685.8569315930	60000.0000000000	120000.0000000000	545455.0000000000	102.0000000000	 52.0000000000	 12.0000000000	  0.0000000000	  0.0000000000	  0.0000000000	  0.1116168780	 45.6747106249	1161254.5410510474	 -6.8307375279	-24.1635470729	-97.6682560510
  0.0989336631	  0.9915754919	689.0741142649	42857.0000000000	250000.0000000000	77922.0000000000	142.0000000000	 26.0000000000	 78.0000000000	  0.0000000000	  0.0000000000	  0.0000000000	  0.0889096666	  9.6089321534	775791.2681871129	 14.0536812501	 -1.8513211009	9424.5828823936
  0.0981385117	  0.9744372402	690.5544644110	89552.0000000000	81081.0000000000	153846.0000000000	 68.0000000000	 76.0000000000	 40.0000000000	  0.0000000000	  0.0000000000	  0.0000000000	  0.1004098964	 21.5332616940	1190074.2622677844	  2.3334748375	-44.9775434703	-2153.6798748641
  0.1018161018	  0.9980206749	686.0597722202	181818.0000000000	64516.0000000000	162162.0000000000	 34.0000000000	 94.0000000000	 38.0000000000	  0.0000000000	  0.0000000000	  0.0000000000	  0.0979092240	 26.3704271249	590708.3384765220	 -0.4129031049	-87.8214581057	1320.4399470551
  0.0996200000	  0.9802573037	687.7180551054	200000.0000000000	109091.0000000000	136364.0000000000	 32.0000000000	 56.0000000000	 46.0000000000	  0.0000000000	  0.0000000000	  0.0000000000	  0.1428307767	 30.0207808880	1101214.8044476758	  0.3935502487	 25.3086750519	2752.5176589471
  0.1009399832	  1.0118336492	685.6544810326	122449.0000000000	65934.0000000000	122449.0000000000	 50.0000000000	 92.0000000000	 50.0000000000	  0.0000000000	  0.0000000000	  0.0000000000	  0.0896946291	 16.8810401387	1694302.2862411891	  1.0177966422	-67.0328786489	-4538.3720087623
  0.1018633950	  0.9743519888	681.4866669072	136364.0000000000	48780.0000000000	181818.0000000000	 46.0000000000	124.0000000000	 34.0000000000	  0.0000000000	  0.0000000000	  0.0000000000	  0.0641576157	  4.5896066343	1053562.5008193220	  0.6549301734	-73.3583627288	-1261.8131602587
  0.1008685087	  0.9922519027	692.2321976907	44444.0000000000	71429.0000000000	133333.0000000000	136.0000000000	 86.0000000000	 46.0000000000	  0.0000000000	  0.0000000000	  0.0000000000	  0.0892822745	 21.7492895032	675888.6682187110	 12.8548390874	 61.1902939230	2252.4620896728
  0.0995626667	  0.9872693868	687.8967790122	46875.0000000000	103448.0000000000	78947.0000000000	130.0000000000	 60.0000000000	 78.0000000000	  0.0000000000	  0.0000000000	  0.0000000000	  0.0996485160	 11.3933645405	555073.5481825286	 11.9760673037	 17.9441018703	7533.0183746485
  0.1019920000	  0.9945790544	689.1904608436	62500.0000000000	60000.0000000000	150000.0000000000	 98.0000000000	102.0000000000	 42.0000000000	  0.0000000000	  0.0000000000	  0.0000000000	  0.1044868184	 20.8251855627	1838872.2011045655	 -6.0054300627	-93.3753264504	2824.8386147045
  0.1015157449	  0.9963267743	690.4436198687	127660.0000000000	67416.0000000000	74074.0000000000	 48.0000000000	 90.0000000000	 82.0000000000	  0.0000000000	  0.0000000000	  0.0000000000	  0.1093375038	 18.5395529705	546054.7060836257	  1.0035465798	-65.5432343624	-8983.6046533311
  0.1007794354	  1.0033777571	687.6656031096	44776.0000000000	130435.0000000000	157895.0000000000	136.0000000000	 48.0000000000	 40.0000000000	  0.0000000000	  0.0000000000	  0.0000000000	  0.0938388672	 24.0309225429	656773.3393749276	 13.1087282115	-14.6806269347	1495.8318194111
  0.1019611732	  1.0118598738	687.4974101965	85714.0000000000	113208.0000000000	89552.0000000000	 72.0000000000	 54.0000000000	 68.0000000000	  0.0000000000	  0.0000000000	  0.0000000000	  0.0999885684	 12.1464679814	1034855.4031405717	  2.6013325030	 14.5046902092	7580.3639626015
  0.0999849501	  1.0093490400	682.2299512380	46512.0000000000	93750.0000000000	92308.0000000000	130.0000000000	 66.0000000000	 66.0000000000	  0.0000000000	  0.0000000000	  0.0000000000	  0.1017006587	  7.8097450899	1687633.6719920263	 12.3090737318	 18.7522632768	-9072.2346878741
  0.1000419332	  0.9866878664	692.2401232343	176471.0000000000	240000.0000000000	133333.0000000000	 36.0000000000	 26.0000000000	 46.0000000000	  0.0000000000	  0.0000000000	  0.0000000000	  0.0714375827	 29.2216302158	769283.0714103901	 -0.3807602955	  3.3946719326	2496.6970223971
  0.0983332025	  1.0055864858	688.9037361044	38217.0000000000	75949.0000000000	89552.0000000000	158.0000000000	 80.0000000000	 68.0000000000	  0.0000000000	  0.0000000000	  0.0000000000	  0.1110874254	 22.5785636512	895779.4551295434	 21.0156498479	-53.7251847311	-7157.4979415807
  0.1001139998	  0.9898250359	689.8574396507	157895.0000000000	98361.0000000000	230769.0000000000	 40.0000000000	 62.0000000000	 28.0000000000	  0.0000000000	  0.0000000000	  0.0000000000	  0.0940422498	 17.2554180732	814581.5613763060	 -0.5537484441	-24.6858936638	641.0929944134
  0.0993297351	  0.9798415225	692.0153678551	136364.0000000000	55046.0000000000	90909.0000000000	 46.0000000000	110.0000000000	 68.0000000000	  0.0000000000	  0.0000000000	  0.0000000000	  0.1202925387	 12.3495052951	1317533.8796325205	 -0.9046408927	 89.4288943817	8430.9964956468
  0.0976625938	  0.9955597146	686.5328900073	51724.0000000000	80000.0000000000	127660.0000000000	118.0000000000	 76.0000000000	 48.0000000000	  0.0000000000	  0.0000000000	  0.0000000000	  0.1279484679	 20.3902037033	483741.8356024908	 10.5914977794	 44.7246025690	-2201.2701420103
  0.0995592035	  0.9909485314	685.7625899549	39474.0000000000	55556.0000000000	82192.0000000000	154.0000000000	110.0000000000	 74.0000000000	  0.0000000000	  0.0000000000	  0.0000000000	  0.1046820687	 18.7282052194	787318.6268753235	-18.6599775272	-107.2029166789	-8255.7929387137
  0.1004429643	  0.9946159043	693.7828548869	61856.0000000000	157895.0000000000	133333.0000000000	 98.0000000000	 40.0000000000	 46.0000000000	  0.0000000000	  0.0000000000	  0.0000000000	  0.1153477424	 33.8818993479	1106488.7082980957	  6.4222024391	 10.7963474396	-2932.2806177969
  0.0995526637	  0.9834463343	682.4599889555	49180.0000000000	77922.0000000000	109091.0000000000	124.0000000000	 78.0000000000	 56.0000000000	  0.0000000000	  0.0000000000	  0.0000000000	  0.0907657953	  9.4559528724	778332.0525063950	-10.1349156139	-32.5267998648	-4059.2908918818
  0.0968952810	  0.9959753729	685.6771119140	36364.0000000000	63158.0000000000	95238.0000000000	166.0000000000	 96.0000000000	 64.0000000000	  0.0000000000	  0.0000000000	  0.0000000000	  0.0813874178	  8.9322355752	795326.4250596245	 20.2568628328	 53.6009553017	5742.2566187017
  0.1031729206	  1.0050230728	687.8238308890	56604.0000000000	142857.0000000000	109091.0000000000	108.0000000000	 44.0000000000	 56.0000000000	  0.0000000000	  0.0000000000	  0.0000000000	  0.0551098092	  1.9647527929	729992.7508488039	 -5.6064999630	 -3.1797036762	3874.9820074845
  0.0974485197	  1.0005211431	692.1797775248	57692.0000000000	181818.0000000000	77922.0000000000	106.0000000000	 34.0000000000	 78.0000000000	  0.0000000000	  0.0000000000	  0.0000000000	  0.1188420838	 32.6323745287	1015789.8914136303	 -7.6972502204	 -7.1171468684	10603.5090989771
  0.0996523983	  0.9963765102	689.3146000182	75949.0000000000	181818.0000000000	98361.0000000000	 80.0000000000	 34.0000000000	 62.0000000000	  0.0000000000	  0.0000000000	  0.0000000000	  0.0964154120	 12.9061969988	1091584.6210619886	  3.5037791109	 -4.7061928652	6207.4070901390
  0.1019443519	  0.9958438821	689.4729377935	54054.0000000000	166667.0000000000	107143.0000000000	112.0000000000	 38.0000000000	 58.0000000000	  0.0000000000	  0.0000000000	  0.0000000000	  0.0973735205	 28.9394980935	1026887.7269205224	 -8.1891252185	 -8.5919570015	-4781.0661898060
  0.1013900000	  1.0088348633	688.4000890294	50000.0000000000	103448.0000000000	400000.0000000000	122.0000000000	 60.0000000000	 16.0000000000	  0.0000000000	  0.0000000000	  0.0000000000	  0.0675006894	  6.9968810389	1828243.7905059820	  8.3286837624	-13.8735051352	-253.7047436903
  0.0989724062	  1.0094777559	687.7135577022	71429.0000000000	86957.0000000000	166667.0000000000	 86.0000000000	 70.0000000000	 38.0000000000	  0.0000000000	  0.0000000000	  0.0000000000	  0.0828362511	 33.2047784816	1334518.5887082671	  3.8172929397	-46.6154143853	-1862.3934982431
  0.1024480000	  0.9737171531	688.9286919606	500000.0000000000	60606.0000000000	89552.0000000000	 14.0000000000	100.0000000000	 68.0000000000	  0.0000000000	  0.0000000000	  0.0000000000	  0.1118852051	  8.3598205705	1511601.5236354207	  0.0351734977	 58.0186361294	-9193.9728944531
  0.0968992248	  0.9903897538	689.1622117888	39474.0000000000	107143.0000000000	162162.0000000000	154.0000000000	 58.0000000000	 38.0000000000	  0.0000000000	  0.0000000000	  0.0000000000	  0.1032044800	  7.4532339585	1492618.8381040369	-18.5829917885	-13.1680719293	-2124.8219281143
  0.1001239335	  1.0074084058	690.7677942020	41958.0000000000	125000.0000000000	92308.0000000000	144.0000000000	 50.0000000000	 66.0000000000	  0.0000000000	  0.0000000000	  0.0000000000	  0.0968643262	 31.7548521669	1589336.8974305678	-15.5526075342	-18.5873478261	-8795.3118870175
  0.0977364386	  1.0150311333	681.4839869263	55046.0000000000	80000.0000000000	84507.0000000000	110.0000000000	 76.0000000000	 72.0000000000	  0.0000000000	  0.0000000000	  0.0000000000	  0.0655670834	 22.1881419703	1904320.5585325854	  6.4734189299	 46.6713781807	11858.5334090922
  0.1016195162	  1.0044944551	683.2498121707	48780.0000000000	80000.0000000000	157895.0000000000	124.0000000000	 76.0000000000	 40.0000000000	  0.0000000000	  0.0000000000	  0.0000000000	  0.1130413148	 22.0717028075	1528582.8828155084	-11.5239050986	-46.2001035413	2180.4313226359
  0.0967058395	  0.9991105113	682.9834820120	38462.0000000000	139535.0000000000	117647.0000000000	158.0000000000	 44.0000000000	 52.0000000000	  0.0000000000	  0.0000000000	  0.0000000000	  0.1065465902	 40.1690402899	1454645.6981089336	 20.2233720243	 15.7676527109	4554.3033592866
  0.1025223249	  0.9951101063	683.5533363837	63830.0000000000	250000.0000000000	146341.0000000000	 96.0000000000	 26.0000000000	 42.0000000000	  0.0000000000	  0.0000000000	  0.0000000000	  0.1299623333	 35.1520950594	1840820.5065792706	 -6.3177134419	 -3.4200750248	-3008.9834133213
  0.0967770322	  1.0109991224	689.7178622104	45455.0000000000	88235.0000000000	88235.0000000000	134.0000000000	 70.0000000000	 70.0000000000	  0.0000000000	  0.0000000000	  0.0000000000	  0.0667220108	 23.0727292298	1509953.3622110127	 10.5690506436	-36.9379106351	9731.4382689971
  0.1019521245	  0.9947862238	686.5249690497	49587.0000000000	48780.0000000000	285714.0000000000	122.0000000000	124.0000000000	 22.0000000000	  0.0000000000	  0.0000000000	  0.0000000000	  0.1073645486	  3.7069092468	962524.2513071700	-10.7497949409	 65.3053367329	414.7874956343
  0.0991687067	  1.0596263178	688.0968974672	58824.0000000000	57143.0000000000	171429.0000000000	104.0000000000	106.0000000000	 36.0000000000	  0.0000000000	  0.0000000000	  0.0000000000	  0.0807816275	  5.2498343344	532191.8598900035	 -6.0856650004	-52.5274043559	1057.8602641671
  0.0994712997	  0.9973727925	688.1779309846	117647.0000000000	139535.0000000000	86957.0000000000	 52.0000000000	 44.0000000000	 70.0000000000	  0.0000000000	  0.0000000000	  0.0000000000	  0.0957390997	 17.8390527601	1990756.7265799516	  1.1998528349	-10.5276994079	11276.8022372941
  0.1002886003	  1.0037167869	688.8355026125	81081.0000000000	113208.0000000000	181818.0000000000	 76.0000000000	 54.0000000000	 34.0000000000	  0.0000000000	  0.0000000000	  0.0000000000	  0.0645882622	  7.0720925272	1088044.2668449592	 -2.4232293945	-11.2463802943	1313.1815743694
  0.0985920986	  1.0095334922	686.5618971410	51282.0000000000	54545.0000000000	117647.0000000000	118.0000000000	112.0000000000	 52.0000000000	  0.0000000000	  0.0000000000	  0.0000000000	  0.0674588695	  2.8745719665	1212410.6101169912	  7.8125079508	 43.5670819592	-4191.9686926891
  0.1023520078	  0.9964472926	689.5913440353	85714.0000000000	125000.0000000000	240000.0000000000	 72.0000000000	 50.0000000000	 26.0000000000	  0.0000000000	  0.0000000000	  0.0000000000	  0.0808530173	 25.1008875074	1442215.2802578006	  2.3972746252	 16.4517595268	-737.4649728802
  0.1006221950	  0.9897020353	688.6964911816	58824.0000000000	133333.0000000000	181818.0000000000	104.0000000000	 46.0000000000	 34.0000000000	  0.0000000000	  0.0000000000	  0.0000000000	  0.1261614236	 31.0864282190	2522822.9206984988	  7.5595876654	 15.1244436961	2080.5620984385
  0.0999354670	  1.0024745232	682.3230010673	49587.0000000000	92308.0000000000	136364.0000000000	122.0000000000	 66.0000000000	 46.0000000000	  0.0000000000	  0.0000000000	  0.0000000000	  0.0761441894	 13.4833185398	940273.1899644639	  8.9867734883	-25.7925681188	2586.4361474754
  0.0980897309	  0.9597099493	682.8520702144	44444.0000000000	65217.0000000000	171429.0000000000	136.0000000000	 94.0000000000	 36.0000000000	  0.0000000000	  0.0000000000	  0.0000000000	  0.0770974631	  9.1151269271	980633.1036627257	 12.1014407468	 50.5580796294	-1425.1203347871
  0.0990349766	  0.9937213236	689.9707857151	45802.0000000000	111111.0000000000	113208.0000000000	132.0000000000	 56.0000000000	 54.0000000000	  0.0000000000	  0.0000000000	  0.0000000000	  0.0750055317	  3.8981098971	1383731.6316824036	-10.9921527134	  8.7226422852	4811.9482346303
  0.1005801360	  1.0059786622	684.9128417160	78947.0000000000	95238.0000000000	133333.0000000000	 78.0000000000	 64.0000000000	 46.0000000000	  0.0000000000	  0.0000000000	  0.0000000000	  0.1189129294	 11.8409582632	1161418.2727113669	 -3.5012811116	-22.2053685586	-2921.0473023463
  0.1003702147	  1.0048275690	686.9220589608	61856.0000000000	76923.0000000000	101695.0000000000	 98.0000000000	 80.0000000000	 60.0000000000	  0.0000000000	  0.0000000000	  0.0000000000	  0.0807580171	 16.1901239957	445590.8705783312	 -5.4057405919	-44.7320937964	3593.9553288071
  0.1017174379	  1.0177382872	686.4796478966	44776.0000000000	100000.0000000000	146341.0000000000	136.0000000000	 62.0000000000	 42.0000000000	  0.0000000000	  0.0000000000	  0.0000000000	  0.0708495466	 13.9542726615	1203229.0965395982	 11.3426286522	-21.5712468231	-2385.7551621177
  0.1021750000	  0.9902897964	682.7751616390	60000.0000000000	86957.0000000000	109091.0000000000	102.0000000000	 70.0000000000	 56.0000000000	  0.0000000000	  0.0000000000	  0.0000000000	  0.0931663800	 17.9471528680	1358881.0026847420	  6.2584596969	 33.8961821927	5346.2807887957
  0.1025853420	  0.9951465758	685.3969188315	42857.0000000000	240000.0000000000	500000.0000000000	142.0000000000	 26.0000000000	 14.0000000000	  0.0000000000	  0.0000000000	  0.0000000000	  0.1007573640	 24.4344064707	972917.4443702725	-14.9501654705	 -3.1764209713	-106.7296281872
  0.0990986697	  0.9851992581	688.7352092595	115385.0000000000	78947.0000000000	88235.0000000000	 54.0000000000	 78.0000000000	 70.0000000000	  0.0000000000	  0.0000000000	  0.0000000000	  0.1208597143	 30.2382784782	1036850.8336802459	  1.4124659155	-56.6087632358	-8070.7968980500
  0.1012060725	  0.9720808330	688.7263817861	75949.0000000000	68182.0000000000	109091.0000000000	 80.0000000000	 90.0000000000	 56.0000000000	  0.0000000000	  0.0000000000	  0.0000000000	  0.0752564512	 11.0981020131	1605437.2522840295	 -3.0642223964	-49.8074173638	-5736.2211876819
  0.0991513031	  0.9968901171	686.3072707594	73171.0000000000	72289.0000000000	272727.0000000000	 84.0000000000	 84.0000000000	 24.0000000000	  0.0000000000	  0.0000000000	  0.0000000000	  0.0475666525	  7.2651802772	1506353.0895838656	  2.6804437033	-34.6991595811	-565.5600496636
  0.0955450445	  0.9849380312	683.5146994318	45455.0000000000	300000.0000000000	75949.0000000000	134.0000000000	 22.0000000000	 80.0000000000	  0.0000000000	  0.0000000000	  0.0000000000	  0.0802394748	 28.4936959757	708752.8573446354	 11.4892562139	  1.8972632113	9559.5979153157
  0.1006643982	  0.9902928803	684.6329126576	68182.0000000000	93750.0000000000	146341.0000000000	 90.0000000000	 66.0000000000	 42.0000000000	  0.0000000000	  0.0000000000	  0.0000000000	  0.1003452451	  5.1324516619	1581954.7261361084	 -4.7071734407	-15.4295493406	2748.8752490102
  0.1013843514	  0.9558156418	688.4048455045	60606.0000000000	76923.0000000000	120000.0000000000	100.0000000000	 80.0000000000	 52.0000000000	  0.0000000000	  0.0000000000	  0.0000000000	  0.0901652247	  9.5631826603	1093814.1052132098	  6.0171686518	-33.7712242935	3820.5594741261
  0.0989257638	  0.9956278032	684.1273830294	44776.0000000000	105263.0000000000	142857.0000000000	136.0000000000	 58.0000000000	 44.0000000000	  0.0000000000	  0.0000000000	  0.0000000000	  0.1066824353	 16.5813233780	1791174.7226210628	-13.8718927720	 20.4011388069	3116.6247213354
  0.0994505304	  0.9884216702	684.5354679060	57692.0000000000	103448.0000000000	92308.0000000000	106.0000000000	 60.0000000000	 66.0000000000	  0.0000000000	  0.0000000000	  0.0000000000	  0.0807622063	 29.8169923197	1471046.1594922266	 -6.4686194561	-28.7038076403	-8429.5571329516
  0.0980284658	  0.9930215332	689.8748628967	46512.0000000000	86957.0000000000	157895.0000000000	130.0000000000	 70.0000000000	 40.0000000000	  0.0000000000	  0.0000000000	  0.0000000000	  0.1142680932	 22.8746975673	1159213.4557927926	 13.1013820328	 38.1669222066	1991.6308820829
  0.0992160979	  0.9906374454	682.8349090420	44776.0000000000	63830.0000000000	166667.0000000000	136.0000000000	 96.0000000000	 38.0000000000	  0.0000000000	  0.0000000000	  0.0000000000	  0.1073475787	 17.2024284501	964449.9549597387	 13.9030681753	-71.6568729343	-1600.6643319956
  0.1016682767	  0.9887906965	682.8467007387	65217.0000000000	75000.0000000000	107143.0000000000	 94.0000000000	 82.0000000000	 58.0000000000	  0.0000000000	  0.0000000000	  0.0000000000	  0.0385680782	  1.0287496369	768211.5530349258	  3.2760868516	 11.6799430935	-4209.6988506075
  0.1005914181	  0.9836060222	688.2892986347	39735.0000000000	127660.0000000000	214286.0000000000	152.0000000000	 48.0000000000	 30.0000000000	  0.0000000000	  0.0000000000	  0.0000000000	  0.0733631460	 33.7845506315	719458.1441086028	 15.5612337193	-18.3984158229	-716.6838097418
  0.1013750000	  0.9794070788	689.2880216091	80000.0000000000	111111.0000000000	113208.0000000000	 76.0000000000	 56.0000000000	 54.0000000000	  0.0000000000	  0.0000000000	  0.0000000000	  0.1291214326	 38.6301927754	1364500.1754117981	  3.5940970003	-26.8936589788	-4977.9092684163
  0.1009307531	  0.9998547714	684.6006040873	70588.0000000000	68966.0000000000	176471.0000000000	 86.0000000000	 88.0000000000	 36.0000000000	  0.0000000000	  0.0000000000	  0.0000000000	  0.0892043347	 13.4967220643	534774.1614738484	 -4.0808537375	-52.8073357863	-1019.3156359208
  0.1006109350	  0.9753033310	691.8281460374	51724.0000000000	88235.0000000000	166667.0000000000	118.0000000000	 70.0000000000	 38.0000000000	  0.0000000000	  0.0000000000	  0.0000000000	  0.1128672773	 31.8075347148	2209550.6701058396	 -9.8616677583	-43.8841419579	2387.8941549716
  0.0988928296	  1.0210766860	684.0658925451	85714.0000000000	59406.0000000000	461538.0000000000	 72.0000000000	102.0000000000	 14.0000000000	  0.0000000000	  0.0000000000	  0.0000000000	  0.0731634774	 13.0974800575	1295468.5482496009	  2.2812263112	-74.9702616775	128.7697786709
  0.0988574613	  0.9789967070	689.5550871434	78947.0000000000	107143.0000000000	111111.0000000000	 78.0000000000	 58.0000000000	 56.0000000000	  0.0000000000	  0.0000000000	  0.0000000000	  0.0956077666	  9.7619496547	487975.0137012934	 -3.1717201167	 14.7170140042	-3019.3073583755
  0.1004986663	  1.0186608833	688.1338272423	109091.0000000000	136364.0000000000	222222.0000000000	 56.0000000000	 46.0000000000	 28.0000000000	  0.0000000000	  0.0000000000	  0.0000000000	  0.0812508486	 12.3135334110	2488690.9427884920	 -1.2782198943	 -9.1324679296	1264.8523017730
  0.1021784598	  0.9647124894	685.0182015547	42553.0000000000	82192.0000000000	600000.0000000000	142.0000000000	 74.0000000000	 12.0000000000	  0.0000000000	  0.0000000000	  0.0000000000	  0.0717871297	 13.9729385769	1423149.9406872147	-12.8481123584	-35.1786565758	 76.2408908952
  0.0982730621	  0.9754074904	683.6007388577	68966.0000000000	428571.0000000000	92308.0000000000	 88.0000000000	 16.0000000000	 66.0000000000	  0.0000000000	  0.0000000000	  0.0000000000	  0.0570244884	 16.7485681368	452699.9989283116	  3.4661239321	  0.6648894714	-4664.8964227817
  0.0990419702	  0.9978514562	682.8581165972	73171.0000000000	84507.0000000000	113208.0000000000	 84.0000000000	 72.0000000000	 54.0000000000	  0.0000000000	  0.0000000000	  0.0000000000	  0.1025808082	  8.9780728970	1583890.1766070994	  4.0164544930	 25.5455945759	5375.0792401723
  0.1013981445	  1.0037712315	685.6692652401	61224.0000000000	166667.0000000000	166667.0000000000	100.0000000000	 38.0000000000	 38.0000000000	  0.0000000000	  0.0000000000	  0.0000000000	  0.1147023117	 28.1887020226	797255.8878292075	 -6.5109905866	  8.3118517130	-1441.6316384360
  0.1017533333	  0.9968410566	686.6582249565	75000.0000000000	70588.0000000000	98361.0000000000	 82.0000000000	 86.0000000000	 62.0000000000	  0.0000000000	  0.0000000000	  0.0000000000	  0.1651390063	 27.4324423813	620051.9422422060	 -4.6954329209	 70.7990171470	4695.2193231578
  0.1018796019	  1.0006122696	688.9513586591	54054.0000000000	47619.0000000000	105263.0000000000	112.0000000000	128.0000000000	 58.0000000000	  0.0000000000	  0.0000000000	  0.0000000000	  0.0637861591	  5.5749933602	772112.2161088092	 -6.6652628304	-86.6615679837	-4491.8673011980
  0.0996125632	  1.0029396925	683.9615929881	50847.0000000000	67416.0000000000	187500.0000000000	120.0000000000	 90.0000000000	 34.0000000000	  0.0000000000	  0.0000000000	  0.0000000000	  0.1065276567	 10.3012708686	1398690.6309844330	 10.1641065028	-48.5734942917	-1421.6679252090
  0.0980376961	  1.0040061547	692.7603063471	64516.0000000000	120000.0000000000	109091.0000000000	 94.0000000000	 52.0000000000	 56.0000000000	  0.0000000000	  0.0000000000	  0.0000000000	  0.0905312036	 29.4448738376	903194.8172187192	 -5.1833354438	-19.2395634284	4377.5001003788
  0.1017833259	  1.0169156697	686.2654230095	56075.0000000000	65217.0000000000	113208.0000000000	108.0000000000	 94.0000000000	 54.0000000000	  0.0000000000	  0.0000000000	  0.0000000000	  0.0824964422	 11.0688804319	749359.7127240314	  6.9715587219	 54.4411868353	-3625.1583803872
  0.1032707608	  0.9785088127	686.9640133957	38462.0000000000	42553.0000000000	133333.0000000000	158.0000000000	142.0000000000	 46.0000000000	  0.0000000000	  0.0000000000	  0.0000000000	  0.0376040321	  3.0329263983	1190335.7525982605	 12.0069388056	-83.2323120469	3052.8477045137
  0.0985089721	  0.9949191477	686.0801917036	73171.0000000000	70588.0000000000	117647.0000000000	 84.0000000000	 86.0000000000	 52.0000000000	  0.0000000000	  0.0000000000	  0.0000000000	  0.0821647699	  3.6346603404	858427.3350310173	  3.5279865616	-26.1193061645	-3535.8726742699
  0.0963109877	  0.9999590695	681.9810723822	50420.0000000000	57143.0000000000	85714.0000000000	120.0000000000	106.0000000000	 72.0000000000	  0.0000000000	  0.0000000000	  0.0000000000	  0.0913963789	  8.1606264050	271702.2657144645	 -9.4955200560	-66.1498573313	-4435.4000282020
  0.0985083903	  0.9909035452	690.7042093170	53097.0000000000	75949.0000000000	133333.0000000000	114.0000000000	 80.0000000000	 46.0000000000	  0.0000000000	  0.0000000000	  0.0000000000	  0.0559545938	  1.7372107982	1485664.1768850968	  6.5442179364	-14.7986260749	-3411.6605262378
  0.1010292021	  1.0003270957	685.8497406022	48387.0000000000	176471.0000000000	113208.0000000000	126.0000000000	 36.0000000000	 54.0000000000	  0.0000000000	  0.0000000000	  0.0000000000	  0.0640466185	 12.4646151530	837355.4019640745	  8.8034919740	  4.9128733521	-3739.7374523494
  0.0971326367	  1.0038809920	684.2661651167	35503.0000000000	75000.0000000000	93750.0000000000	170.0000000000	 82.0000000000	 66.0000000000	  0.0000000000	  0.0000000000	  0.0000000000	  0.0735852711	 12.0157424207	1073229.9705764814	 20.4772914595	-41.0518471424	7019.5287914189
  0.1015030182	  1.0230740424	694.8061059579	65934.0000000000	103448.0000000000	176471.0000000000	 92.0000000000	 60.0000000000	 36.0000000000	  0.0000000000	  0.0000000000	  0.0000000000	  0.0813711616	 11.8497661219	989531.3921081073	 -4.6127761356	-18.1885851552	-1344.9538177529
  0.1013629123	  0.9936224513	686.4728067554	50847.0000000000	130435.0000000000	130435.0000000000	120.0000000000	 48.0000000000	 48.0000000000	  0.0000000000	  0.0000000000	  0.0000000000	  0.0699612981	 12.4954438759	946327.4582033443	  8.2014730635	-10.1268870358	2775.8382065105
  0.0988885019	  1.0075676712	688.8797909677	157895.0000000000	103448.0000000000	125000.0000000000	 40.0000000000	 60.0000000000	 50.0000000000	  0.0000000000	  0.0000000000	  0.0000000000	  0.1086826395	 30.5046087071	999294.9258693736	 -0.6123684765	-28.9025965061	-3237.2197039718
  0.1001715337	  1.0011372392	689.6253462534	96774.0000000000	200000.0000000000	100000.0000000000	 64.0000000000	 32.0000000000	 62.0000000000	  0.0000000000	  0.0000000000	  0.0000000000	  0.1239516380	 35.1437759993	969113.7286380233	 -2.1355800241	  6.1182537164	-5505.2744282052
  0.0985520000	  0.9923876097	687.9216260324	62500.0000000000	61856.0000000000	193548.0000000000	 98.0000000000	 98.0000000000	 32.0000000000	  0.0000000000	  0.0000000000	  0.0000000000	  0.0917595297	  4.1219988909	1088188.8306898114	 -5.6251970790	 38.3401225518	-1114.1480111555
  0.1013514775	  0.9812858708	687.4727719521	53571.0000000000	54545.0000000000	250000.0000000000	114.0000000000	112.0000000000	 26.0000000000	  0.0000000000	  0.0000000000	  0.0000000000	  0.0385858365	  3.7220155052	655270.7048861578	  5.3156793515	-49.8047030888	-449.4351197171
  0.1010836011	  1.0053768154	691.4996910572	95238.0000000000	103448.0000000000	120000.0000000000	 64.0000000000	 60.0000000000	 52.0000000000	  0.0000000000	  0.0000000000	  0.0000000000	  0.1090721355	 10.3128234287	627247.0417038632	  2.1639007312	 17.0196100471	2887.0581675981
  0.1017759949	  1.0000244224	689.5945682199	53097.0000000000	77922.0000000000	153846.0000000000	114.0000000000	 78.0000000000	 40.0000000000	  0.0000000000	  0.0000000000	  0.0000000000	  0.1201489830	 26.4331188850	1477637.6004593086	 -9.5955137092	-55.4557268009	2303.5117047326
  0.0970460401	  0.9956760245	691.7817980045	50847.0000000000	193548.0000000000	105263.0000000000	120.0000000000	 32.0000000000	 58.0000000000	  0.0000000000	  0.0000000000	  0.0000000000	  0.1303381395	 56.8142251350	1480177.5268594853	 11.2556440652	 -8.3063801168	6036.9524740572
  0.1006677684	  1.0029432410	689.5719774404	44776.0000000000	75949.0000000000	115385.0000000000	136.0000000000	 80.0000000000	 54.0000000000	  0.0000000000	  0.0000000000	  0.0000000000	  0.0768587442	  5.4600666646	400511.4421583200	 11.7216560581	 26.6040123801	2460.2997311180
  0.0994568029	  0.9981994016	688.5612625082	61856.0000000000	67416.0000000000	187500.0000000000	 98.0000000000	 90.0000000000	 34.0000000000	  0.0000000000	  0.0000000000	  0.0000000000	  0.1291199596	 15.3653537769	888143.6569918838	 -6.7245635993	-60.5941308736	-1086.9982561780
  0.1000050000	  0.9957821338	686.0439491429	100000.0000000000	127660.0000000000	146341.0000000000	 62.0000000000	 48.0000000000	 42.0000000000	  0.0000000000	  0.0000000000	  0.0000000000	  0.0957463865	  9.4392059879	849521.8801234869	  1.7420797890	 -9.4727774272	2040.9097038507
  0.0985234549	  0.9910192736	687.4956376607	53571.0000000000	65217.0000000000	150000.0000000000	114.0000000000	 94.0000000000	 42.0000000000	  0.0000000000	  0.0000000000	  0.0000000000	  0.1192212564	 22.8866914055	1129472.3518353892	 -9.2529548176	 79.9018814822	2214.1211414395
  0.0995587157	  1.0042320387	687.1772439698	72289.0000000000	78947.0000000000	157895.0000000000	 84.0000000000	 78.0000000000	 40.0000000000	  0.0000000000	  0.0000000000	  0.0000000000	  0.0470561757	 20.8990365796	1223682.6498560593	 -2.7976678652	-47.1381335650	2000.5014540915
  0.0995931829	  1.0131284267	684.7874233483	77922.0000000000	103448.0000000000	193548.0000000000	 78.0000000000	 60.0000000000	 32.0000000000	  0.0000000000	  0.0000000000	  0.0000000000	  0.1123506998	 42.4422230620	1607010.7732938621	  3.5346405021	 33.6629638518	1422.6636579940
  0.0971840282	  0.9785148074	685.2190995790	45455.0000000000	83333.0000000000	85714.0000000000	134.0000000000	 74.0000000000	 72.0000000000	  0.0000000000	  0.0000000000	  0.0000000000	  0.0533344820	  8.3983978164	1572027.2107941702	  9.5108281676	-26.0446999520	-10386.3124797207
  0.1009452484	  1.0044613805	689.9054412723	63158.0000000000	214286.0000000000	222222.0000000000	 96.0000000000	 30.0000000000	 28.0000000000	  0.0000000000	  0.0000000000	  0.0000000000	  0.0897642108	 14.5515899902	382825.5848637442	 -5.4008420876	  3.0978735210	468.9338206411
  0.0985363960	  0.9923594139	683.9903293071	43796.0000000000	59406.0000000000	95238.0000000000	138.0000000000	102.0000000000	 64.0000000000	  0.0000000000	  0.0000000000	  0.0000000000	  0.0568470024	  3.9979907631	482959.5265422530	 10.7455259761	-42.2488300563	4421.2247924123
  0.0997124157	  0.9865037344	685.9122670589	50420.0000000000	133333.0000000000	86957.0000000000	120.0000000000	 46.0000000000	 70.0000000000	  0.0000000000	  0.0000000000	  0.0000000000	  0.0978186816	  9.3810551221	1354472.1195176446	 -9.8253814021	 -8.2883434173	9365.6809815452
  0.1017929870	  1.0152752516	687.3169364477	40268.0000000000	109091.0000000000	113208.0000000000	150.0000000000	 56.0000000000	 54.0000000000	  0.0000000000	  0.0000000000	  0.0000000000	  0.0861582289	 22.0144093247	1348939.9333081250	 16.1484934008	-21.6787630915	4960.6810650596
  0.1015406000	  1.0201203247	691.2576487190	43165.0000000000	68182.0000000000	92308.0000000000	140.0000000000	 90.0000000000	 66.0000000000	  0.0000000000	  0.0000000000	  0.0000000000	  0.0816748930	  4.3141325896	706635.2672037173	 13.2260285459	-30.8894259724	-5816.4881764030
  0.1005376005	  0.9885549782	686.2524477741	47619.0000000000	64516.0000000000	171429.0000000000	128.0000000000	 94.0000000000	 36.0000000000	  0.0000000000	  0.0000000000	  0.0000000000	  0.1344055249	 33.7324128940	1513223.5371138707	 13.4113474947	100.1075700315	1864.3584580829
  0.1003333333	  0.9994861168	685.4240684968	48000.0000000000	222222.0000000000	105263.0000000000	126.0000000000	 28.0000000000	 58.0000000000	  0.0000000000	  0.0000000000	  0.0000000000	  0.0968008628	 15.6944492314	916653.7274912597	-11.1463395251	  2.9346878145	-4855.6804389134
  0.0988000000	  0.9935823215	684.1143183812	60000.0000000000	65934.0000000000	171429.0000000000	102.0000000000	 92.0000000000	 36.0000000000	  0.0000000000	  0.0000000000	  0.0000000000	  0.1282482656	 24.3011013049	1189624.0945580809	 -7.3461379530	-78.5001105790	-1584.0776033535
  0.1022668410	  1.0028628303	686.9508428193	40541.0000000000	100000.0000000000	96774.0000000000	150.0000000000	 62.0000000000	 64.0000000000	  0.0000000000	  0.0000000000	  0.0000000000	  0.0724919243	  4.5880362727	1017934.5571487587	-14.6357179931	-12.1142657949	6336.4704047551
  0.1012258226	  0.9808275505	683.4879911796	75949.0000000000	90909.0000000000	86957.0000000000	 80.0000000000	 68.0000000000	 70.0000000000	  0.0000000000	  0.0000000000	  0.0000000000	  0.0928709694	 12.6718718865	717093.2157711044	 -3.4795596602	-25.6722724127	6899.5101647741
  0.1024234277	  0.9884733197	686.7285608866	55046.0000000000	240000.0000000000	166667.0000000000	110.0000000000	 26.0000000000	 38.0000000000	  0.0000000000	  0.0000000000	  0.0000000000	  0.0896089811	 19.5844609748	639253.4550623558	  7.5643233195	  2.8335319251	1227.4256991857
  0.0984203281	  1.0010082350	681.7678542928	85714.0000000000	125000.0000000000	105263.0000000000	 72.0000000000	 50.0000000000	 58.0000000000	  0.0000000000	  0.0000000000	  0.0000000000	  0.0820491297	 17.4461439233	716420.9153210107	  2.3577225856	-13.7905449537	-4273.3829820214
  0.0995818015	  0.9824898887	685.7571398482	73171.0000000000	95238.0000000000	285714.0000000000	 84.0000000000	 64.0000000000	 22.0000000000	  0.0000000000	  0.0000000000	  0.0000000000	  0.0588294313	  9.8791767181	1599734.9941824756	  3.0377029661	-20.1167581742	538.6386937541
  0.1002621986	  0.9974873390	689.8778710245	86957.0000000000	157895.0000000000	122449.0000000000	 70.0000000000	 40.0000000000	 50.0000000000	  0.0000000000	  0.0000000000	  0.0000000000	  0.0576726528	  8.8544706999	769882.6213538309	 -1.9366905661	  5.4021708585	-3065.5456736974
  0.1021055118	  0.9988940620	688.1979167212	55046.0000000000	122449.0000000000	130435.0000000000	110.0000000000	 50.0000000000	 48.0000000000	  0.0000000000	  0.0000000000	  0.0000000000	  0.0894503256	 21.4908679462	511294.7146354729	  7.6434987133	 15.5548188854	-2082.4863924708
  0.0990676313	  0.9689513948	685.5220140251	72289.0000000000	90909.0000000000	162162.0000000000	 84.0000000000	 68.0000000000	 38.0000000000	  0.0000000000	  0.0000000000	  0.0000000000	  0.0827165105	 19.6507066146	1491629.5713846164	 -3.6896062505	-31.4546521157	2130.0141727802
  0.1010878087	  0.9880305378	693.3206200438	40816.0000000000	214286.0000000000	133333.0000000000	148.0000000000	 30.0000000000	 46.0000000000	  0.0000000000	  0.0000000000	  0.0000000000	  0.0555915351	  8.7278277993	1190399.7390962096	 12.6002856489	  2.4801462174	-3046.2708048360
  0.0982674856	  0.9804408424	690.1677946648	54545.0000000000	127660.0000000000	107143.0000000000	112.0000000000	 48.0000000000	 58.0000000000	  0.0000000000	  0.0000000000	  0.0000000000	  0.0901492758	 18.6196930680	1502394.9789361013	  7.8577549746	-13.3290679090	5857.5603393690
  0.0989794061	  0.9994871848	679.6708096321	71429.0000000000	82192.0000000000	100000.0000000000	 86.0000000000	 74.0000000000	 62.0000000000	  0.0000000000	  0.0000000000	  0.0000000000	  0.0810281811	  5.5427781421	677090.2207146761	  3.7945959645	-21.9859393773	-4619.6353058620
  0.1002570486	  0.9855475794	684.4397519715	61856.0000000000	71429.0000000000	96774.0000000000	 98.0000000000	 86.0000000000	 64.0000000000	  0.0000000000	  0.0000000000	  0.0000000000	  0.0829259191	 18.7441687673	870519.9046167415	  5.4923996860	 57.3917399484	5873.5769774829
  0.1005728352	  0.9951049774	690.6535922533	85714.0000000000	96774.0000000000	187500.0000000000	 72.0000000000	 64.0000000000	 34.0000000000	  0.0000000000	  0.0000000000	  0.0000000000	  0.1033772055	 29.6226319942	1043510.9142318793	 -2.7286570351	-32.9869865120	1239.6010952469
  0.1020067687	  0.9851040839	688.1814995742	41958.0000000000	44118.0000000000	272727.0000000000	144.0000000000	138.0000000000	 24.0000000000	  0.0000000000	  0.0000000000	  0.0000000000	  0.0652297693	  1.9361132132	2171215.1366298455	-12.6473940737	-61.7039691130	-701.1767449410
  0.1022446592	  0.9912882881	686.4504422510	115385.0000000000	65934.0000000000	146341.0000000000	 54.0000000000	 92.0000000000	 42.0000000000	  0.0000000000	  0.0000000000	  0.0000000000	  0.0862971462	  5.1975933819	1521785.0602431679	 -1.1820523296	 36.6065424936	-2764.2605117908
  0.1019332507	  0.9916833151	690.0031857426	50847.0000000000	89552.0000000000	92308.0000000000	120.0000000000	 68.0000000000	 66.0000000000	  0.0000000000	  0.0000000000	  0.0000000000	  0.1279426381	 22.5952552913	1080580.6957491173	-11.1177198993	 35.6015016963	7242.5010713029
  0.0993200993	  0.9892926441	691.0862222509	76923.0000000000	82192.0000000000	157895.0000000000	 80.0000000000	 74.0000000000	 40.0000000000	  0.0000000000	  0.0000000000	  0.0000000000	  0.1112197473	 22.2613485954	502339.1762752931	  3.6172298137	-43.6743067154	1286.6152391604
  0.0988752090	  1.0161024164	688.0347343206	52632.0000000000	171429.0000000000	73171.0000000000	116.0000000000	 36.0000000000	 84.0000000000	  0.0000000000	  0.0000000000	  0.0000000000	  0.1099778017	 18.2521637857	1406487.0821446269	  9.4049742717	  6.4988315125	-14963.5890855534
  0.1001999504	  1.0083008032	687.9995917048	64516.0000000000	82192.0000000000	400000.0000000000	 94.0000000000	 74.0000000000	 16.0000000000	  0.0000000000	  0.0000000000	  0.0000000000	  0.1012912632	 25.1342290309	901753.2840859630	  5.4390738027	-46.1266720392	-155.5869753930
  0.1017760184	  0.9987943040	685.4766332934	65934.0000000000	75949.0000000000	105263.0000000000	 92.0000000000	 80.0000000000	 58.0000000000	  0.0000000000	  0.0000000000	  0.0000000000	  0.0659392612	 17.5061948833	985901.6514405488	  4.1525946347	-48.0605258987	-4983.7893190542
  0.1017421793	  0.9870554949	682.6510733370	55046.0000000000	71429.0000000000	88235.0000000000	110.0000000000	 86.0000000000	 70.0000000000	  0.0000000000	  0.0000000000	  0.0000000000	  0.1132900938	 32.5642146689	1293955.6497454792	  8.6156161681	 74.9809242413	8876.8072723596
  0.0990240601	  0.9971159511	683.1799336853	45802.0000000000	250000.0000000000	105263.0000000000	132.0000000000	 26.0000000000	 58.0000000000	  0.0000000000	  0.0000000000	  0.0000000000	  0.1031446337	 14.0888924431	1182918.1953562661	 12.8139870277	 -2.1087065486	-5454.1359309576
  0.0994443978	  1.0044094468	685.3891176107	83333.0000000000	98361.0000000000	150000.0000000000	 74.0000000000	 62.0000000000	 42.0000000000	  0.0000000000	  0.0000000000	  0.0000000000	  0.0732915708	  7.0319910611	984791.0602548519	 -2.4358120894	-15.8799294416	2061.2790033236
  0.1000583333	  1.0291985349	688.2881926281	120000.0000000000	60000.0000000000	315789.0000000000	 52.0000000000	102.0000000000	 20.0000000000	  0.0000000000	  0.0000000000	  0.0000000000	  0.1004903316	 11.5249767275	874766.4509380633	  1.1213723783	-69.5851790775	319.5067684568
  0.1001583333	  0.9968415061	690.5367643735	240000.0000000000	146341.0000000000	139535.0000000000	 26.0000000000	 42.0000000000	 44.0000000000	  0.0000000000	  0.0000000000	  0.0000000000	  0.0830293979	  6.9570846459	1055524.2535850182	  0.1914489408	  5.7571467495	-2580.7244800038
  0.0980560000	  0.9937364457	693.3770203406	62500.0000000000	181818.0000000000	82192.0000000000	 98.0000000000	 34.0000000000	 74.0000000000	  0.0000000000	  0.0000000000	  0.0000000000	  0.0635534703	  8.6106228966	599876.3846020463	  4.6841254573	 -3.7176326618	7264.5519613573
  0.0998305840	  0.9967798449	688.0643465078	56075.0000000000	95238.0000000000	115385.0000000000	108.0000000000	 64.0000000000	 54.0000000000	  0.0000000000	  0.0000000000	  0.0000000000	  0.0733187657	  6.5391026655	734354.2342571153	 -6.6032500772	 16.1332881673	3400.3048453579
  0.0976250000	  1.0305003565	690.2798781976	48000.0000000000	53097.0000000000	127660.0000000000	126.0000000000	114.0000000000	 48.0000000000	  0.0000000000	  0.0000000000	  0.0000000000	  0.0749618626	  6.2623041235	666794.0313326907	 -9.6944430640	-68.7904148346	-2518.6274609083
  0.0981775951	  0.9938588289	690.5505117627	44776.0000000000	93750.0000000000	133333.0000000000	136.0000000000	 66.0000000000	 46.0000000000	  0.0000000000	  0.0000000000	  0.0000000000	  0.0895653614	 26.2041646764	1713915.3831401258	 12.7165624391	 34.8078753722	3574.2717496035
  0.1041391041	  1.0290525687	688.5007285540	47619.0000000000	88235.0000000000	176471.0000000000	128.0000000000	 70.0000000000	 36.0000000000	  0.0000000000	  0.0000000000	  1.0000000000	  0.1278452084	 27.0279162471	1245515.8793703874	-13.0567056908	 40.3937029813	1581.3590053332
  0.1008933793	  1.0052594123	683.6766170695	49587.0000000000	84507.0000000000	150000.0000000000	122.0000000000	 72.0000000000	 42.0000000000	  0.0000000000	  0.0000000000	  0.0000000000	  0.1200375081	 29.8336770478	859570.0182389718	-11.4670199696	-47.1930349477	1922.5893019314
  0.0989627057	  1.0203625873	688.2202886886	86957.0000000000	90909.0000000000	200000.0000000000	 70.0000000000	 68.0000000000	 32.0000000000	  0.0000000000	  0.0000000000	  0.0000000000	  0.0986732143	 12.4923326219	785915.3496528589	  2.5559421444	 25.3475287939	-915.9541669483
  0.0995842033	  1.0137070769	685.8387080340	55556.0000000000	75000.0000000000	82192.0000000000	110.0000000000	 82.0000000000	 74.0000000000	  0.0000000000	  0.0000000000	  0.0000000000	  0.0728347177	  6.2431971235	679521.1054895177	  6.6403267472	-29.0415831486	-7631.6339710120
  0.0998970999	  1.0096088039	684.8069604853	47619.0000000000	117647.0000000000	250000.0000000000	128.0000000000	 52.0000000000	 26.0000000000	  0.0000000000	  0.0000000000	  0.0000000000	  0.0949268243	 18.4835798177	914682.3392369873	 11.1421853486	-16.4249354753	-537.9227077566
  0.1015782604	  1.0023770532	685.6558707245	67416.0000000000	68182.0000000000	98361.0000000000	 90.0000000000	 90.0000000000	 62.0000000000	  0.0000000000	  0.0000000000	  0.0000000000	  0.1154238273	 19.5239691241	813644.6599106845	  5.2075543547	 66.2855980467	-5332.8450879905
  0.0999566668	  1.0076263604	684.7170125081	115385.0000000000	157895.0000000000	133333.0000000000	 54.0000000000	 40.0000000000	 46.0000000000	  0.0000000000	  0.0000000000	  0.0000000000	  0.0751932603	 13.8023032292	1193405.0617320652	 -1.0777344870	  6.8929843672	3070.3897200272
  0.1004851005	  1.0054562265	688.2707789592	95238.0000000000	75949.0000000000	162162.0000000000	 64.0000000000	 80.0000000000	 38.0000000000	  0.0000000000	  0.0000000000	  0.0000000000	  0.1184680172	 19.8620370443	524245.0392539258	 -2.2239214752	 49.7172581999	-1225.8340258911
  0.0984943219	  0.9876637172	691.2340324831	98361.0000000000	68182.0000000000	139535.0000000000	 62.0000000000	 90.0000000000	 44.0000000000	  0.0000000000	  0.0000000000	  0.0000000000	  0.0790524576	 19.4302493584	799246.4793385661	 -1.6464345119	-65.9563342684	-2248.9627625353
  0.0991979365	  0.9988641730	688.8978256580	113208.0000000000	68182.0000000000	162162.0000000000	 54.0000000000	 90.0000000000	 38.0000000000	  0.0000000000	  0.0000000000	  0.0000000000	  0.0721848869	  6.0154156688	397757.5318796187	 -1.1255934887	 36.8357120183	1078.8385704899
  0.1004847488	  0.9789113335	685.3346123796	57143.0000000000	171429.0000000000	428571.0000000000	106.0000000000	 36.0000000000	 16.0000000000	  0.0000000000	  0.0000000000	  0.0000000000	  0.0797428572	 13.3963150507	1665309.3645734766	  6.5249397372	 -5.3583226357	178.2387348700
  0.0993261279	  1.0010015473	693.6854442517	53571.0000000000	133333.0000000000	146341.0000000000	114.0000000000	 46.0000000000	 42.0000000000	  0.0000000000	  0.0000000000	  0.0000000000	  0.1154373638	 27.0720143405	1716715.5415149219	 -9.3079468850	 14.5760417493	-2854.3057030092
  0.1010013140	  0.9954946360	687.6084435292	82192.0000000000	71429.0000000000	176471.0000000000	 74.0000000000	 86.0000000000	 36.0000000000	  0.0000000000	  0.0000000000	  0.0000000000	  0.0473820646	 13.6704568840	414946.0538698763	  2.0279268031	-48.3427985138	896.9952068191
  0.0993013115	  1.0021692268	689.9494684675	58252.0000000000	89552.0000000000	122449.0000000000	104.0000000000	 68.0000000000	 50.0000000000	  0.0000000000	  0.0000000000	  0.0000000000	  0.1210179032	 26.9402201331	1242202.2096119525	  7.6274574641	-39.0847583408	-3773.9361433547
  0.0992927429	  0.9900690632	688.9007612903	48780.0000000000	73171.0000000000	187500.0000000000	124.0000000000	 84.0000000000	 34.0000000000	  0.0000000000	  0.0000000000	  0.0000000000	  0.0662656371	 15.8425256744	689541.7508026890	  8.8789730086	-49.1868614558	-994.7830286583
  0.1008787895	  0.9712633355	683.5589032737	38462.0000000000	461538.0000000000	166667.0000000000	158.0000000000	 14.0000000000	 38.0000000000	  0.0000000000	  0.0000000000	  0.0000000000	  0.0645174989	 16.7477554368	1182332.5234210866	 15.6639539725	  0.5231104460	1717.0781167819
  0.1016100000	  1.0214909383	683.6809029342	50000.0000000000	77922.0000000000	84507.0000000000	122.0000000000	 78.0000000000	 72.0000000000	  0.0000000000	  0.0000000000	  0.0000000000	  0.0578472469	 10.1518576965	969042.7500674694	  7.7088027691	-33.5379099111	-8582.6111896594
  0.1008991009	  0.9946635020	696.4289102920	81081.0000000000	153846.0000000000	120000.0000000000	 76.0000000000	 40.0000000000	 52.0000000000	  0.0000000000	  0.0000000000	  0.0000000000	  0.0899389660	 13.3912375690	1835907.6002782821	 -2.8686576457	  7.0962398367	-4986.0661834822
  0.1006833763	  1.0090334831	688.5616499031	45802.0000000000	60000.0000000000	84507.0000000000	132.0000000000	102.0000000000	 72.0000000000	  0.0000000000	  0.0000000000	  0.0000000000	  0.1035251916	 14.5518282419	503336.3151168322	-12.8065553547	-77.2555054266	6084.6707012579
  0.1015221878	  0.9926829069	684.9152329895	46512.0000000000	93750.0000000000	103448.0000000000	130.0000000000	 66.0000000000	 60.0000000000	  0.0000000000	  0.0000000000	  0.0000000000	  0.0918810244	  4.4526469508	1230726.7736236588	-11.8034039213	-14.0703654067	-5700.0847393745
  0.1010518475	  1.0162040242	689.4006410816	55046.0000000000	48780.0000000000	181818.0000000000	110.0000000000	124.0000000000	 34.0000000000	  0.0000000000	  0.0000000000	  0.0000000000	  0.0654399498	  5.5749189554	404459.5537807667	  6.5232916984	-80.0725269329	804.6035184864
  0.0999063841	  1.0223486443	690.3278960514	43796.0000000000	84507.0000000000	84507.0000000000	138.0000000000	 72.0000000000	 72.0000000000	  0.0000000000	  0.0000000000	  0.0000000000	  0.1196866417	 19.4996478684	677615.4152936833	-15.4842900011	-38.4747438782	-7206.7289238949
  0.0959180136	  0.9852077957	688.6077332147	46154.0000000000	230769.0000000000	96774.0000000000	132.0000000000	 28.0000000000	 64.0000000000	  0.0000000000	  0.0000000000	  0.0000000000	  0.1029697051	 13.3028422240	523190.4825526405	 12.5447149275	  2.5892986767	4523.4289411092
  0.1009716748	  0.9895238197	683.9448004617	54545.0000000000	92308.0000000000	285714.0000000000	112.0000000000	 66.0000000000	 22.0000000000	  0.0000000000	  0.0000000000	  0.0000000000	  0.0897771483	 27.7298503184	1642737.9613707759	  7.7407726176	-37.2364334938	498.2152949597
  0.0978875269	  0.9736874406	691.2792289524	45113.0000000000	62500.0000000000	127660.0000000000	134.0000000000	 98.0000000000	 48.0000000000	  0.0000000000	  0.0000000000	  0.0000000000	  0.1142486676	 19.6719501443	704892.1010383350	-14.0248640199	-81.8131367780	-2605.0645503825
  0.0981827145	  0.9829288052	681.0912294774	58824.0000000000	76923.0000000000	127660.0000000000	104.0000000000	 80.0000000000	 48.0000000000	  0.0000000000	  0.0000000000	  0.0000000000	  0.0743213104	  3.3446977801	786699.7960752102	  5.9168942252	 20.3812829581	-2792.2671678390
  0.1005033333	  1.0025224498	680.8368241932	150000.0000000000	98361.0000000000	115385.0000000000	 42.0000000000	 62.0000000000	 54.0000000000	  0.0000000000	  0.0000000000	  0.0000000000	  0.1021397166	 37.0755365545	1509010.0510096850	  0.6688512134	-36.0028462725	4792.7098244389
  0.0989902081	  0.9928948804	685.8408854563	39216.0000000000	80000.0000000000	90909.0000000000	154.0000000000	 76.0000000000	 68.0000000000	  0.0000000000	  0.0000000000	  0.0000000000	  0.0840249211	  2.2985504317	1284145.9007525395	-17.0069928804	 14.8463097271	-8226.6354387819
  0.1018323303	  0.9822604687	690.2500804113	52174.0000000000	75000.0000000000	90909.0000000000	116.0000000000	 82.0000000000	 68.0000000000	  0.0000000000	  0.0000000000	  0.0000000000	  0.1126551817	  9.9021015862	599820.4610540348	  9.6759622166	 36.2437227950	5667.8628456630
  0.0996120996	  0.9823545127	689.3592613915	111111.0000000000	105263.0000000000	107143.0000000000	 56.0000000000	 58.0000000000	 58.0000000000	  0.0000000000	  0.0000000000	  0.0000000000	  0.0761173783	 10.5730087651	1006278.2980305097	 -1.1943365210	 16.5969546083	-4886.4378319572
  0.0988360155	  1.0081026220	692.4553458912	77922.0000000000	83333.0000000000	96774.0000000000	 78.0000000000	 74.0000000000	 64.0000000000	  0.0000000000	  0.0000000000	  0.0000000000	  0.0889388547	 26.6600976109	1362214.0320912334	 -3.1417452047	-46.7224556934	7174.0110837693
  0.0996396014	  0.9850628975	687.1617219043	37736.0000000000	61856.0000000000	120000.0000000000	160.0000000000	 98.0000000000	 52.0000000000	  0.0000000000	  0.0000000000	  0.0000000000	  0.1071087437	  4.4185691142	815072.9018833518	-21.2858552645	-39.3230768366	-3193.3547920282
  0.1023583333	  1.0191344426	686.3633136790	60000.0000000000	105263.0000000000	206897.0000000000	102.0000000000	 58.0000000000	 30.0000000000	  0.0000000000	  0.0000000000	  0.0000000000	  0.0909169298	 25.8654260195	2504206.7783762761	  6.1384453021	-25.2517611272	1516.8539712719
