  0.1049346049	  0.9997817818	683.1014756712	363636.0000000000	47059.0000000000	59701.0000000000	 12.0000000000	 86.0000000000	 68.0000000000	  0.0000000000	  0.0000000000	  0.0000000000	  0.0642682009	 10.4228111194	646734.1477681829	  0.0237241733	-54.3887886766	-7360.3827408009
  0.0983020085	  0.9694283737	685.5165096446	66667.0000000000	444444.0000000000	210526.0000000000	 62.0000000000	 10.0000000000	 20.0000000000	  0.0000000000	  0.0000000000	  0.0000000000	  0.0985172789	 11.9738592401	466260.9686325653	  2.1751477177	 -0.2304925535	282.5736286786
  0.0984309843	  1.0053215616	694.2267651757	33333.0000000000	86957.0000000000	68966.0000000000	122.0000000000	 48.0000000000	 60.0000000000	  0.0000000000	  0.0000000000	  0.0000000000	  0.1036504874	 19.0255422191	1016423.7859509832	 12.6781159086	 15.5011066377	-6493.3945063230
  0.1023291814	  1.0065002178	686.1638492319	55556.0000000000	190476.0000000000	333333.0000000000	 74.0000000000	 22.0000000000	 14.0000000000	  0.0000000000	  0.0000000000	  0.0000000000	  0.1011097044	 19.0588181153	1414499.2440732266	  3.4524912849	  2.1807614206	163.1921583768
  0.1026982879	  0.9992799351	688.3678808620	33058.0000000000	111111.0000000000	105263.0000000000	122.0000000000	 38.0000000000	 40.0000000000	  0.0000000000	  0.0000000000	  0.0000000000	  0.0587137481	  3.4727011289	1134559.8118318573	  9.8556542362	 -3.5258606240	2315.2759748929
  0.1016387602	  1.0098687983	689.4466516046	42105.0000000000	68966.0000000000	72727.0000000000	 96.0000000000	 60.0000000000	 56.0000000000	  0.0000000000	  0.0000000000	  0.0000000000	  0.1294731753	 15.0510365245	869267.0462345901	 -7.9468887740	 24.8656476285	5116.1128112715
  0.1034894221	  0.9798672999	682.9153673355	31008.0000000000	54054.0000000000	62500.0000000000	130.0000000000	 76.0000000000	 66.0000000000	  0.0000000000	  0.0000000000	  0.0000000000	  0.0920399956	 18.5694731378	1175871.1192736987	 14.4279800814	-50.0558813965	8868.6110210660
  0.0964218750	  0.9850256947	680.3929081761	32000.0000000000	53333.0000000000	58824.0000000000	126.0000000000	 76.0000000000	 70.0000000000	  0.0000000000	  0.0000000000	  0.0000000000	  0.0750746717	  9.0053226525	551160.3204175513	 11.8599824708	-36.1349936155	7141.0919913260
  0.0981105316	  0.9783032897	685.1540837594	65574.0000000000	76923.0000000000	67797.0000000000	 62.0000000000	 54.0000000000	 60.0000000000	  0.0000000000	  0.0000000000	  0.0000000000	  0.1246096818	 29.7311374920	1472738.7049839778	  2.5522575638	-25.9865534132	-8117.3509194587
  0.0994083275	  1.0011654391	689.4948124002	27211.0000000000	54054.0000000000	125000.0000000000	148.0000000000	 76.0000000000	 34.0000000000	  0.0000000000	  0.0000000000	  0.0000000000	  0.0649392793	  1.9899635339	2317259.4060858940	-16.6574829359	-16.3904436910	-2146.4386308198
  0.0970179217	  0.9967235974	682.1146706291	27397.0000000000	37383.0000000000	67797.0000000000	148.0000000000	108.0000000000	 60.0000000000	  0.0000000000	  0.0000000000	  0.0000000000	  0.1110650495	  8.1522707203	707615.6646902502	-21.4467754903	 84.3301150778	5615.8355303124
  0.0979524872	  0.9976382703	688.5666220456	38095.0000000000	83333.0000000000	148148.0000000000	106.0000000000	 50.0000000000	 28.0000000000	  0.0000000000	  0.0000000000	  0.0000000000	  0.0979741676	 13.2402378094	744992.4094324418	 -8.8919781094	-14.2607750060	801.3306271808
  0.1027252757	  0.9839548696	684.5621125147	45977.0000000000	52632.0000000000	72727.0000000000	 88.0000000000	 78.0000000000	 56.0000000000	  0.0000000000	  0.0000000000	  0.0000000000	  0.1072031179	 24.8727777689	1537087.1380817550	 -5.7084607327	 61.9052794329	6888.5929793056
  0.0977682228	  0.9716023157	681.7139955386	43956.0000000000	76923.0000000000	78431.0000000000	 92.0000000000	 54.0000000000	 52.0000000000	  0.0000000000	  0.0000000000	  0.0000000000	  0.0799864490	 23.5528338020	676665.2797028309	  5.6383828223	-23.5145193424	-3860.1154586026
  0.0991750000	  0.9951412355	688.7152975850	40000.0000000000	85106.0000000000	200000.0000000000	102.0000000000	 48.0000000000	 22.0000000000	  0.0000000000	  0.0000000000	  0.0000000000	  0.0912037706	 10.2022741853	1018469.7852919978	 -7.5795682550	-12.4137614959	-442.4990948787
  0.1004322489	  0.9673507843	696.1409154423	114286.0000000000	53333.0000000000	70175.0000000000	 36.0000000000	 76.0000000000	 58.0000000000	  0.0000000000	  0.0000000000	  0.0000000000	  0.0723361320	  4.0681428437	404969.8405874288	  0.4741014614	-24.4042735526	-3896.3733150630
  0.0973848993	  1.0136096398	686.5168094893	57971.0000000000	67797.0000000000	71429.0000000000	 70.0000000000	 60.0000000000	 58.0000000000	  0.0000000000	  0.0000000000	  0.0000000000	  0.0571689962	 11.8200056738	779343.5647289153	 -2.3920023998	 23.0999732086	5283.8612909854
  0.1022277639	  0.9844954699	686.4803882988	30075.0000000000	64516.0000000000	74074.0000000000	134.0000000000	 64.0000000000	 56.0000000000	  0.0000000000	  0.0000000000	  0.0000000000	  0.0917391754	 15.3204298473	872733.4406487941	-15.4900929224	-29.4839303539	4962.6229994599
  0.0993600000	  0.9800220318	690.1642661532	50000.0000000000	222222.0000000000	93023.0000000000	 82.0000000000	 20.0000000000	 44.0000000000	  0.0000000000	  0.0000000000	  0.0000000000	  0.0562900089	  7.5393852113	664170.7215010298	  3.4438314045	  0.8919602868	-2403.6811695133
  0.0978327228	  0.9994738084	688.7410116636	36036.0000000000	70175.0000000000	114286.0000000000	112.0000000000	 58.0000000000	 36.0000000000	  0.0000000000	  0.0000000000	  0.0000000000	  0.0791883914	 13.2616699019	1037990.4249033338	  9.0325253396	 22.2401139177	1782.8681771928
  0.0993922477	  0.9846825267	687.2856858483	72727.0000000000	85106.0000000000	114286.0000000000	 56.0000000000	 48.0000000000	 36.0000000000	  0.0000000000	  0.0000000000	  0.0000000000	  0.0649372911	 14.0601732843	1316837.0196727703	  1.4035816904	 14.2381126567	2113.4165013199
  0.0998869000	  1.0166157247	682.9609996961	45977.0000000000	86957.0000000000	71429.0000000000	 88.0000000000	 48.0000000000	 58.0000000000	  0.0000000000	  0.0000000000	  0.0000000000	  0.0917319353	 12.0509276974	1157933.7718094036	 -5.4221177976	 12.6680158843	6241.0873175244
  0.1025839006	  0.9715707651	689.5281825920	45977.0000000000	78431.0000000000	190476.0000000000	 88.0000000000	 52.0000000000	 22.0000000000	  0.0000000000	  0.0000000000	  0.0000000000	  0.1060696684	 17.0269305251	886519.3337268195	  5.6995204526	 19.1267670130	460.3373083606
  0.0998002016	  0.9843927338	680.9708865245	55556.0000000000	47619.0000000000	97561.0000000000	 74.0000000000	 86.0000000000	 42.0000000000	  0.0000000000	  0.0000000000	  0.0000000000	  0.0646320349	  5.5830125731	551919.7537032872	  2.8435557849	-38.2189809199	-1940.8778840778
  0.1006439018	  1.0005219532	685.2684678047	29197.0000000000	137931.0000000000	100000.0000000000	138.0000000000	 30.0000000000	 42.0000000000	  0.0000000000	  0.0000000000	  0.0000000000	  0.0729974388	  7.9718609275	1515519.5871029319	 14.8360021628	 -3.2340092039	3096.9235668998
  0.1001810501	  1.0169761151	683.4141213418	56338.0000000000	45455.0000000000	80000.0000000000	 72.0000000000	 90.0000000000	 52.0000000000	  0.0000000000	  0.0000000000	  0.0000000000	  0.1241526209	 15.2547193836	414668.2545062657	  3.8051528927	-71.5505182586	2886.7817434605
  0.1019682887	  0.9886123542	689.7478931872	49383.0000000000	36364.0000000000	54054.0000000000	 82.0000000000	112.0000000000	 76.0000000000	  0.0000000000	  0.0000000000	  0.0000000000	  0.0741579253	  7.6497401976	397746.0379783578	  3.9857074955	 87.6013173638	-7375.3518736705
  0.1003607527	  0.9856062803	687.5218002762	30769.0000000000	125000.0000000000	100000.0000000000	132.0000000000	 34.0000000000	 42.0000000000	  0.0000000000	  0.0000000000	  0.0000000000	  0.0456003241	  1.8439326184	770822.3750935216	-10.2171584639	  1.8962269587	2273.0425713320
  0.0975487744	  1.0109489358	684.3969731167	45977.0000000000	70175.0000000000	72727.0000000000	 88.0000000000	 58.0000000000	 56.0000000000	  0.0000000000	  0.0000000000	  0.0000000000	  0.0816933466	 24.5247074834	727497.6519517237	  4.9775391540	-30.5053312194	-4734.1372383633
  0.0994632225	  1.0084150699	681.8489544422	78431.0000000000	90909.0000000000	85106.0000000000	 52.0000000000	 46.0000000000	 48.0000000000	  0.0000000000	  0.0000000000	  0.0000000000	  0.1143071780	 27.5663500245	872521.5665791279	 -1.5507054844	-16.4784625292	3552.8611278654
  0.0997312022	  0.9876762895	685.1131692363	41667.0000000000	102564.0000000000	148148.0000000000	 98.0000000000	 40.0000000000	 28.0000000000	  0.0000000000	  0.0000000000	  0.0000000000	  0.1057818423	 17.4353881992	1323986.9919043158	 -7.3494186675	-10.1331308997	-1095.2673548034
  0.1009187500	  0.9998561841	690.7851281202	80000.0000000000	70175.0000000000	57971.0000000000	 52.0000000000	 58.0000000000	 70.0000000000	  0.0000000000	  0.0000000000	  0.0000000000	  0.0604091774	  4.6218827486	1015944.1931415610	  1.0754082861	 13.4360281078	-9914.4397688318
  0.1020328163	  0.9546768643	684.2747434857	35714.0000000000	666667.0000000000	102564.0000000000	114.0000000000	  8.0000000000	 40.0000000000	  0.0000000000	  0.0000000000	  0.0000000000	  0.0929359958	 24.9221586385	1919195.8308236857	 10.1797010556	  0.0944796511	-3278.0871623424
  0.1003036018	  1.0262341554	688.6416905136	43478.0000000000	43478.0000000000	105263.0000000000	 94.0000000000	 94.0000000000	 40.0000000000	  0.0000000000	  0.0000000000	  0.0000000000	  0.0886522677	 16.6261940484	3415771.1337356740	 -5.9982642774	-83.2742079476	-4116.8809348321
  0.1030431967	  0.9933850439	686.2391147866	21622.0000000000	121212.0000000000	65574.0000000000	186.0000000000	 34.0000000000	 62.0000000000	  0.0000000000	  0.0000000000	  0.0000000000	  0.0291102530	  5.7875930676	1191122.3397704412	 19.9615703789	  3.7243743509	-7827.1768658788
  0.1017968518	  0.9916332752	684.4024429040	40404.0000000000	64516.0000000000	102564.0000000000	100.0000000000	 64.0000000000	 40.0000000000	  0.0000000000	  0.0000000000	  0.0000000000	  0.1388494163	 16.9512902343	1659550.2302840785	  9.1123332003	 31.1234892814	-3135.0480532699
  0.1000211749	  0.9673267643	672.9058316410	33058.0000000000	45977.0000000000	78431.0000000000	122.0000000000	 88.0000000000	 52.0000000000	  0.0000000000	  0.0000000000	  0.0000000000	  0.1202627939	 24.8528536742	719321.8789410868	-13.8914330804	-87.2173894469	3919.8745261363
  0.1030191758	  1.0029329910	690.9857974220	41667.0000000000	34483.0000000000	97561.0000000000	 98.0000000000	118.0000000000	 42.0000000000	  0.0000000000	  0.0000000000	  0.0000000000	  0.0976426311	  5.1212412839	659467.2227872668	  7.0846166658	 82.5368040353	2140.5727262815
  0.1014344636	  0.9999679164	687.6531263806	27397.0000000000	95238.0000000000	68966.0000000000	148.0000000000	 44.0000000000	 60.0000000000	  0.0000000000	  0.0000000000	  0.0000000000	  0.0864676664	 22.9347102769	649151.0991345958	 18.9298795822	 13.6921767992	-5229.0322363827
  0.1031806032	  1.0125261246	690.6469559801	222222.0000000000	58824.0000000000	148148.0000000000	 20.0000000000	 70.0000000000	 28.0000000000	  0.0000000000	  0.0000000000	  0.0000000000	  0.0993294748	 24.5467479419	1258856.3395001201	  0.1154580545	 47.7738719246	-1018.5798457955
  0.0988903064	  0.9934501277	689.2187562811	49383.0000000000	67797.0000000000	166667.0000000000	 82.0000000000	 60.0000000000	 26.0000000000	  0.0000000000	  0.0000000000	  0.0000000000	  0.0656804679	  7.8199964018	1112632.2418024819	 -3.7858935446	 18.7121494203	-706.8374056009
  0.0971702783	  1.0267554127	687.7136676542	36364.0000000000	49383.0000000000	181818.0000000000	112.0000000000	 82.0000000000	 24.0000000000	  0.0000000000	  0.0000000000	  0.0000000000	  0.0717958818	  8.0565416468	795528.1629039737	  8.4770989607	-41.5331142285	-508.5321269283
  0.1005073801	  0.9871963853	678.8666520604	32520.0000000000	95238.0000000000	95238.0000000000	124.0000000000	 44.0000000000	 44.0000000000	  0.0000000000	  0.0000000000	  0.0000000000	  0.0824665883	 16.5869865447	765803.6803587340	 11.9899568699	-11.3566239753	2562.3968587255
  0.1019146178	  1.0024524783	685.1614772092	47059.0000000000	97561.0000000000	51948.0000000000	 86.0000000000	 42.0000000000	 78.0000000000	  0.0000000000	  0.0000000000	  0.0000000000	  0.0822186046	 16.0515736527	734627.4991951054	 -4.7263959586	-11.0475053274	-11199.0972580256
  0.1034144227	  1.0168567287	683.5255095971	39216.0000000000	39216.0000000000	72727.0000000000	104.0000000000	104.0000000000	 56.0000000000	  0.0000000000	  0.0000000000	  0.0000000000	  0.0840272936	 11.9544312232	1180242.0937448132	  7.5691576928	-91.1691102459	-6073.8805205777
  0.0974844811	  0.9842189821	681.9017947804	30769.0000000000	42553.0000000000	70175.0000000000	132.0000000000	 96.0000000000	 58.0000000000	  0.0000000000	  0.0000000000	  0.0000000000	  0.1198830079	 11.7554601975	1398168.0025298409	-16.6974773744	-72.5659601595	-7333.1423660568
  0.1000920752	  0.9766833649	682.3211860420	31496.0000000000	74074.0000000000	75472.0000000000	128.0000000000	 56.0000000000	 54.0000000000	  0.0000000000	  0.0000000000	  0.0000000000	  0.0872492399	 11.3241141177	770751.0593462635	-13.3830178603	 17.8176778300	-4438.9838720774
  0.1005731006	  1.0156372969	683.2428101642	90909.0000000000	66667.0000000000	71429.0000000000	 46.0000000000	 62.0000000000	 58.0000000000	  0.0000000000	  0.0000000000	  0.0000000000	  0.1012497256	 13.3607315063	452642.2656935090	  1.0224696808	 25.0981836111	3891.4239972209
  0.0982995491	  1.0037309647	688.3859757114	56338.0000000000	40000.0000000000	71429.0000000000	 72.0000000000	102.0000000000	 58.0000000000	  0.0000000000	  0.0000000000	  0.0000000000	  0.0821956555	  5.1570694761	1447263.4691399997	  3.0895199724	-57.4472075414	-7068.6109253796
  0.1021073521	  1.0173613946	682.6042752857	63492.0000000000	57143.0000000000	58824.0000000000	 64.0000000000	 72.0000000000	 70.0000000000	  0.0000000000	  0.0000000000	  0.0000000000	  0.0392602272	 17.6831068605	567921.1626719676	  1.5546662918	-42.8295436680	-7070.2734745632
  0.1008134435	  0.9721951439	683.4126092341	39216.0000000000	80000.0000000000	88889.0000000000	104.0000000000	 52.0000000000	 46.0000000000	  0.0000000000	  0.0000000000	  0.0000000000	  0.1271804799	 24.0554226668	1393411.0934018285	 -9.4036917947	-21.7724293500	-3904.3037755021
  0.1033604231	  0.9867865144	682.5020410343	46512.0000000000	57143.0000000000	166667.0000000000	 88.0000000000	 72.0000000000	 26.0000000000	  0.0000000000	  0.0000000000	  0.0000000000	  0.1387346514	 19.9568206772	608257.8023984386	 -6.3697042396	-45.7013765224	522.7021850858
  0.1010491916	  0.9917237850	685.6366577282	46512.0000000000	57971.0000000000	85106.0000000000	 88.0000000000	 70.0000000000	 48.0000000000	  0.0000000000	  0.0000000000	  0.0000000000	  0.0759358800	 13.4459082890	753906.1004185553	 -4.6981661022	-36.5403925859	3322.5206409180
  0.1004559013	  0.9965314965	689.3547811827	41237.0000000000	52632.0000000000	90909.0000000000	 98.0000000000	 78.0000000000	 46.0000000000	  0.0000000000	  0.0000000000	  0.0000000000	  0.1040982910	 18.3465464844	1332761.0164220489	 -7.4101925628	-53.7986129640	3688.4109139576
  0.1019406007	  1.0131938917	682.6625263789	29630.0000000000	222222.0000000000	108108.0000000000	136.0000000000	 20.0000000000	 38.0000000000	  0.0000000000	  0.0000000000	  0.0000000000	  0.1039432090	 12.4310548429	504459.5561537060	-17.2254395879	 -1.2703335001	1496.6943117864
  0.0999270006	  1.0058627135	679.6840929909	54795.0000000000	64516.0000000000	66667.0000000000	 74.0000000000	 64.0000000000	 62.0000000000	  0.0000000000	  0.0000000000	  0.0000000000	  0.0894147261	 11.2693279647	989018.3149850699	 -3.3533640557	-24.9021653496	6884.8162935974
  0.1008096220	  0.9752707286	681.9337796153	47059.0000000000	52632.0000000000	83333.0000000000	 86.0000000000	 78.0000000000	 50.0000000000	  0.0000000000	  0.0000000000	  0.0000000000	  0.1083212541	 14.7980036679	996496.1336448501	  5.4978710314	-48.0526413555	3970.1967038797
  0.1003040000	  0.9773183356	686.7240591954	31250.0000000000	41237.0000000000	95238.0000000000	130.0000000000	 98.0000000000	 44.0000000000	  0.0000000000	  0.0000000000	  0.0000000000	  0.0559580026	  3.5787578457	1596657.3314961530	 11.0339842622	 43.7688705615	3710.3875482553
  0.0991326541	  1.0070136919	687.4434864659	48193.0000000000	43956.0000000000	76923.0000000000	 84.0000000000	 92.0000000000	 54.0000000000	  0.0000000000	  0.0000000000	  0.0000000000	  0.0977911953	  8.4575036737	1544849.2545517539	 -4.8355371710	 57.4449281108	-6106.5808729163
  0.1002646003	  0.9927009326	689.9518034369	37037.0000000000	160000.0000000000	250000.0000000000	110.0000000000	 26.0000000000	 18.0000000000	  0.0000000000	  0.0000000000	  0.0000000000	  0.1142343982	 22.9325516727	1314420.6332117338	-10.2613712307	  3.7019381858	-273.0828248791
  0.0979235360	  0.9916069153	684.8570842902	36697.0000000000	54054.0000000000	97561.0000000000	110.0000000000	 76.0000000000	 42.0000000000	  0.0000000000	  0.0000000000	  0.0000000000	  0.0718222227	 13.6804698459	425073.5362846434	 -8.3030626867	-43.3762545277	-1708.9106307326
  0.1002646003	  0.9933550201	689.0261204134	95238.0000000000	97561.0000000000	121212.0000000000	 44.0000000000	 42.0000000000	 34.0000000000	  0.0000000000	  0.0000000000	  0.0000000000	  0.1000613800	 43.2965866930	1023213.6710954211	 -0.8950112809	 17.6994491774	1610.4793546208
  0.0987551390	  1.0282610266	686.6504872798	34783.0000000000	74074.0000000000	133333.0000000000	116.0000000000	 56.0000000000	 32.0000000000	  0.0000000000	  0.0000000000	  0.0000000000	  0.0629328561	  7.1156523437	1226974.1055797939	  8.9869722346	 14.1338766217	1383.2287765521
  0.0985594435	  0.9629211352	683.6387250319	42553.0000000000	86957.0000000000	111111.0000000000	 96.0000000000	 48.0000000000	 38.0000000000	  0.0000000000	  0.0000000000	  0.0000000000	  0.1062461404	 21.7424878070	547319.3081569686	 -6.9614525386	 16.5750269736	-1468.9282202201
  0.0992852704	  0.9804164832	685.9932353440	35398.0000000000	49383.0000000000	85106.0000000000	114.0000000000	 82.0000000000	 48.0000000000	  0.0000000000	  0.0000000000	  0.0000000000	  0.0838442668	 19.6240770798	982125.8423257043	  9.8335881502	 66.1123779431	-3730.0346598219
  0.0981144358	  0.9855621674	686.1909075459	43011.0000000000	40000.0000000000	95238.0000000000	 94.0000000000	102.0000000000	 44.0000000000	  0.0000000000	  0.0000000000	  0.0000000000	  0.0804470420	 12.3459343162	1038430.6646484998	 -5.9814155658	-88.1013995011	-2967.8616102540
  0.1002192252	  1.0206855634	685.9652183585	36036.0000000000	58824.0000000000	61538.0000000000	112.0000000000	 70.0000000000	 66.0000000000	  0.0000000000	  0.0000000000	  0.0000000000	  0.0824165477	  9.5009284001	818359.3953543832	 -9.3090804009	-29.5440980621	-7650.5371487270
  0.1034386595	  1.0139220838	677.8486015216	41237.0000000000	95238.0000000000	133333.0000000000	 98.0000000000	 44.0000000000	 32.0000000000	  0.0000000000	  0.0000000000	  0.0000000000	  0.0814705525	 17.5506991040	546867.6917892189	  6.6721003615	-11.9978235290	900.9745586414
  0.1005912966	  0.9829025303	687.6022569426	49383.0000000000	46512.0000000000	70175.0000000000	 82.0000000000	 88.0000000000	 58.0000000000	  0.0000000000	  0.0000000000	  0.0000000000	  0.0973102589	 13.2518088488	1698635.0258968780	 -4.6473779757	-62.4519499087	7974.8438654792
  0.0991026475	  0.9875770426	686.0795941326	29197.0000000000	93023.0000000000	62500.0000000000	138.0000000000	 44.0000000000	 66.0000000000	  0.0000000000	  0.0000000000	  0.0000000000	  0.0955895219	  3.7153586446	1170713.5761228562	-16.8952498008	  5.8843206959	-8793.3963241721
  0.0991236982	  1.0061170150	690.8088233325	31496.0000000000	51282.0000000000	70175.0000000000	128.0000000000	 80.0000000000	 58.0000000000	  0.0000000000	  0.0000000000	  0.0000000000	  0.1103040654	 16.8788857698	849870.0791668235	-14.9479282932	-54.8341960118	-5586.8507144529
  0.1021141021	  0.9927977938	687.3822698128	37037.0000000000	85106.0000000000	100000.0000000000	110.0000000000	 48.0000000000	 42.0000000000	  0.0000000000	  0.0000000000	  0.0000000000	  0.1196082411	 15.0533362624	723508.3056277748	-10.4493285655	-14.7426976251	-2132.7511238900
  0.0999676000	  0.9857485298	688.1859653683	37037.0000000000	105263.0000000000	88889.0000000000	110.0000000000	 40.0000000000	 46.0000000000	  0.0000000000	  0.0000000000	  0.0000000000	  0.1115697243	 23.2838612647	840141.2433966601	-10.1067202833	-10.9581833835	3186.5940000466
  0.1008550053	  1.0214409582	698.0733877897	70175.0000000000	55556.0000000000	76923.0000000000	 58.0000000000	 74.0000000000	 54.0000000000	  0.0000000000	  0.0000000000	  0.0000000000	  0.0818562589	 33.0578021028	1067408.6342576675	 -1.7498102976	-62.6120548517	-5146.5733691462
  0.0996112031	  0.9786967079	687.3442357029	41667.0000000000	46512.0000000000	80000.0000000000	 98.0000000000	 88.0000000000	 52.0000000000	  0.0000000000	  0.0000000000	  0.0000000000	  0.1187771541	 15.8995354108	954220.0316672396	  7.7132283973	 69.2238315070	4315.7301358671
  0.1035924551	  1.0161212139	685.2190741930	26667.0000000000	45977.0000000000	100000.0000000000	152.0000000000	 88.0000000000	 42.0000000000	  0.0000000000	  0.0000000000	  0.0000000000	  0.1024490696	 19.6804166296	803087.9539061693	-22.0974173495	-77.3375232424	-2227.9390210784
  0.0994720000	  0.9975016380	686.2756332889	31250.0000000000	85106.0000000000	153846.0000000000	130.0000000000	 48.0000000000	 28.0000000000	  0.0000000000	  0.0000000000	  0.0000000000	  0.1283798480	 12.9455637317	1136521.2493982122	-16.6917976704	-13.3328487011	-899.3982571593
  0.1009969520	  0.9913375450	685.1585326163	31496.0000000000	60606.0000000000	105263.0000000000	128.0000000000	 68.0000000000	 40.0000000000	  0.0000000000	  0.0000000000	  0.0000000000	  0.0652886679	 19.6804381709	2265535.2360035554	 11.5814950056	-39.4689186374	3326.7965084351
  0.1007161007	  1.0134126644	682.9351189276	60606.0000000000	36364.0000000000	59701.0000000000	 68.0000000000	112.0000000000	 68.0000000000	  0.0000000000	  0.0000000000	  0.0000000000	  0.0654335613	  1.2877216120	307898.6777743344	 -2.2855205215	 35.6176027312	5177.0818485829
  0.1005120000	  0.9948498009	685.8832303471	62500.0000000000	32520.0000000000	173913.0000000000	 66.0000000000	124.0000000000	 24.0000000000	  0.0000000000	  0.0000000000	  0.0000000000	  0.0645650230	  4.7802846918	777014.9722674573	  2.0641500455	-91.5167647319	550.2191532450
  0.1015900627	  1.0200761272	684.6733917962	40816.0000000000	95238.0000000000	95238.0000000000	100.0000000000	 44.0000000000	 44.0000000000	  0.0000000000	  0.0000000000	  0.0000000000	  0.0924666808	 36.8129167481	1642425.9492434275	  7.2574704069	 17.4505482947	-3626.5443580603
  0.1025813205	  0.9816894355	684.0073288765	50633.0000000000	114286.0000000000	70175.0000000000	 80.0000000000	 36.0000000000	 58.0000000000	  0.0000000000	  0.0000000000	  0.0000000000	  0.1003871371	 61.0719520568	1287014.6893967225	  4.3613575647	-14.2506030378	6880.6116749698
  0.0989008544	  0.9925965212	687.1763391044	44944.0000000000	43011.0000000000	133333.0000000000	 90.0000000000	 94.0000000000	 32.0000000000	  0.0000000000	  0.0000000000	  0.0000000000	  0.0898557072	 25.6016308426	1113803.4942573835	  5.5859333907	-104.0972644943	-1265.4732435478
  0.1004415251	  1.0106278240	687.5366133961	45977.0000000000	70175.0000000000	105263.0000000000	 88.0000000000	 58.0000000000	 40.0000000000	  0.0000000000	  0.0000000000	  0.0000000000	  0.0908593025	 48.7702071933	1622039.0687487512	 -5.3204839118	-42.4405540304	-2873.8255248197
  0.1003066261	  0.9817748895	690.1941179285	72727.0000000000	38835.0000000000	125000.0000000000	 56.0000000000	104.0000000000	 34.0000000000	  0.0000000000	  0.0000000000	  0.0000000000	  0.1072955026	 10.9490867287	1429357.4056262181	 -1.8736212170	 89.8262246974	-1762.1570746376
  0.1012469400	  1.0055637263	684.6821915015	39216.0000000000	36364.0000000000	142857.0000000000	104.0000000000	112.0000000000	 30.0000000000	  0.0000000000	  0.0000000000	  0.0000000000	  0.0716523702	  5.7083909140	1565948.1923349146	  7.0052073357	-76.2420268817	-1248.5599826937
  0.1013911670	  0.9938473086	687.4203031219	49383.0000000000	160000.0000000000	160000.0000000000	 82.0000000000	 26.0000000000	 26.0000000000	  0.0000000000	  0.0000000000	  0.0000000000	  0.1210011069	 11.7959949013	743641.6362368179	  5.1160889149	 -2.7997770881	672.2392871446
  0.1013026013	  0.9685060847	685.0068106377	25641.0000000000	333333.0000000000	153846.0000000000	158.0000000000	 14.0000000000	 28.0000000000	  0.0000000000	  0.0000000000	  0.0000000000	  0.0852227862	 32.9389615946	1035450.7606111659	 22.1402893422	 -0.7325250997	-860.0368089838
  0.0966662292	  0.9952652125	687.5519872435	53333.0000000000	68966.0000000000	102564.0000000000	 76.0000000000	 60.0000000000	 40.0000000000	  0.0000000000	  0.0000000000	  0.0000000000	  0.0958959937	 19.0290486117	712027.7898892923	  3.7954692605	 27.8649916706	2032.4396116830
  0.1011766012	  1.0092048717	683.4809112240	36036.0000000000	70175.0000000000	66667.0000000000	112.0000000000	 58.0000000000	 62.0000000000	  0.0000000000	  0.0000000000	  0.0000000000	  0.1006577745	 18.9917579927	1057586.5499198639	-10.2979406026	 26.9192696670	7235.8612675038
  0.0987820061	  0.9998606443	691.4337199114	66667.0000000000	55556.0000000000	74074.0000000000	 62.0000000000	 74.0000000000	 56.0000000000	  0.0000000000	  0.0000000000	  0.0000000000	  0.0918315079	 20.9736090685	567169.8384072464	  2.0905788328	-49.6803691946	-4038.8099688021
  0.0974733845	  0.9832115234	685.5938126605	47059.0000000000	52632.0000000000	200000.0000000000	 86.0000000000	 78.0000000000	 22.0000000000	  0.0000000000	  0.0000000000	  0.0000000000	  0.1078149457	  8.2545730427	1237310.8962796503	 -5.4154845767	 36.5822909658	480.8967282935
  0.0992695276	  0.9931350618	689.3036435564	65574.0000000000	88889.0000000000	114286.0000000000	 62.0000000000	 46.0000000000	 36.0000000000	  0.0000000000	  0.0000000000	  0.0000000000	  0.1332863222	 15.9839911474	612649.3844181142	  2.6945416282	 13.3875851972	1459.9026119188
  0.1028883863	  0.9494696504	685.7210752032	48193.0000000000	51948.0000000000	285714.0000000000	 84.0000000000	 78.0000000000	 16.0000000000	  0.0000000000	  0.0000000000	  0.0000000000	  0.0951657890	 12.6262218428	1925253.6081653470	 -4.8354160298	-46.2674975499	252.2332731870
  0.0997722018	  0.9692015092	685.6073944662	29412.0000000000	210526.0000000000	78431.0000000000	138.0000000000	 20.0000000000	 52.0000000000	  0.0000000000	  0.0000000000	  0.0000000000	  0.0908935608	 24.0087244245	884893.2703186716	 16.2627133033	  2.0096212855	4376.6778811932
  0.0988222529	  0.9838470340	692.8613923038	57143.0000000000	66667.0000000000	65574.0000000000	 72.0000000000	 62.0000000000	 62.0000000000	  0.0000000000	  0.0000000000	  0.0000000000	  0.0830605117	  5.4526896275	946819.5221298831	  2.9962056713	 15.9449501343	7156.9493009089
  0.0981657706	  0.9908025268	684.6330323614	34783.0000000000	160000.0000000000	81633.0000000000	116.0000000000	 26.0000000000	 50.0000000000	  0.0000000000	  0.0000000000	  0.0000000000	  0.0883501491	  9.3957137072	910359.8352375389	 10.4608277789	  2.3441237435	-4068.2929850153
  0.1015471543	  1.0093297913	692.9731312136	41237.0000000000	53333.0000000000	54795.0000000000	 98.0000000000	 76.0000000000	 74.0000000000	  0.0000000000	  0.0000000000	  0.0000000000	  0.0819988823	  7.7637720822	489230.5065481729	  6.6451334666	-33.7966336098	7970.7359438026
  0.1018981019	  0.9870031244	691.3793930871	54054.0000000000	285714.0000000000	102564.0000000000	 76.0000000000	 16.0000000000	 40.0000000000	  0.0000000000	  0.0000000000	  0.0000000000	  0.0963801793	 19.0553005787	2924862.5134816035	  3.6008900818	  0.8503275199	4004.1451181753
  0.1022562616	  0.9712008452	680.9985622532	28986.0000000000	66667.0000000000	97561.0000000000	140.0000000000	 62.0000000000	 42.0000000000	  0.0000000000	  0.0000000000	  0.0000000000	  0.0887782530	 20.0145049997	858629.5293358036	 16.7972647865	 31.4705282937	-2456.3634058704
  0.0990147525	  1.0260233927	684.9212340186	57143.0000000000	100000.0000000000	59701.0000000000	 72.0000000000	 42.0000000000	 68.0000000000	  0.0000000000	  0.0000000000	  0.0000000000	  0.1111477095	 36.4794572332	1583251.6581843547	 -3.4002666546	-14.8148352209	-11726.4450212386
  0.0981015981	  1.0051760928	690.4569356939	47619.0000000000	67797.0000000000	67797.0000000000	 86.0000000000	 60.0000000000	 60.0000000000	  0.0000000000	  0.0000000000	  0.0000000000	  0.1128075949	 29.6643759509	1354628.1049259708	  5.4003574606	 36.8074484465	7875.9064146643
  0.0987487100	  0.9817425737	689.5288701614	31008.0000000000	51282.0000000000	65574.0000000000	130.0000000000	 80.0000000000	 62.0000000000	  0.0000000000	  0.0000000000	  0.0000000000	  0.0936106111	 30.7872265159	1672905.2899121172	 14.5748774546	-75.0579179544	-9582.3884263027
  0.1030701754	  1.0164589938	683.9871933152	39216.0000000000	68966.0000000000	72727.0000000000	104.0000000000	 60.0000000000	 56.0000000000	  0.0000000000	  0.0000000000	  0.0000000000	  0.0884818915	 20.3328926035	787249.1619369856	  7.7707455780	 28.4816724960	-4948.9751012073
  0.0988341047	  1.0398481054	688.6154568849	44944.0000000000	67797.0000000000	181818.0000000000	 90.0000000000	 60.0000000000	 24.0000000000	  0.0000000000	  0.0000000000	  0.0000000000	  0.1042447704	 56.8905759476	1675216.2308228319	 -6.0881463701	-50.7720806643	-728.4597566516
  0.1046842297	  0.9939548198	689.1867876949	307692.0000000000	72727.0000000000	148148.0000000000	 14.0000000000	 56.0000000000	 28.0000000000	  0.0000000000	  0.0000000000	  0.0000000000	  0.1250582423	 24.9957112350	1047543.2318662389	 -0.0500865873	 27.8320492200	943.2293163452
  0.1003920000	  0.9870189930	686.3447243954	62500.0000000000	63492.0000000000	86957.0000000000	 66.0000000000	 64.0000000000	 48.0000000000	  0.0000000000	  0.0000000000	  0.0000000000	  0.1050124199	 21.3507432844	775870.9573092730	  2.6775779207	-36.5671623394	-3118.9833929024
  0.0979375000	  1.0259426402	680.5034109060	40000.0000000000	52632.0000000000	71429.0000000000	102.0000000000	 78.0000000000	 58.0000000000	  0.0000000000	  0.0000000000	  0.0000000000	  0.1233942339	 22.7483884864	1053613.2683279424	  8.7392874481	 59.8136398641	5937.1442960220
  0.0985333056	  1.0012192486	684.7486751562	33613.0000000000	57143.0000000000	133333.0000000000	120.0000000000	 72.0000000000	 32.0000000000	  0.0000000000	  0.0000000000	  0.0000000000	  0.0883303716	  9.7170146359	1139373.4057688108	-11.4183028069	-31.5899023157	-1272.3276456654
  0.0970740522	  1.0153083564	690.2208575333	28777.0000000000	78431.0000000000	66667.0000000000	140.0000000000	 52.0000000000	 62.0000000000	  0.0000000000	  0.0000000000	  0.0000000000	  0.0912313756	  8.9160000531	1105654.3576389512	 17.0673412973	 13.8624224886	-7400.5946875658
  0.0991331196	  1.0047963822	688.9966961604	42105.0000000000	40404.0000000000	64516.0000000000	 96.0000000000	100.0000000000	 64.0000000000	  0.0000000000	  0.0000000000	  0.0000000000	  0.0633685047	  8.8967195798	700109.3290599881	 -5.5666208941	-72.0265611838	-6222.8759492408
  0.0977162183	  1.0125358607	688.1907146718	26316.0000000000	55556.0000000000	76923.0000000000	154.0000000000	 74.0000000000	 54.0000000000	  0.0000000000	  0.0000000000	  0.0000000000	  0.0991537862	 24.7326185989	609809.6413426757	 22.4830985298	 55.2905872413	3880.3684065349
  0.0989703959	  1.0235912517	687.3411683198	83333.0000000000	51282.0000000000	97561.0000000000	 50.0000000000	 80.0000000000	 42.0000000000	  0.0000000000	  0.0000000000	  0.0000000000	  0.0368008811	  6.5496298364	606188.1490119562	 -0.7593950877	-34.4711377487	-2141.8165928719
  0.0987517100	  0.9836998420	682.1109241445	35088.0000000000	166667.0000000000	74074.0000000000	116.0000000000	 26.0000000000	 56.0000000000	  0.0000000000	  0.0000000000	  0.0000000000	  0.1101682550	 15.4762852469	1525793.2453115778	-11.4948744856	 -2.8316346124	-6513.7747324396
  0.0990082079	  0.9843841391	686.4062022128	35088.0000000000	222222.0000000000	105263.0000000000	116.0000000000	 20.0000000000	 40.0000000000	  0.0000000000	  0.0000000000	  0.0000000000	  0.0371539844	 12.2771864914	1146698.8991986027	  6.7412639104	  1.1978611467	-2405.8943324216
  0.0983275983	  1.0122574270	687.7757406965	27027.0000000000	78431.0000000000	142857.0000000000	150.0000000000	 52.0000000000	 30.0000000000	  0.0000000000	  0.0000000000	  0.0000000000	  0.0827691625	 18.6277488582	1241696.7674583585	 19.0937707458	-20.3292162838	1105.6247491579
  0.0994808030	  0.9986320870	690.1562304081	67797.0000000000	54054.0000000000	200000.0000000000	 60.0000000000	 76.0000000000	 22.0000000000	  0.0000000000	  0.0000000000	  0.0000000000	  0.0883633067	 12.9794754596	995686.6730174602	  1.9716308125	-42.1395036853	468.9837198887
  0.0977425790	  0.9678221773	686.3177556360	50633.0000000000	65574.0000000000	71429.0000000000	 80.0000000000	 62.0000000000	 58.0000000000	  0.0000000000	  0.0000000000	  0.0000000000	  0.0990385235	 24.2751963219	1227356.3280372443	 -4.3522255971	-35.6639906429	-6633.1708164376
  0.0957747662	  0.9657644450	689.1774268699	35714.0000000000	500000.0000000000	400000.0000000000	114.0000000000	 10.0000000000	 12.0000000000	  0.0000000000	  0.0000000000	  0.0000000000	  0.0821218075	 12.8665159165	724659.2506174291	  9.4702494903	  0.1711807731	-70.5914909795
  0.1007155782	  0.9894025810	692.9028859148	85106.0000000000	86957.0000000000	97561.0000000000	 48.0000000000	 48.0000000000	 42.0000000000	  0.0000000000	  0.0000000000	  0.0000000000	  0.1103157577	 38.9320821924	1205855.6447106863	 -1.2738569647	-22.6249342312	-3013.8506401031
  0.1005481005	  1.0034198951	692.1710333858	31746.0000000000	56338.0000000000	190476.0000000000	128.0000000000	 72.0000000000	 22.0000000000	  0.0000000000	  0.0000000000	  0.0000000000	  0.0927229174	 45.8093321853	1274317.8022597174	 13.6693087057	 72.6552450053	573.8779662889
  0.1006500000	  0.9623768887	692.4490066600	50000.0000000000	57143.0000000000	114286.0000000000	 82.0000000000	 72.0000000000	 36.0000000000	  0.0000000000	  0.0000000000	  0.0000000000	  0.0640416791	 15.0780850766	1067147.6644978425	  3.6722342755	-39.2761171855	1829.7575548072
  0.1007400252	  0.9818623373	684.5110154155	57971.0000000000	52632.0000000000	125000.0000000000	 70.0000000000	 78.0000000000	 34.0000000000	  0.0000000000	  0.0000000000	  0.0000000000	  0.0552332181	  5.4248021395	793870.9551104568	  2.3280285093	 29.2829320199	1252.3592825863
  0.1012069762	  0.9898034367	687.4355624605	51948.0000000000	50000.0000000000	70175.0000000000	 78.0000000000	 82.0000000000	 58.0000000000	  0.0000000000	  0.0000000000	  0.0000000000	  0.1377162577	 24.6350389397	661601.6814050064	 -4.7700050957	-71.3463593693	-5024.2304588258
  0.0997425997	  1.0322778909	686.1633666646	34188.0000000000	51282.0000000000	80000.0000000000	118.0000000000	 80.0000000000	 52.0000000000	  0.0000000000	  0.0000000000	  0.0000000000	  0.0467295232	 14.5670146225	736598.4967398134	  8.0126142391	-51.3709515054	-3781.3184833684
  0.1006240000	  0.9805085364	688.4261062796	62500.0000000000	54054.0000000000	93023.0000000000	 66.0000000000	 76.0000000000	 44.0000000000	  0.0000000000	  0.0000000000	  0.0000000000	  0.0796458480	 16.7718781140	1369512.7767875481	  2.3173838654	-48.6817322296	-3525.6188260162
  0.0994420795	  1.0010551861	687.9012735066	31008.0000000000	86957.0000000000	76923.0000000000	130.0000000000	 48.0000000000	 54.0000000000	  0.0000000000	  0.0000000000	  0.0000000000	  0.1278530032	 29.8988466687	1295702.0762080506	-16.9055359832	 19.1984773150	-5564.8953905055
  0.0983250528	  0.9910661123	690.4326298277	33613.0000000000	58824.0000000000	95238.0000000000	120.0000000000	 70.0000000000	 44.0000000000	  0.0000000000	  0.0000000000	  0.0000000000	  0.0993466418	  5.0506016753	1644202.5721624780	-12.2891159795	-21.6764080817	-3694.1800129555
  0.0974442224	  0.9824056027	687.3590756211	36036.0000000000	47619.0000000000	100000.0000000000	112.0000000000	 86.0000000000	 42.0000000000	  0.0000000000	  0.0000000000	  0.0000000000	  0.0944532225	 16.4321605170	823125.9681978750	 -9.9721529006	-66.2783231610	-2293.3641088298
  0.1014951880	  1.0197683942	687.7744731074	41667.0000000000	108108.0000000000	71429.0000000000	 98.0000000000	 38.0000000000	 58.0000000000	  0.0000000000	  0.0000000000	  0.0000000000	  0.0750685937	  9.8065548964	808526.1586226661	 -6.1592005308	  6.3827872308	-5334.1362536526
  0.1013961084	  1.0136607216	681.4667955884	43478.0000000000	80000.0000000000	71429.0000000000	 94.0000000000	 52.0000000000	 58.0000000000	  0.0000000000	  0.0000000000	  0.0000000000	  0.1054775280	 28.9456894813	858686.1295751118	  6.6258287554	-24.0933060567	-5393.8981382234
  0.1001524006	  0.9897312480	693.6971508529	83333.0000000000	200000.0000000000	85106.0000000000	 50.0000000000	 22.0000000000	 48.0000000000	  0.0000000000	  0.0000000000	  0.0000000000	  0.1078990327	 17.2793452631	771992.8713410932	  1.3003107691	 -1.9418088394	3351.0017405745
  0.0993897049	  0.9946964590	689.0430595492	58824.0000000000	47619.0000000000	210526.0000000000	 70.0000000000	 86.0000000000	 20.0000000000	  0.0000000000	  0.0000000000	  0.0000000000	  0.0983033385	  6.2412242362	2987423.0766178491	 -2.9690116497	-40.5757103240	-689.2324290222
  0.1002455241	  0.9898303527	685.9789125687	65574.0000000000	44444.0000000000	235294.0000000000	 62.0000000000	 92.0000000000	 18.0000000000	  0.0000000000	  0.0000000000	  0.0000000000	  0.0996206270	  7.7182402043	625520.7447884759	  2.2824212385	-53.5055941361	-227.0466236232
  0.1018899764	  0.9820909047	682.7226455083	29630.0000000000	153846.0000000000	93023.0000000000	136.0000000000	 28.0000000000	 44.0000000000	  0.0000000000	  0.0000000000	  0.0000000000	  0.1198762734	 18.3101980112	755687.4046534859	 18.3866246618	  3.7664910723	2679.5630508255
  0.1064514355	  1.0054842872	687.8442335279	36364.0000000000	86957.0000000000	153846.0000000000	112.0000000000	 48.0000000000	 28.0000000000	  0.0000000000	  0.0000000000	  0.0000000000	  0.1181468170	 21.0065424256	788637.9199131671	 10.8367386700	-16.4778171332	795.7055698885
  0.1020900131	  0.9856734308	684.7262132411	42105.0000000000	105263.0000000000	153846.0000000000	 96.0000000000	 40.0000000000	 28.0000000000	  0.0000000000	  0.0000000000	  0.0000000000	  0.0975143234	 31.9457660694	885901.5431559918	  6.7929604191	-12.1934633413	-812.6227989032
  0.0996087246	  0.9900094615	688.7178252347	108108.0000000000	102564.0000000000	88889.0000000000	 38.0000000000	 40.0000000000	 46.0000000000	  0.0000000000	  0.0000000000	  0.0000000000	  0.0792672264	 12.3954159525	847161.9326320749	  0.5878502940	  8.4068282883	3178.8805164868
  0.0996545472	  0.9706906287	681.0418772849	40816.0000000000	400000.0000000000	60606.0000000000	100.0000000000	 12.0000000000	 68.0000000000	  0.0000000000	  0.0000000000	  0.0000000000	  0.1310071863	 30.5913109947	1344621.6768945174	  8.5280804355	 -0.3874421699	10318.4575418471
  0.0993776988	  1.0046474388	685.1019761910	31496.0000000000	102564.0000000000	85106.0000000000	128.0000000000	 40.0000000000	 48.0000000000	  0.0000000000	  0.0000000000	  0.0000000000	  0.1059695304	  7.2722765013	565665.3380056928	 14.8253099759	  6.3033331707	-2921.1942418560
  0.0995864248	  1.0372596587	681.2561145673	56338.0000000000	100000.0000000000	71429.0000000000	 72.0000000000	 42.0000000000	 58.0000000000	  0.0000000000	  0.0000000000	  0.0000000000	  0.1298431870	 46.0587927443	1279902.9453457915	 -3.8480202556	-16.7379956226	6735.2401187822
  0.0990808693	  1.0074998438	687.4459569328	70175.0000000000	50633.0000000000	108108.0000000000	 58.0000000000	 80.0000000000	 38.0000000000	  0.0000000000	  0.0000000000	  0.0000000000	  0.0907549706	 17.0928750177	551253.5711286898	  1.8560982256	-57.8642714081	1588.9069377356
  0.1009739422	  1.0432645171	685.5349806584	31008.0000000000	54054.0000000000	74074.0000000000	130.0000000000	 76.0000000000	 56.0000000000	  0.0000000000	  0.0000000000	  0.0000000000	  0.0988890193	 31.2710227082	888277.5536282095	-14.9193565010	-66.5106987444	5100.2610271993
  0.1022140145	  0.9719735359	685.6080243623	48193.0000000000	49383.0000000000	57971.0000000000	 84.0000000000	 82.0000000000	 70.0000000000	  0.0000000000	  0.0000000000	  0.0000000000	  0.1040962589	 11.5682416619	1373235.7468295612	 -5.0999336248	 50.9628290528	-11770.9610019669
  0.0992585717	  0.9964118085	687.5439687521	85106.0000000000	108108.0000000000	148148.0000000000	 48.0000000000	 38.0000000000	 28.0000000000	  0.0000000000	  0.0000000000	  0.0000000000	  0.1250853819	 25.2094479904	1416762.7801121799	 -1.3735540867	-10.3040213719	1159.6502256341
  0.1013881014	  1.0149513030	684.6310301826	95238.0000000000	72727.0000000000	400000.0000000000	 44.0000000000	 56.0000000000	 12.0000000000	  0.0000000000	  0.0000000000	  0.0000000000	  0.0990710335	 12.4432203135	968470.0096542832	 -0.9082208372	 20.0100136153	 87.1930941076
  0.1005796006	  1.0072594407	689.1213798691	63492.0000000000	64516.0000000000	210526.0000000000	 64.0000000000	 64.0000000000	 20.0000000000	  0.0000000000	  0.0000000000	  0.0000000000	  0.0834199134	 21.7489583740	2648343.0571253365	  2.2953822011	 34.6942528497	-604.7159124660
  0.1003918774	  1.0022132382	685.6531261600	70175.0000000000	65574.0000000000	95238.0000000000	 58.0000000000	 62.0000000000	 44.0000000000	  0.0000000000	  0.0000000000	  0.0000000000	  0.1039440089	 26.6189992422	860508.2056730521	  1.9409989147	-37.8418816045	2648.0504862577
  0.0998129515	  0.9797755774	686.4529945042	31008.0000000000	142857.0000000000	129032.0000000000	130.0000000000	 30.0000000000	 32.0000000000	  0.0000000000	  0.0000000000	  0.0000000000	  0.1044680211	 26.3724463756	1880989.0036490373	 15.2374528499	 -5.1953766310	-1813.1174156923
  0.1010762608	  1.0157212650	680.4490484349	48780.0000000000	64516.0000000000	74074.0000000000	 84.0000000000	 64.0000000000	 56.0000000000	  0.0000000000	  0.0000000000	  0.0000000000	  0.1086745853	 18.8277713062	779265.1752554881	  5.0116156546	-32.2499455074	-4825.4113330268
  0.1008720000	  0.9822970562	684.0511853112	62500.0000000000	54054.0000000000	85106.0000000000	 66.0000000000	 76.0000000000	 48.0000000000	  0.0000000000	  0.0000000000	  0.0000000000	  0.0563689759	  7.6113172766	1082066.0093900266	 -1.9828403459	-32.9500545165	3973.1309605049
  0.1012160000	  0.9729241560	683.3227850781	62500.0000000000	97561.0000000000	93023.0000000000	 66.0000000000	 42.0000000000	 44.0000000000	  0.0000000000	  0.0000000000	  0.0000000000	  0.1058484701	 32.9305244156	714919.4377294282	  2.6310051538	 15.1159935717	-2490.4556971673
  0.0974973931	  1.0051192880	686.4263244932	41237.0000000000	63492.0000000000	137931.0000000000	 98.0000000000	 64.0000000000	 30.0000000000	  0.0000000000	  0.0000000000	  0.0000000000	  0.1035033867	 33.8942182841	1252964.7544916701	 -7.5472488514	 46.3081461098	1220.4185843558
  0.1003604552	  0.9906032813	692.6218955520	24691.0000000000	56338.0000000000	125000.0000000000	164.0000000000	 72.0000000000	 34.0000000000	  0.0000000000	  0.0000000000	  0.0000000000	  0.0485444794	  5.0668150420	1021732.9890525840	 18.5288438062	 23.5892668333	-1505.6371438861
  0.0992174465	  1.0078680138	686.5107194559	42553.0000000000	50633.0000000000	66667.0000000000	 96.0000000000	 80.0000000000	 62.0000000000	  0.0000000000	  0.0000000000	  0.0000000000	  0.0590552731	  3.6256945044	601823.1623870805	  5.2189470842	 26.8251375197	-5447.2577286582
  0.1015318846	  1.0065686107	691.5116137642	42105.0000000000	62500.0000000000	75472.0000000000	 96.0000000000	 66.0000000000	 54.0000000000	  0.0000000000	  0.0000000000	  0.0000000000	  0.1013913909	 25.8091273834	1114139.7900370585	  7.0438540865	-41.2575381103	5390.4427449950
  0.1015834004	  1.0169995682	684.7645612876	45977.0000000000	93023.0000000000	71429.0000000000	 88.0000000000	 44.0000000000	 58.0000000000	  0.0000000000	  0.0000000000	  0.0000000000	  0.0984327748	 24.9312702812	935737.4538180362	  5.4898067876	-15.1053399010	5738.0649171965
  0.1000787505	  0.9801726696	683.0868587016	38095.0000000000	105263.0000000000	133333.0000000000	106.0000000000	 40.0000000000	 32.0000000000	  0.0000000000	  0.0000000000	  0.0000000000	  0.1358080906	 32.2949168010	1034268.1701443112	-10.3986159473	-12.4678156318	1268.2870814644
  0.0970112874	  1.0125755098	686.7054710689	26667.0000000000	76923.0000000000	105263.0000000000	152.0000000000	 54.0000000000	 40.0000000000	  0.0000000000	  0.0000000000	  0.0000000000	  0.0651178408	  5.0512659452	886159.3763157700	 17.6921567117	 10.7594095369	-2071.6842139347
  0.0990794574	  0.9876901527	686.4079107948	35088.0000000000	100000.0000000000	74074.0000000000	116.0000000000	 42.0000000000	 56.0000000000	  0.0000000000	  0.0000000000	  0.0000000000	  0.0955816831	 20.3229348339	743440.6620271828	-10.7247140904	 11.7112359908	4610.3693976162
  0.0983461455	  0.9839851497	690.6466101146	41237.0000000000	51948.0000000000	95238.0000000000	 98.0000000000	 78.0000000000	 44.0000000000	  0.0000000000	  0.0000000000	  0.0000000000	  0.1057854600	 31.8184435264	765020.8811586635	  7.6157018509	-73.4834353947	2489.7435731577
  0.0986519608	  0.9917968682	687.1132053940	35088.0000000000	93023.0000000000	80000.0000000000	116.0000000000	 44.0000000000	 52.0000000000	  0.0000000000	  0.0000000000	  0.0000000000	  0.1011593470	 32.2395197938	1343710.7753573107	 10.9326164302	-16.9054438154	5013.1559525081
  0.0993663166	  0.9988727653	690.1244878228	33613.0000000000	200000.0000000000	86957.0000000000	120.0000000000	 22.0000000000	 48.0000000000	  0.0000000000	  0.0000000000	  0.0000000000	  0.0723963997	 25.8444741929	990924.7994875622	 10.3610682697	 -2.3811012583	3558.3941925386
  0.0997862487	  1.0204346292	689.6180478605	42105.0000000000	61538.0000000000	100000.0000000000	 96.0000000000	 66.0000000000	 42.0000000000	  0.0000000000	  0.0000000000	  0.0000000000	  0.0473596529	  4.9776140704	1068213.2434524656	  4.7282131799	-18.6840813548	2674.4864321011
  0.1002320501	  0.9845269760	689.3161016936	117647.0000000000	80000.0000000000	108108.0000000000	 36.0000000000	 52.0000000000	 38.0000000000	  0.0000000000	  0.0000000000	  0.0000000000	  0.1163562522	 29.9179900353	775253.9519693027	  0.5671630165	-24.7310024939	1815.3893256522
  0.1032493532	  1.0123940293	691.7764692385	153846.0000000000	148148.0000000000	95238.0000000000	 28.0000000000	 28.0000000000	 44.0000000000	  0.0000000000	  0.0000000000	  0.0000000000	  0.0998279913	 25.8598212442	1786056.9894779052	 -0.2846251596	 -4.7892195945	-3725.0923691073
  0.1006771007	  0.9903000447	686.6508807557	36036.0000000000	105263.0000000000	102564.0000000000	112.0000000000	 40.0000000000	 40.0000000000	  0.0000000000	  0.0000000000	  0.0000000000	  0.0818013596	  8.1390029685	1062594.5107385870	 -9.2403801988	 -6.3269808291	2483.2127437411
  0.0990667075	  0.9779671747	684.9304735140	58824.0000000000	48193.0000000000	95238.0000000000	 70.0000000000	 84.0000000000	 44.0000000000	  0.0000000000	  0.0000000000	  0.0000000000	  0.0964141640	 12.6740907788	1361150.4117064134	 -2.9564465395	-56.6246810493	3404.5338825326
  0.0982592139	  0.9604598442	687.6093984263	58824.0000000000	51948.0000000000	117647.0000000000	 70.0000000000	 78.0000000000	 36.0000000000	  0.0000000000	  0.0000000000	  0.0000000000	  0.0966836955	 11.1863873041	584678.7497384179	  2.9306145307	-43.8636152955	1264.0185893615
  0.1021063961	  0.9827769502	686.5369069342	32520.0000000000	53333.0000000000	68966.0000000000	124.0000000000	 76.0000000000	 60.0000000000	  0.0000000000	  0.0000000000	  0.0000000000	  0.0885929344	  7.1922458796	395057.0859062630	-12.5601308723	-32.1196499035	-4015.8339165907
  0.1008431933	  1.0086402742	692.4361275153	29412.0000000000	49383.0000000000	108108.0000000000	138.0000000000	 82.0000000000	 38.0000000000	  0.0000000000	  0.0000000000	  0.0000000000	  0.0997707485	 14.0339692326	841661.0806471790	-16.9790508562	 56.0102479735	-1914.2861761984
  0.1002760028	  1.0240821750	688.8664014065	33333.0000000000	62500.0000000000	500000.0000000000	122.0000000000	 66.0000000000	 10.0000000000	  0.0000000000	  0.0000000000	  0.0000000000	  0.0752941680	 17.8795957921	1734141.7052774499	 10.7522594525	-35.2369893719	 60.0196874345
  0.1005951006	  1.0069158256	688.7780057194	90909.0000000000	63492.0000000000	100000.0000000000	 46.0000000000	 64.0000000000	 42.0000000000	  0.0000000000	  0.0000000000	  0.0000000000	  0.1207800991	 40.7452145227	1775330.4229291037	  1.1201181780	-50.9088301387	3381.7131123470
  0.0991640992	  0.9762642069	685.0306619322	76923.0000000000	51282.0000000000	160000.0000000000	 54.0000000000	 80.0000000000	 26.0000000000	  0.0000000000	  0.0000000000	  0.0000000000	  0.0922736946	 26.2861643367	910012.9184900754	 -1.4595511501	 68.5522615782	760.0989869001
  0.0984779355	  0.9746490842	685.5802503994	27397.0000000000	114286.0000000000	153846.0000000000	148.0000000000	 36.0000000000	 28.0000000000	  0.0000000000	  0.0000000000	  0.0000000000	  0.1363580162	 17.5155862502	1020650.4039536759	-23.9235100197	 -7.3838862646	868.2623945788
  0.0997280000	  0.9939756194	685.1863140973	62500.0000000000	173913.0000000000	137931.0000000000	 66.0000000000	 24.0000000000	 30.0000000000	  0.0000000000	  0.0000000000	  0.0000000000	  0.1447786121	 20.3150640438	840393.9340112163	  3.1590533807	  2.8756069812	1034.9453728078
  0.1032706196	  1.0211928913	688.6230000239	43478.0000000000	88889.0000000000	76923.0000000000	 94.0000000000	 46.0000000000	 54.0000000000	  0.0000000000	  0.0000000000	  0.0000000000	  0.0980722198	 12.9957098088	1894392.2141591893	 -6.2988467490	-11.9486176933	6760.8122200733
  0.1010087879	  1.0151559223	691.0197939028	38462.0000000000	88889.0000000000	444444.0000000000	106.0000000000	 46.0000000000	 10.0000000000	  0.0000000000	  0.0000000000	  0.0000000000	  0.1131366755	 25.0515408887	3925004.2443048949	 -9.2112203893	 17.2620004303	-113.5530281037
  0.1008063952	  0.9958110070	686.2368486732	71429.0000000000	58824.0000000000	102564.0000000000	 58.0000000000	 70.0000000000	 40.0000000000	  0.0000000000	  0.0000000000	  0.0000000000	  0.0991888533	 17.9798305776	1247595.8221963888	  1.8164160552	 40.2813708383	-2730.4995845338
  0.1011600000	  0.9937489762	686.4137104918	25000.0000000000	129032.0000000000	1000000.0000000000	162.0000000000	 32.0000000000	  6.0000000000	  0.0000000000	  0.0000000000	  0.0000000000	  0.0305571241	  3.5354083700	3078989.1482868092	 14.0683603826	  2.5032525450	 15.8312628602
  0.1006786007	  1.0159560994	684.0970660986	51282.0000000000	70175.0000000000	235294.0000000000	 80.0000000000	 58.0000000000	 18.0000000000	  0.0000000000	  0.0000000000	  0.0000000000	  0.1282420849	  8.1483735617	963884.5497126069	 -4.8231852152	 17.7859115156	280.1059653798
  0.0986456743	  0.9844052060	685.1947058051	56338.0000000000	111111.0000000000	307692.0000000000	 72.0000000000	 38.0000000000	 14.0000000000	  0.0000000000	  0.0000000000	  0.0000000000	  0.0738066140	 13.9772144794	993262.0957409377	 -2.9356990755	  7.5085309005	-165.0060994322
  0.0973233583	  0.9993057416	686.5259075868	30075.0000000000	80000.0000000000	125000.0000000000	134.0000000000	 52.0000000000	 34.0000000000	  0.0000000000	  0.0000000000	  0.0000000000	  0.0969814712	 22.9644266104	1365936.6627847261	 15.7777738289	 20.7137964701	1717.7906984345
  0.1000027500	  0.9916191638	682.1060679366	36364.0000000000	70175.0000000000	58824.0000000000	112.0000000000	 58.0000000000	 70.0000000000	  0.0000000000	  0.0000000000	  0.0000000000	  0.0718762179	 31.7437771662	1247154.6350815925	  8.4361187425	-34.2466570837	-10512.2281992460
  0.1016441545	  0.9785310991	686.8356575392	41237.0000000000	74074.0000000000	48780.0000000000	 98.0000000000	 56.0000000000	 84.0000000000	  0.0000000000	  0.0000000000	  0.0000000000	  0.0580264716	  5.1978575732	328842.2012808817	 -5.6201463956	-12.4759320636	-8816.4903147655
  0.1013075000	  0.9949919607	683.9686889525	200000.0000000000	64516.0000000000	181818.0000000000	 22.0000000000	 64.0000000000	 24.0000000000	  0.0000000000	  0.0000000000	  0.0000000000	  0.0468631978	 10.6202199387	1999842.8515807427	 -0.0940734731	-24.7427050126	761.1474418280
  0.1011921205	  1.0083375260	684.4778695248	47059.0000000000	81633.0000000000	142857.0000000000	 86.0000000000	 50.0000000000	 30.0000000000	  0.0000000000	  0.0000000000	  0.0000000000	  0.0997937433	 15.7036098373	650368.1300661702	 -5.2255745958	 16.7225962574	818.8321865266
  0.1028149440	  0.9696779412	686.8561767880	36697.0000000000	44444.0000000000	64516.0000000000	110.0000000000	 92.0000000000	 64.0000000000	  0.0000000000	  0.0000000000	  0.0000000000	  0.1300206486	 16.7073823795	1024096.1953035857	-11.2131425549	 78.5978201854	7633.0986768052
  0.0978707335	  0.9916940797	681.6667310475	75472.0000000000	67797.0000000000	125000.0000000000	 54.0000000000	 60.0000000000	 34.0000000000	  0.0000000000	  0.0000000000	  0.0000000000	  0.0891103767	 20.3897504771	929060.0340114405	 -1.5542995258	-30.3721257440	1388.2793942115
  0.1000851005	  0.9858908770	691.9858471017	43478.0000000000	78431.0000000000	85106.0000000000	 94.0000000000	 52.0000000000	 48.0000000000	  0.0000000000	  0.0000000000	  0.0000000000	  0.0637901737	  9.7088880407	1189724.4957469592	  5.1251602600	-14.7173197972	-4056.8358422887
  0.1034010867	  1.0042991351	691.3162914323	24845.0000000000	71429.0000000000	148148.0000000000	162.0000000000	 58.0000000000	 28.0000000000	  0.0000000000	  0.0000000000	  0.0000000000	  0.0385452141	  7.1140003288	849229.7742365925	 16.0869080777	-15.3418657140	-847.1364167146
  0.1000514248	  1.0248745239	678.3456512749	33058.0000000000	85106.0000000000	58824.0000000000	122.0000000000	 48.0000000000	 70.0000000000	  0.0000000000	  0.0000000000	  0.0000000000	  0.0914008065	 60.3276585328	1293305.3952972086	 12.2659015126	-29.1811791004	-10957.5777198484
  0.1025375000	  1.0153774415	685.5093531001	40000.0000000000	137931.0000000000	142857.0000000000	102.0000000000	 30.0000000000	 30.0000000000	  0.0000000000	  0.0000000000	  0.0000000000	  0.0756854879	  7.3616347539	1188861.8146823880	 -6.8136285133	  2.9776599825	-1093.4417435536
  0.1013523987	  1.0170115656	683.1313019883	25806.0000000000	100000.0000000000	65574.0000000000	156.0000000000	 42.0000000000	 62.0000000000	  0.0000000000	  0.0000000000	  0.0000000000	  0.0836434826	 13.7419728185	747465.4363063092	 21.5517332945	 -9.1590042629	6282.2595073753
  0.0996400000	  0.9933124275	690.5881267896	50000.0000000000	81633.0000000000	85106.0000000000	 82.0000000000	 50.0000000000	 48.0000000000	  0.0000000000	  0.0000000000	  0.0000000000	  0.0820016016	 12.7570369293	546013.4006761814	  4.0814697616	-14.9428133705	2760.3391199462
  0.1016478283	  0.9699612649	688.1876959013	31496.0000000000	54054.0000000000	83333.0000000000	128.0000000000	 76.0000000000	 50.0000000000	  0.0000000000	  0.0000000000	  0.0000000000	  0.0930274505	 13.5195991614	1113254.0566384390	-13.8130609346	-43.9739017351	-4205.8718354088
  0.1006337744	  1.0026239951	684.5024523632	39604.0000000000	54795.0000000000	114286.0000000000	102.0000000000	 74.0000000000	 36.0000000000	  0.0000000000	  0.0000000000	  0.0000000000	  0.0908739799	 23.2088286147	1602121.2385298193	  7.7270785796	-54.9547711697	-2228.3375778634
  0.1022824149	  0.9940738229	685.7336644591	25806.0000000000	75472.0000000000	83333.0000000000	156.0000000000	 54.0000000000	 50.0000000000	  0.0000000000	  0.0000000000	  0.0000000000	  0.0657274897	 12.8185065148	1099287.2119689763	 19.2900226067	 18.2393482114	4109.3709757267
  0.0974297987	  1.0099757342	685.9914981916	56338.0000000000	56338.0000000000	59701.0000000000	 72.0000000000	 72.0000000000	 68.0000000000	  0.0000000000	  0.0000000000	  0.0000000000	  0.0809127081	  5.7510430030	1070304.4014456256	 -3.0304207732	 25.0592446544	-9581.8293726054
  0.1011396011	  0.9887071924	681.5592287727	27027.0000000000	50633.0000000000	111111.0000000000	150.0000000000	 80.0000000000	 38.0000000000	  0.0000000000	  0.0000000000	  0.0000000000	  0.0465265636	 11.5965536965	1492923.8419138156	 14.4609575503	-46.6553742550	2451.9785315894
    0.1017741549	  0.9974437651	691.0225474905	29197.0000000000	78431.0000000000	81633.0000000000	138.0000000000	 52.0000000000	 50.0000000000	  0.0000000000	  0.0000000000	  0.0000000000	  0.0861582289	 22.0144093247	1348939.9333081250	 16.1484934008	-21.6787630915	4960.6810650596
  0.1000396499	  0.9756084153	684.7729622162	65574.0000000000	48780.0000000000	121212.0000000000	 62.0000000000	 84.0000000000	 34.0000000000	  0.0000000000	  0.0000000000	  0.0000000000	  0.0904847344	 16.1046598695	1032309.1548006876	 -2.1515753497	-60.7265113936	-1550.7444412379
  0.0994893718	  0.9812246914	683.1946074310	42105.0000000000	67797.0000000000	190476.0000000000	 96.0000000000	 60.0000000000	 22.0000000000	  0.0000000000	  0.0000000000	  0.0000000000	  0.0729331086	  5.7911916227	1604853.5331329438	 -5.9338507493	-16.0737315171	-655.6938315694
  0.0936043424	  1.0279249973	686.0501305680	33898.0000000000	43956.0000000000	68966.0000000000	120.0000000000	 92.0000000000	 60.0000000000	  0.0000000000	  0.0000000000	  0.0000000000	  0.0981887435	 14.0719381195	1740698.4797882817	-11.8981493282	-74.3736115945	-8526.1795913032
  0.1048883951	  0.9877822403	688.3372260270	39604.0000000000	59701.0000000000	51282.0000000000	102.0000000000	 68.0000000000	 80.0000000000	  0.0000000000	  0.0000000000	  0.0000000000	  0.0882752832	  8.6483489543	373222.1538878019	  7.5662431215	 26.9189216055	8090.1797148973
  0.0975829087	  1.0002901338	688.8289365267	36697.0000000000	67797.0000000000	65574.0000000000	110.0000000000	 60.0000000000	 62.0000000000	  0.0000000000	  0.0000000000	  0.0000000000	  0.0836956901	 12.6263536501	1413845.2679000131	 -9.0117803670	-24.0034128456	8728.7081580402
  0.0997268733	  0.9969049939	692.4913342375	42105.0000000000	62500.0000000000	70175.0000000000	 96.0000000000	 66.0000000000	 58.0000000000	  0.0000000000	  0.0000000000	  0.0000000000	  0.0803290826	 17.1386713498	521062.6001793298	 -6.2755460196	-33.5114369217	-4452.0994878750
  0.0975832193	  1.0024130625	683.6979670312	52632.0000000000	49383.0000000000	83333.0000000000	 78.0000000000	 82.0000000000	 50.0000000000	  0.0000000000	  0.0000000000	  0.0000000000	  0.0378314755	 35.0301165213	1497531.1211800433	  2.4695551664	-88.3615481295	-4912.8343587834
  0.1010127260	  0.9750702160	687.6280089174	63492.0000000000	75472.0000000000	121212.0000000000	 64.0000000000	 54.0000000000	 34.0000000000	  0.0000000000	  0.0000000000	  0.0000000000	  0.0926309538	 38.2712877117	1118877.6561427063	 -2.3697278098	-31.6345040518	1616.0298767573
  0.1009346813	  0.9657429681	692.4595804271	36697.0000000000	62500.0000000000	76923.0000000000	110.0000000000	 66.0000000000	 54.0000000000	  0.0000000000	  0.0000000000	  0.0000000000	  0.0565306223	  3.1376745369	742619.5884133589	  7.4104065685	 14.7252058785	4232.2548586748
  0.1011411909	  0.9813081482	682.0565395975	55556.0000000000	67797.0000000000	93023.0000000000	 74.0000000000	 60.0000000000	 44.0000000000	  0.0000000000	  0.0000000000	  0.0000000000	  0.0962898104	 10.7039508258	1726953.7224657303	 -3.4008802082	-22.0810097097	-4077.4111342430
  0.1007258975	  1.0464291433	693.6580396286	32787.0000000000	63492.0000000000	95238.0000000000	124.0000000000	 64.0000000000	 44.0000000000	  0.0000000000	  0.0000000000	  0.0000000000	  0.0565454435	  6.3613128947	876111.8489642311	  9.8587759620	 19.7028472427	2597.7955328638
  0.0999459498	  1.0007398675	688.3012323091	42553.0000000000	173913.0000000000	88889.0000000000	 96.0000000000	 24.0000000000	 46.0000000000	  0.0000000000	  0.0000000000	  0.0000000000	  0.0753817260	 12.0353529721	868453.0138105076	  5.9016774210	  2.0990923690	3097.1809282281
  0.1017907634	  0.9801032221	685.3675844468	30769.0000000000	78431.0000000000	86957.0000000000	132.0000000000	 52.0000000000	 48.0000000000	  0.0000000000	  0.0000000000	  0.0000000000	  0.1363842956	 18.8224811808	1222656.3511929940	-17.6513917656	-19.9889111446	-3896.5353464983
  0.0999895001	  0.9964421950	686.3005198806	66667.0000000000	105263.0000000000	71429.0000000000	 62.0000000000	 40.0000000000	 58.0000000000	  0.0000000000	  0.0000000000	  0.0000000000	  0.0636533039	  6.2480735854	632351.1863333439	  1.7760834388	  5.7269574594	4722.5479200190
  0.1010936503	  1.0179472729	688.4630557958	57971.0000000000	47619.0000000000	153846.0000000000	 70.0000000000	 86.0000000000	 28.0000000000	  0.0000000000	  0.0000000000	  0.0000000000	  0.0980448123	 13.4057436176	948219.2124041311	  3.0742141237	-58.4359279630	-811.3127789979
  0.0995112718	  0.9905548149	686.8941139302	35398.0000000000	64516.0000000000	78431.0000000000	114.0000000000	 64.0000000000	 52.0000000000	  0.0000000000	  0.0000000000	  0.0000000000	  0.0820307064	 22.1052254727	741865.2346248386	  9.6135153483	 35.4998521007	4003.5242326511
  0.1002934237	  0.9866204424	685.8502893394	33058.0000000000	108108.0000000000	129032.0000000000	122.0000000000	 38.0000000000	 32.0000000000	  0.0000000000	  0.0000000000	  0.0000000000	  0.1208332444	 24.5478136155	1140600.5009137813	 14.0257133990	 -9.9800086348	-1476.5474203049
  0.1018632269	  0.9752284749	691.7824862005	43956.0000000000	62500.0000000000	85106.0000000000	 92.0000000000	 66.0000000000	 48.0000000000	  0.0000000000	  0.0000000000	  0.0000000000	  0.0679676412	 20.1917526846	444722.6949536360	  5.1422667417	-36.9975520454	2487.6010716663
  0.0963545410	  0.9943210256	688.3157724419	34783.0000000000	43011.0000000000	61538.0000000000	116.0000000000	 94.0000000000	 66.0000000000	  0.0000000000	  0.0000000000	  0.0000000000	  0.0989322860	  7.2601742482	1227918.2744913728	-11.0902403707	-55.5008279692	-9339.1015735321
  0.0975478841	  0.9874090716	682.8644310841	35398.0000000000	62500.0000000000	444444.0000000000	114.0000000000	 66.0000000000	 10.0000000000	  0.0000000000	  0.0000000000	  0.0000000000	  0.0881469822	 10.3151925582	528144.2339874086	  9.9850016078	 25.8054539322	-43.0033534492
  0.0987742098	  1.0111761580	686.3936116321	55556.0000000000	45455.0000000000	133333.0000000000	 74.0000000000	 90.0000000000	 32.0000000000	  0.0000000000	  0.0000000000	  0.0000000000	  0.1105518286	 14.8241239377	2668280.0754865250	  3.7036631514	 70.0779554186	2031.4199205956
  0.0995888796	  0.9887487254	682.5293110926	34783.0000000000	52632.0000000000	111111.0000000000	116.0000000000	 78.0000000000	 38.0000000000	  0.0000000000	  0.0000000000	  0.0000000000	  0.0804272121	 24.2518953896	1248473.7058856790	 10.0089296761	-63.0162809419	-2211.9054869640
  0.1028762273	  1.0038534600	687.7366108895	27397.0000000000	74074.0000000000	137931.0000000000	148.0000000000	 56.0000000000	 30.0000000000	  0.0000000000	  0.0000000000	  0.0000000000	  0.0576656943	 13.5731209923	1267131.6185457122	 15.3684583917	-19.9774168822	1309.3848979598
  0.0992559926	  0.9982273618	684.7065840898	33333.0000000000	63492.0000000000	63492.0000000000	122.0000000000	 64.0000000000	 64.0000000000	  0.0000000000	  0.0000000000	  0.0000000000	  0.0837564463	 25.5771534539	1105343.3626675799	 11.3795184928	 40.3802092445	8362.8134905379
  0.1039057176	  1.0101444631	687.6087033813	42553.0000000000	64516.0000000000	117647.0000000000	 96.0000000000	 64.0000000000	 36.0000000000	  0.0000000000	  0.0000000000	  0.0000000000	  0.1037625871	 15.5776313799	1912093.7930286191	 -6.9585492406	-30.2290324546	2255.4869453047
  0.0997144017	  0.9626239819	685.3211428441	71429.0000000000	210526.0000000000	71429.0000000000	 58.0000000000	 20.0000000000	 58.0000000000	  0.0000000000	  0.0000000000	  0.0000000000	  0.0959067282	 20.8122544770	1007428.5391569901	  1.8316709975	  1.7847264536	5904.5742980206
  0.0988960000	  0.9995732206	684.9620203767	31250.0000000000	47059.0000000000	72727.0000000000	130.0000000000	 86.0000000000	 56.0000000000	  0.0000000000	  0.0000000000	  0.0000000000	  0.1011778503	 18.6077796832	445511.6317139007	-14.7059241657	-71.9851509582	-3800.0381391329
  0.1004087034	  0.9765775762	689.2229728087	59701.0000000000	49383.0000000000	78431.0000000000	 68.0000000000	 82.0000000000	 52.0000000000	  0.0000000000	  0.0000000000	  0.0000000000	  0.0722448119	 11.7493767171	622062.6522505321	  2.4930168360	 49.9751216981	-3630.3143241310
  0.1000053500	  0.9980421226	685.3431309739	37383.0000000000	54795.0000000000	137931.0000000000	108.0000000000	 74.0000000000	 30.0000000000	  0.0000000000	  0.0000000000	  0.0000000000	  0.1114800678	 12.0795905853	580180.3194846131	  9.8078016290	 39.3468218643	-890.8700193094
  0.1009966010	  0.9904837118	684.1332815826	60606.0000000000	75472.0000000000	105263.0000000000	 68.0000000000	 54.0000000000	 40.0000000000	  0.0000000000	  0.0000000000	  0.0000000000	  0.0718518048	  9.4156613715	1261501.1787917800	 -2.3417258690	-15.6049861308	2424.1910642972
  0.0991609742	  1.0082979179	690.5072063998	40404.0000000000	65574.0000000000	93023.0000000000	100.0000000000	 62.0000000000	 44.0000000000	  0.0000000000	  0.0000000000	  0.0000000000	  0.1157736020	 18.7224310702	663058.4155713681	 -8.2411159746	-30.8696071152	-2415.0784252270
  0.1012809968	  1.0106511078	688.1006441837	57143.0000000000	61538.0000000000	60606.0000000000	 72.0000000000	 66.0000000000	 68.0000000000	  0.0000000000	  0.0000000000	  0.0000000000	  0.0908573531	 12.9118660508	1013363.4263713353	 -3.0525514471	-30.0917449319	-8750.0958521002
  0.1028651771	  0.9786906990	685.5494765153	52632.0000000000	50633.0000000000	95238.0000000000	 78.0000000000	 80.0000000000	 44.0000000000	  0.0000000000	  0.0000000000	  0.0000000000	  0.0993364521	  8.8275565701	1815777.2949695287	 -3.9603632902	 41.3976884717	3757.7993171432
  0.0991128728	  1.0054767174	690.3174459992	26490.0000000000	57143.0000000000	58824.0000000000	152.0000000000	 72.0000000000	 70.0000000000	  0.0000000000	  0.0000000000	  0.0000000000	  0.0469602818	 12.0962098272	742135.6048920696	 15.2588062481	-35.7629803674	8319.9251017477
  0.1008004002	  1.0090276485	686.3584413937	45977.0000000000	54054.0000000000	61538.0000000000	 88.0000000000	 76.0000000000	 66.0000000000	  0.0000000000	  0.0000000000	  0.0000000000	  0.0816559649	  8.4141736960	455201.3827191428	 -5.0580554880	-34.4251703317	-5746.2939476424
  0.1008394906	  1.0135186551	682.7517665513	34783.0000000000	55556.0000000000	95238.0000000000	116.0000000000	 74.0000000000	 44.0000000000	  0.0000000000	  0.0000000000	  0.0000000000	  0.0988078107	  9.0510617195	1845649.3347031181	-11.2228442077	 33.4301702454	3836.2107858075
  0.0974490084	  1.0044630371	685.6820911200	35398.0000000000	97561.0000000000	85106.0000000000	114.0000000000	 42.0000000000	 48.0000000000	  0.0000000000	  0.0000000000	  0.0000000000	  0.0720832290	 13.3131801191	1017922.6050850744	  9.0499050585	  9.5499217653	3737.1890113789
  0.1011834033	  1.0081677153	687.2774387798	41237.0000000000	83333.0000000000	93023.0000000000	 98.0000000000	 50.0000000000	 44.0000000000	  0.0000000000	  0.0000000000	  0.0000000000	  0.0920562654	 16.2337266939	753185.2854322363	 -6.9994196947	-15.7118551838	2640.7905976254
  0.0986790937	  0.9771544571	685.7005302624	78431.0000000000	210526.0000000000	74074.0000000000	 52.0000000000	 20.0000000000	 56.0000000000	  0.0000000000	  0.0000000000	  0.0000000000	  0.1103821567	 20.2285021990	723903.2804052527	  1.5732587511	 -1.7293459703	-4488.1487140539
  0.0971256763	  1.0046877103	680.7925471466	59701.0000000000	70175.0000000000	78431.0000000000	 68.0000000000	 58.0000000000	 52.0000000000	  0.0000000000	  0.0000000000	  1.0000000000	  0.1082337414	 49.5131421461	1486889.9683811611	  3.0021848130	-42.6580514173	5647.3726244374
  0.1014913899	  0.9750720092	686.7096791016	32520.0000000000	142857.0000000000	72727.0000000000	124.0000000000	 30.0000000000	 56.0000000000	  0.0000000000	  0.0000000000	  0.0000000000	  0.1078882922	 21.5792514307	801015.6891123292	 13.6851395201	 -4.6582082584	5023.4967138675
  0.0991520000	  1.0105071091	688.1573422474	62500.0000000000	54795.0000000000	137931.0000000000	 66.0000000000	 74.0000000000	 30.0000000000	  0.0000000000	  0.0000000000	  0.0000000000	  0.0659101135	  5.2097387618	1596885.4114576622	  2.0818340810	 26.2136302369	-1388.9811756183
  0.0978894074	  0.9942281451	688.3411763784	32787.0000000000	57143.0000000000	114286.0000000000	124.0000000000	 72.0000000000	 36.0000000000	  0.0000000000	  0.0000000000	  0.0000000000	  0.0646224849	 10.2069495562	1934782.7026203724	 10.5000753774	-33.0661486272	-2500.5974807740
  0.1041216247	  0.9917183135	685.3624379183	43478.0000000000	57143.0000000000	160000.0000000000	 94.0000000000	 72.0000000000	 26.0000000000	  0.0000000000	  0.0000000000	  0.0000000000	  0.1000565118	 32.3070570727	1296932.3712029704	 -6.4978671890	-58.9468889494	-903.2941598521
  0.1014777320	  1.0064510360	691.8013659399	78431.0000000000	76923.0000000000	148148.0000000000	 52.0000000000	 54.0000000000	 28.0000000000	  0.0000000000	  0.0000000000	  0.0000000000	  0.0917232362	 21.3814590092	714878.6027439848	  1.3750253238	-22.5717107375	783.5340625118
  0.1005116959	  0.9984418125	686.9136482373	46512.0000000000	71429.0000000000	125000.0000000000	 88.0000000000	 58.0000000000	 34.0000000000	  0.0000000000	  0.0000000000	  0.0000000000	  0.1275736776	 28.8801403379	752284.5985754111	  6.1543723444	 31.9429141627	-1278.0731138169
  0.1026378178	  0.9923186965	684.1451744681	36697.0000000000	64516.0000000000	78431.0000000000	110.0000000000	 64.0000000000	 52.0000000000	  0.0000000000	  0.0000000000	  0.0000000000	  0.0802907459	  3.2214046108	842703.0847352195	 -8.8316853531	 13.8115789473	-4354.4607349408
  0.0993983494	  1.0102431342	691.1983842478	95238.0000000000	54795.0000000000	137931.0000000000	 44.0000000000	 74.0000000000	 30.0000000000	  0.0000000000	  0.0000000000	  0.0000000000	  0.1043672222	 20.0936710655	1694583.8367634758	 -0.9133709249	-51.4470737924	1497.7129837113
  0.0996002460	  0.9762490129	687.9765515174	32520.0000000000	53333.0000000000	76923.0000000000	124.0000000000	 76.0000000000	 54.0000000000	  0.0000000000	  0.0000000000	  0.0000000000	  0.0545351613	  8.5911943608	873325.1235819836	 -9.7992209316	-35.8947872242	4612.5468587865
  0.0997647981	  1.0105434277	686.8644822194	20408.0000000000	56338.0000000000	148148.0000000000	198.0000000000	 72.0000000000	 28.0000000000	  0.0000000000	  0.0000000000	  0.0000000000	  0.0291817552	  1.6974875416	1316159.1939087512	 23.0562243698	 13.8199102868	-1125.9674179279
  0.1043202707	  0.9728902441	687.9825738358	39604.0000000000	108108.0000000000	81633.0000000000	102.0000000000	 38.0000000000	 50.0000000000	  0.0000000000	  0.0000000000	  0.0000000000	  0.1121767893	 16.1158300870	1088224.9292953103	 -8.6519969667	  8.6072159243	4381.1137027732
  0.1018283587	  0.9904003369	687.6270447099	78431.0000000000	58824.0000000000	80000.0000000000	 52.0000000000	 70.0000000000	 52.0000000000	  0.0000000000	  0.0000000000	  0.0000000000	  0.0716149712	  3.2852203727	917722.0507039829	  1.2264015385	 17.1970370529	4325.0834472191
  0.1005323505	  0.9936221980	693.4331742074	43956.0000000000	88889.0000000000	78431.0000000000	 92.0000000000	 46.0000000000	 52.0000000000	  0.0000000000	  0.0000000000	  0.0000000000	  0.0560996401	 13.9704696642	1950109.1235101738	 -4.6160790645	-12.6908471617	6578.2425923348
  0.0989276371	  1.0033842316	689.5411863670	34783.0000000000	65574.0000000000	66667.0000000000	116.0000000000	 62.0000000000	 62.0000000000	  0.0000000000	  0.0000000000	  0.0000000000	  0.0795335214	 19.1413536405	1230924.3061119921	 10.0305282632	-31.7887490053	-7894.8414810093
  0.1010031920	  0.9929179831	684.5749924736	52632.0000000000	129032.0000000000	108108.0000000000	 78.0000000000	 32.0000000000	 38.0000000000	  0.0000000000	  0.0000000000	  0.0000000000	  0.1133841741	 23.5541146879	1326574.6722980775	 -4.1919245511	  6.2696722301	2435.0400783271
  0.0998903495	  1.0043614206	686.0037080044	78431.0000000000	72727.0000000000	148148.0000000000	 52.0000000000	 56.0000000000	 28.0000000000	  0.0000000000	  0.0000000000	  0.0000000000	  0.0822532526	  9.4867132057	742528.5238138875	  1.3272225225	 17.2560477776	-818.0317985741
  0.1016489938	  1.0223054411	689.0976023169	47059.0000000000	63492.0000000000	137931.0000000000	 86.0000000000	 64.0000000000	 30.0000000000	  0.0000000000	  0.0000000000	  0.0000000000	  0.0649489355	 15.0379949059	342870.0216875650	 -4.2712561930	-30.4093091740	679.4486919886
  0.0982706561	  0.9998285512	688.5463128094	32787.0000000000	44944.0000000000	166667.0000000000	124.0000000000	 90.0000000000	 26.0000000000	  0.0000000000	  0.0000000000	  0.0000000000	  0.0809469115	  3.8020769880	1413568.6597968182	-11.7398719313	-36.3605410884	820.4621737651
  0.1008821754	  0.9713059572	683.7698429543	56338.0000000000	43478.0000000000	85106.0000000000	 72.0000000000	 94.0000000000	 48.0000000000	  0.0000000000	  0.0000000000	  0.0000000000	  0.1045177176	 12.8781686285	835863.8040514670	 -3.4899078560	 73.7156685162	-3473.5192834753
  0.0983208384	  0.9865898147	689.0815846097	26144.0000000000	62500.0000000000	181818.0000000000	154.0000000000	 66.0000000000	 24.0000000000	  0.0000000000	  0.0000000000	  0.0000000000	  0.1198198408	  8.4869181148	869087.3962237191	-25.2609078186	 23.9187838668	-520.4739851216
  0.0982807371	  1.0034752797	686.8622081377	30769.0000000000	75472.0000000000	266667.0000000000	132.0000000000	 54.0000000000	 16.0000000000	  0.0000000000	  0.0000000000	  0.0000000000	  0.0737672471	 13.7506000927	1746887.2512469806	 13.1160613106	-19.2526608912	-277.1764020665
  0.0997032764	  1.0089033423	689.5320471272	48193.0000000000	51948.0000000000	74074.0000000000	 84.0000000000	 78.0000000000	 56.0000000000	  0.0000000000	  0.0000000000	  0.0000000000	  0.0991158840	 18.9852783783	1370366.3827365241	 -4.9697306666	-57.0766073265	-6387.0441818306
  0.1004478482	  0.9865402617	679.8352284169	75472.0000000000	48780.0000000000	57971.0000000000	 54.0000000000	 84.0000000000	 70.0000000000	  0.0000000000	  0.0000000000	  0.0000000000	  0.0566591969	  9.7112411006	664774.6830677028	 -1.2132870474	-47.7224499691	8150.2294613577
  0.0991528212	  1.0448590765	686.8873646571	85106.0000000000	68966.0000000000	129032.0000000000	 48.0000000000	 60.0000000000	 32.0000000000	  0.0000000000	  0.0000000000	  0.0000000000	  0.1003434449	 16.5867360508	2034060.7330871634	 -1.2293077430	-26.6210361210	-1871.1106751860
  0.1012889337	  1.0061952661	688.8570392959	36697.0000000000	81633.0000000000	59701.0000000000	110.0000000000	 50.0000000000	 68.0000000000	  0.0000000000	  0.0000000000	  0.0000000000	  0.1270588577	 22.3373609480	412039.1630159230	-11.0535424667	-19.7019300523	6005.5252993666
  0.1019911841	  0.9995457903	680.9365940187	52632.0000000000	55556.0000000000	81633.0000000000	 78.0000000000	 74.0000000000	 50.0000000000	  0.0000000000	  0.0000000000	  0.0000000000	  0.0639966531	  4.5467239571	586968.5367506557	  3.2087900185	-23.0631892341	3275.1700728226
  0.1022302277	  0.9891684434	685.8524945506	36364.0000000000	62500.0000000000	86957.0000000000	112.0000000000	 66.0000000000	 48.0000000000	  0.0000000000	  0.0000000000	  0.0000000000	  0.1394288280	 21.5191364856	535870.9801344598	-11.8502259256	-37.5066363438	-2650.0847538443
  0.0974246268	  1.0385245988	695.3882659217	33898.0000000000	31496.0000000000	129032.0000000000	120.0000000000	128.0000000000	 32.0000000000	  0.0000000000	  0.0000000000	  0.0000000000	  0.0642558661	  2.0429751706	897796.5120722183	 -9.6292542532	-64.3917461106	-1288.5703917123
  0.1020391020	  0.9987537714	685.5213082114	47619.0000000000	117647.0000000000	133333.0000000000	 86.0000000000	 36.0000000000	 32.0000000000	  0.0000000000	  0.0000000000	  0.0000000000	  0.1151729812	 29.9328258240	1249209.7335789094	 -5.5257193606	 -8.8852115743	-1402.9179115499
  0.1009625000	  0.9888126213	688.1204704476	40000.0000000000	45977.0000000000	81633.0000000000	102.0000000000	 88.0000000000	 50.0000000000	  0.0000000000	  0.0000000000	  0.0000000000	  0.1171342224	 13.7320421772	1520014.3104301766	 -8.5112143053	-65.4230579414	-5240.3737913794
  0.0973456947	  0.9974260162	687.1397488479	31496.0000000000	105263.0000000000	307692.0000000000	128.0000000000	 40.0000000000	 14.0000000000	  0.0000000000	  0.0000000000	  0.0000000000	  0.0806410090	  4.1147055232	1075425.1751456766	-12.8869205892	 -4.5011178422	173.5504441829
  0.0964704165	  0.9978354508	689.2117878839	27397.0000000000	76923.0000000000	90909.0000000000	148.0000000000	 54.0000000000	 46.0000000000	  0.0000000000	  0.0000000000	  0.0000000000	  0.0959245784	 24.8844271344	1711041.9315453048	 19.7788335742	 23.8650288070	-4223.3480333652
  0.1024929069	  1.0287261482	688.2810342940	41237.0000000000	62500.0000000000	67797.0000000000	 98.0000000000	 66.0000000000	 60.0000000000	  0.0000000000	  0.0000000000	  0.0000000000	  0.0740670361	 37.9722827895	1044598.8239639369	 -6.2504723939	-49.8133178129	-6732.5087651454
  0.0985652115	  1.0057676080	686.7312018716	29412.0000000000	78431.0000000000	90909.0000000000	138.0000000000	 52.0000000000	 46.0000000000	  0.0000000000	  0.0000000000	  0.0000000000	  0.1469070268	 14.8876868556	843562.3313760690	-20.6897695305	 18.1887502483	-2942.8591585730
  0.0996954268	  1.0012578544	688.7610644627	43011.0000000000	75472.0000000000	93023.0000000000	 94.0000000000	 54.0000000000	 44.0000000000	  0.0000000000	  0.0000000000	  0.0000000000	  0.0995038483	 16.4314671413	1054476.0426447270	 -6.6204580808	 21.0080084313	3145.8924305184
  0.0985040150	  1.0001917936	678.2577046179	36364.0000000000	51948.0000000000	59701.0000000000	112.0000000000	 78.0000000000	 68.0000000000	  0.0000000000	  0.0000000000	  0.0000000000	  0.1169140056	 15.6813717138	664217.6992297570	 10.7671676840	-52.0486340655	-7470.3273117475
  0.1016000000	  0.9983396390	692.3846380854	62500.0000000000	61538.0000000000	114286.0000000000	 66.0000000000	 66.0000000000	 36.0000000000	  0.0000000000	  0.0000000000	  0.0000000000	  0.1017259271	 16.7934472458	636006.5036400320	 -2.6473333217	 34.4935562143	-1474.9943979485
  0.1001421989	  1.0124584078	684.0653807179	55556.0000000000	40404.0000000000	54795.0000000000	 74.0000000000	100.0000000000	 74.0000000000	  0.0000000000	  0.0000000000	  0.0000000000	  0.1079787843	  9.5192785339	766951.8003232370	  3.5925862963	 75.4449351295	9919.3506716680
  0.0988675219	  1.0168751551	682.7310784272	41237.0000000000	76923.0000000000	81633.0000000000	 98.0000000000	 54.0000000000	 50.0000000000	  0.0000000000	  0.0000000000	  0.0000000000	  0.1109365790	 17.6700812127	1379393.3201560895	  7.7902686754	-20.2939141575	4982.0907176458
  0.0954275726	  0.9930307455	685.8136034748	43478.0000000000	85106.0000000000	80000.0000000000	 94.0000000000	 48.0000000000	 52.0000000000	  0.0000000000	  0.0000000000	  0.0000000000	  0.0799410720	  8.4089958813	1013109.8979985187	  5.7896809727	 10.9824781978	4539.1081312455
  0.0987374601	  0.9967665806	684.7660169978	35088.0000000000	81633.0000000000	108108.0000000000	116.0000000000	 50.0000000000	 38.0000000000	  0.0000000000	  0.0000000000	  0.0000000000	  0.0894155616	 20.8184067349	1028134.6753124205	-10.4035944858	-18.9377920542	2153.0462344376
  0.0998570014	  0.9926904543	686.0833884701	45455.0000000000	74074.0000000000	173913.0000000000	 90.0000000000	 56.0000000000	 24.0000000000	  0.0000000000	  0.0000000000	  0.0000000000	  0.0802034257	 23.4115842835	805292.2874393351	 -5.1669530478	-25.5769904040	579.3980002604
  0.1009204083	  0.9876384595	684.2595642304	33898.0000000000	88889.0000000000	55556.0000000000	120.0000000000	 46.0000000000	 74.0000000000	  0.0000000000	  0.0000000000	  0.0000000000	  0.0894079672	 13.9848583131	800051.7730842234	 11.2292028005	 12.9923979878	9684.2505475546
  0.0997896258	  0.9766348766	681.0930421092	47059.0000000000	40000.0000000000	129032.0000000000	 86.0000000000	102.0000000000	 32.0000000000	  0.0000000000	  0.0000000000	  0.0000000000	  0.0721699692	  8.1201533791	930847.5708628399	 -4.5136922349	-71.0337109398	1304.4466722284
  0.1038406038	  1.0033521076	685.9341685015	36036.0000000000	90909.0000000000	90909.0000000000	112.0000000000	 46.0000000000	 46.0000000000	  0.0000000000	  0.0000000000	  0.0000000000	  0.0752811413	 21.5596334534	677064.3352208351	  8.8248346595	-15.1121683257	2576.1551220091
  0.1009478269	  0.9904598909	683.2087580447	129032.0000000000	51948.0000000000	86957.0000000000	 32.0000000000	 78.0000000000	 48.0000000000	  0.0000000000	  0.0000000000	  0.0000000000	  0.0789259228	  8.6330045837	1301726.1549423737	 -0.3790619109	-37.6016520330	-4170.6918099721
  0.1002117756	  1.0114653668	685.2832349537	93023.0000000000	97561.0000000000	121212.0000000000	 44.0000000000	 42.0000000000	 34.0000000000	  0.0000000000	  0.0000000000	  0.0000000000	  0.0654110548	 19.7845270608	891565.1346212049	 -0.7608135293	-11.9342282834	-1503.9525755859
  0.1015596016	  0.9960762747	688.4867436868	142857.0000000000	65574.0000000000	64516.0000000000	 30.0000000000	 62.0000000000	 64.0000000000	  0.0000000000	  0.0000000000	  0.0000000000	  0.0574698330	  9.2310729442	772929.4655598821	  0.2543752458	-21.6955730960	6623.8164743718
  0.1020841833	  0.9917236787	685.2276714373	58824.0000000000	76923.0000000000	307692.0000000000	 70.0000000000	 54.0000000000	 14.0000000000	  0.0000000000	  0.0000000000	  0.0000000000	  0.1267179909	 25.3940217934	2209551.7752423026	  3.4037373542	-24.6827386187	241.5849306043
  0.1002301737	  1.0105475353	685.4694941843	43011.0000000000	60606.0000000000	93023.0000000000	 94.0000000000	 68.0000000000	 44.0000000000	  0.0000000000	  0.0000000000	  0.0000000000	  0.0290641876	  8.4913454849	1897634.4690931439	  3.5765937319	-26.1649736885	4222.9347901496
  0.0988942088	  1.0003789531	688.8487422486	35088.0000000000	54795.0000000000	75472.0000000000	116.0000000000	 74.0000000000	 54.0000000000	  0.0000000000	  0.0000000000	  0.0000000000	  0.0907735135	 31.5514251683	1487811.8767395415	 10.3548085414	-64.7445321251	-6274.4388475985
  0.0965995682	  0.9820092942	688.5560507853	31496.0000000000	129032.0000000000	81633.0000000000	128.0000000000	 32.0000000000	 50.0000000000	  0.0000000000	  0.0000000000	  0.0000000000	  0.1130265358	 37.7330188060	1075640.3417324130	-15.1291864283	  7.9849877620	4273.8112849235
  0.0993482948	  1.0023692852	683.7794264073	40816.0000000000	111111.0000000000	105263.0000000000	100.0000000000	 38.0000000000	 40.0000000000	  0.0000000000	  0.0000000000	  0.0000000000	  0.1175789715	 27.1538049953	753077.4587376218	  8.2091709357	  9.8179751648	-1869.4313356971
  0.0958502915	  1.0235961490	684.0978863093	36364.0000000000	51282.0000000000	160000.0000000000	112.0000000000	 80.0000000000	 26.0000000000	  0.0000000000	  0.0000000000	  0.0000000000	  0.0895877007	  8.7110483969	1210669.4871099293	  9.5151301010	-39.8732003794	-896.2197324097
  0.1010491010	  0.9887734056	676.2219340504	153846.0000000000	66667.0000000000	68966.0000000000	 28.0000000000	 62.0000000000	 60.0000000000	  0.0000000000	  0.0000000000	  0.0000000000	  0.0844154007	  9.5570659243	662631.9863067390	  0.2450244144	 21.6096472458	-5217.7521110640
  0.1019447767	  0.9801208714	686.2554851112	38462.0000000000	36364.0000000000	95238.0000000000	106.0000000000	112.0000000000	 44.0000000000	  0.0000000000	  0.0000000000	  0.0000000000	  0.0392706136	  4.6386403471	939801.1961476110	  5.4635663452	-68.9003721803	-2798.5901104677
  0.0980707846	  0.9633132494	689.8753787205	35714.0000000000	95238.0000000000	80000.0000000000	114.0000000000	 44.0000000000	 52.0000000000	  0.0000000000	  0.0000000000	  0.0000000000	  0.0913573053	  3.0891774109	567088.1064112558	-10.0033121932	  5.0272278567	-3275.1547643293
  0.1030809254	  0.9937700457	681.3277308422	46512.0000000000	47059.0000000000	133333.0000000000	 88.0000000000	 86.0000000000	 32.0000000000	  0.0000000000	  0.0000000000	  0.0000000000	  0.0942300839	  9.7536150711	2585016.2691181158	 -5.2958187820	 51.5828908726	1954.5387224100
  0.1012850000	  1.0263734242	687.3028553673	100000.0000000000	75472.0000000000	90909.0000000000	 42.0000000000	 54.0000000000	 46.0000000000	  0.0000000000	  0.0000000000	  0.0000000000	  0.0929006347	 19.2940307826	739121.3451260175	  0.7785395230	-22.1483981721	2724.3907000116
  0.1021312500	  0.9862094010	685.9825164333	160000.0000000000	58824.0000000000	160000.0000000000	 26.0000000000	 70.0000000000	 26.0000000000	  0.0000000000	  0.0000000000	  0.0000000000	  0.1124334027	 12.5011586395	1252629.3726221104	  0.2744211706	 33.4209501450	-904.5372542261
  0.0998025998	  0.9808445297	687.1243724244	142857.0000000000	210526.0000000000	235294.0000000000	 30.0000000000	 20.0000000000	 18.0000000000	  0.0000000000	  0.0000000000	  0.0000000000	  0.0893017580	  8.7456515916	1635360.2649443820	  0.3068113280	 -1.2019709193	-357.1016150987
  0.0995733517	  1.0025667067	682.7377683715	37736.0000000000	53333.0000000000	363636.0000000000	108.0000000000	 76.0000000000	 12.0000000000	  0.0000000000	  0.0000000000	  0.0000000000	  0.0989233232	 17.2846285148	836880.4470963393	  9.0644869044	-50.2043088086	 89.1592820601
  0.0991760992	  1.0030453901	681.8677778952	51948.0000000000	105263.0000000000	133333.0000000000	 78.0000000000	 40.0000000000	 32.0000000000	  0.0000000000	  0.0000000000	  0.0000000000	  0.1074577171	 20.6955776434	604792.1774190618	 -4.2382272988	 10.4529905299	923.7375173198
  0.1015400000	  1.0243821918	698.2815345470	50000.0000000000	44444.0000000000	75472.0000000000	 82.0000000000	 92.0000000000	 54.0000000000	  0.0000000000	  0.0000000000	  0.0000000000	  0.0379435014	  2.7550732872	1083706.9666060491	  2.8135189632	-31.7193463474	5257.0387208856
  0.1013468108	  0.9758522166	692.1305559152	35714.0000000000	142857.0000000000	75472.0000000000	114.0000000000	 30.0000000000	 54.0000000000	  0.0000000000	  0.0000000000	  0.0000000000	  0.1095735133	 14.9745752287	717039.0555140750	-11.0473332918	 -3.9884622493	-4380.5364816689
  0.1006062500	  1.0102625012	692.0065557064	80000.0000000000	41667.0000000000	190476.0000000000	 52.0000000000	 98.0000000000	 22.0000000000	  0.0000000000	  0.0000000000	  0.0000000000	  0.0845717235	  7.1423406176	1121068.3074295009	  1.3032573541	 61.0967344611	-542.8639752260
  0.1011047610	  1.0120026407	689.6866899080	44444.0000000000	68966.0000000000	137931.0000000000	 92.0000000000	 60.0000000000	 30.0000000000	  0.0000000000	  0.0000000000	  0.0000000000	  0.0815391680	 10.2478327185	999683.3783953764	 -5.5221740248	 20.8357044715	-1105.2193423090
  0.0940173462	  1.0035841897	688.7850690098	33898.0000000000	36697.0000000000	58824.0000000000	120.0000000000	110.0000000000	 70.0000000000	  0.0000000000	  0.0000000000	  0.0000000000	  0.0384832522	  2.2763875550	473860.3862609458	 -7.4727424271	-47.0978551424	-6674.4925812965
  0.1023296023	  1.0146014372	683.1997233003	76923.0000000000	62500.0000000000	200000.0000000000	 54.0000000000	 66.0000000000	 22.0000000000	  0.0000000000	  0.0000000000	  0.0000000000	  0.0811101041	  4.0630513369	1772327.8778566886	 -1.3676039483	 16.3544882164	597.6594882038
  0.1010954275	  1.0204783586	689.8317901252	18349.0000000000	43011.0000000000	166667.0000000000	220.0000000000	 94.0000000000	 26.0000000000	  0.0000000000	  0.0000000000	  0.0000000000	  0.0193882461	  1.7853634029	1352318.5620490969	 24.5341715373	-28.0277796387	817.1861293417
  0.0970611941	  0.9876555105	685.8723259037	32258.0000000000	160000.0000000000	80000.0000000000	126.0000000000	 26.0000000000	 52.0000000000	  0.0000000000	  0.0000000000	  0.0000000000	  0.1263019503	 21.9847663575	957909.7642259286	-15.1120997111	  3.7142260996	-4224.2793980050
  0.1033250208	  0.9707712518	688.8431299158	30075.0000000000	47059.0000000000	137931.0000000000	134.0000000000	 86.0000000000	 30.0000000000	  0.0000000000	  0.0000000000	  0.0000000000	  0.0892434343	 10.8456718817	560769.3740305076	 15.2720490429	 54.1489506135	-820.3233611261
  0.1027250000	  1.0100797637	685.5528602926	100000.0000000000	67797.0000000000	333333.0000000000	 42.0000000000	 60.0000000000	 14.0000000000	  0.0000000000	  0.0000000000	  0.0000000000	  0.1138734349	 28.7117219163	1621816.4563757116	  0.8276173065	-35.9220084513	145.6930775399
  0.0988065988	  1.0023366813	691.4824998676	74074.0000000000	160000.0000000000	74074.0000000000	 56.0000000000	 26.0000000000	 56.0000000000	  0.0000000000	  1.0000000000	  0.0000000000	  0.0799520198	  8.0639943847	1175647.8814441308	 -1.5032874075	 -2.2630782297	5728.8211803109
  0.0951755476	  0.9807956491	688.2121441775	28169.0000000000	166667.0000000000	117647.0000000000	144.0000000000	 26.0000000000	 36.0000000000	  0.0000000000	  0.0000000000	  0.0000000000	  0.0653098812	 12.8319892566	499987.5612599202	 15.2673473333	  2.6196818333	1212.1471306580
  0.0989159397	  1.0030733711	682.4337099383	27397.0000000000	76923.0000000000	83333.0000000000	148.0000000000	 54.0000000000	 50.0000000000	  0.0000000000	  0.0000000000	  0.0000000000	  0.1163130202	  8.8284799439	400335.7622942692	-21.7925145917	-14.7050598460	2565.1347387778
  0.1010573511	  1.0181115344	690.2163227378	95238.0000000000	65574.0000000000	148148.0000000000	 44.0000000000	 62.0000000000	 28.0000000000	  0.0000000000	  0.0000000000	  0.0000000000	  0.1072605442	 24.4892520417	822020.9073722016	  0.9165108997	-36.2882516490	890.8615262012
  0.1011272613	  1.0110781733	685.4335799591	44444.0000000000	59701.0000000000	108108.0000000000	 92.0000000000	 68.0000000000	 38.0000000000	  0.0000000000	  0.0000000000	  0.0000000000	  0.0907284057	 12.6249169205	995308.7142234717	 -5.7081299665	-32.1480835904	-2013.9224145716
  0.1003938996	  0.9809991122	688.7157220252	39604.0000000000	43011.0000000000	160000.0000000000	102.0000000000	 94.0000000000	 26.0000000000	  0.0000000000	  0.0000000000	  0.0000000000	  0.0896904102	  6.8244271418	1079193.6403920241	  7.7006867056	 54.4570263748	-851.5177434250
  0.0984899962	  0.9918166308	686.0316323621	26490.0000000000	55556.0000000000	81633.0000000000	152.0000000000	 74.0000000000	 50.0000000000	  0.0000000000	  0.0000000000	  0.0000000000	  0.0394668775	  3.5986281714	1478929.5592537881	 13.8565684875	 20.8204742968	-4992.4683186935
  0.1016576017	  0.9962016042	686.9692445150	27027.0000000000	93023.0000000000	86957.0000000000	150.0000000000	 44.0000000000	 48.0000000000	  0.0000000000	  0.0000000000	  0.0000000000	  0.0644082732	 28.7444352252	1689028.7062969019	 16.8182792386	-16.0092847604	4764.0379778958
  0.1005040000	  0.9768688489	681.2312773599	62500.0000000000	66667.0000000000	142857.0000000000	 66.0000000000	 62.0000000000	 30.0000000000	  0.0000000000	  0.0000000000	  0.0000000000	  0.0738705029	 22.0132970172	1998978.9204283105	 -2.2556115468	-32.8911771180	-1417.9141442985
  0.0996412464	  1.0052790260	686.4290240330	48780.0000000000	93023.0000000000	571429.0000000000	 84.0000000000	 44.0000000000	  8.0000000000	  0.0000000000	  0.0000000000	  0.0000000000	  0.0572740299	  8.5722245631	618978.8783456935	  3.6299097330	  8.6990017538	 24.6294175746
  0.1009354255	  1.0163072814	688.0134119415	56338.0000000000	66667.0000000000	133333.0000000000	 72.0000000000	 62.0000000000	 32.0000000000	  0.0000000000	  0.0000000000	  0.0000000000	  0.0758856401	  9.4256246438	734169.6238964909	  2.9355749447	-20.9764073906	-1044.9591976113
  0.0997935005	  1.0176628378	695.0908746885	57143.0000000000	97561.0000000000	76923.0000000000	 72.0000000000	 42.0000000000	 54.0000000000	  0.0000000000	  0.0000000000	  0.0000000000	  0.0750239943	 18.6414829895	904345.0748339009	  2.7600259528	 11.7178903262	4732.9395238904
