  0.1032307967	  0.9810465827	684.4854753125	16807.0000000000	45455.0000000000	46512.0000000000	120.0000000000	 46.0000000000	 44.0000000000	  0.0000000000	  0.0000000000	  0.0000000000	  0.0861582289	 22.0144093247	1348939.9333081250	 16.1484934008	-21.6787630915	4960.6810650596
  0.0996595980	  1.0096762855	689.6488885437	43478.0000000000	25316.0000000000	36364.0000000000	 48.0000000000	 80.0000000000	 56.0000000000	  0.0000000000	  0.0000000000	  0.0000000000	  0.0877590658	  5.6910381041	866602.4323311088	  1.5235809088	 47.4360070912	7517.9251252112
  0.0952380952	  0.9784154029	680.9413638744	30303.0000000000	40000.0000000000	57143.0000000000	 68.0000000000	 52.0000000000	 36.0000000000	  0.0000000000	  0.0000000000	  0.0000000000	  0.1055437179	 16.9896812008	976442.5087130080	 -4.0132865530	-25.6557706788	-2612.9286930479
  0.0986212110	  0.9841741096	686.4878003687	27778.0000000000	41667.0000000000	47619.0000000000	 74.0000000000	 50.0000000000	 44.0000000000	  0.0000000000	  0.0000000000	  0.0000000000	  0.0645987368	  9.4979516683	1437630.6668622755	  3.9490185396	-17.3899353421	4982.9007154499
  0.0985303485	  0.9814907442	690.5363311374	21978.0000000000	37736.0000000000	37037.0000000000	 92.0000000000	 54.0000000000	 56.0000000000	  0.0000000000	  0.0000000000	  0.0000000000	  0.0972876630	  9.7821819623	1544899.2965913685	  8.6272840241	 22.8367432514	-9294.4962324679
  0.1027939721	  0.9864930998	687.6598381376	18182.0000000000	100000.0000000000	37037.0000000000	112.0000000000	 22.0000000000	 56.0000000000	  0.0000000000	  0.0000000000	  0.0000000000	  0.0557035561	  6.4316811266	1311129.0845934593	 10.5820749900	  1.7038677959	-8865.1967328509
  0.1017983144	  1.0190314977	694.0114747013	40816.0000000000	35088.0000000000	40000.0000000000	 50.0000000000	 58.0000000000	 52.0000000000	  0.0000000000	  0.0000000000	  0.0000000000	  0.0939233675	 12.6126492850	2206091.3126068190	  1.8204883706	 30.4759147733	-9388.5621492036
  0.0987862097	  1.0166145737	690.0341266113	58824.0000000000	39216.0000000000	62500.0000000000	 36.0000000000	 52.0000000000	 34.0000000000	  0.0000000000	  0.0000000000	  0.0000000000	  0.1238398877	 20.0991417923	815918.1406359064	 -0.8420652224	-30.0409256391	-1843.5142349736
  0.0987938488	  1.0101872872	686.9128617243	60606.0000000000	33333.0000000000	166667.0000000000	 34.0000000000	 62.0000000000	 14.0000000000	  0.0000000000	  0.0000000000	  0.0000000000	  0.1088594236	 40.6902761586	821223.3932824336	  0.7370826917	-62.8497172650	-173.1309631492
  0.1012551013	  1.0439191421	686.1987515930	90909.0000000000	28986.0000000000	37736.0000000000	 24.0000000000	 70.0000000000	 54.0000000000	  0.0000000000	  0.0000000000	  0.0000000000	  0.0580837380	 13.2808434518	1022354.5055219874	  0.2026273740	-51.5962788142	-7154.6339525166
  0.0968002744	  0.9663501832	682.8223295761	20408.0000000000	30769.0000000000	133333.0000000000	100.0000000000	 66.0000000000	 16.0000000000	  0.0000000000	  0.0000000000	  0.0000000000	  0.1179794374	 21.7402416238	874047.6849965610	-11.6654435065	-57.0662577005	-288.5065515571
  0.1028511772	  0.9981863187	696.1562628034	27778.0000000000	27778.0000000000	48780.0000000000	 74.0000000000	 74.0000000000	 42.0000000000	  0.0000000000	  0.0000000000	  0.0000000000	  0.0973738637	 15.0482234893	913496.7923422366	  4.8798836602	 61.0719220674	3734.4851517542
  0.0958090419	  1.0150417640	686.6512180728	18182.0000000000	27397.0000000000	105263.0000000000	112.0000000000	 74.0000000000	 20.0000000000	  0.0000000000	  0.0000000000	  0.0000000000	  0.1006870497	 30.4156140701	736218.7702078595	-14.3418890117	-90.2131816886	490.1425897785
  0.0968591950	  0.9742341890	683.5976293686	23529.0000000000	57143.0000000000	55556.0000000000	 86.0000000000	 36.0000000000	 38.0000000000	  0.0000000000	  0.0000000000	  0.0000000000	  0.1069333719	 12.8843976666	1920919.4628247509	 -7.8004695295	 -8.9293551321	-3886.6026993449
  0.1021953851	  0.9815802929	684.2134848378	24096.0000000000	68966.0000000000	90909.0000000000	 84.0000000000	 30.0000000000	 24.0000000000	  0.0000000000	  0.0000000000	  0.0000000000	  0.0865953347	 27.3239185234	1114227.4319684359	 -6.5670029180	  8.5280284423	820.5836679695
  0.1036952074	  0.9729794986	688.4485065860	16129.0000000000	35088.0000000000	58824.0000000000	126.0000000000	 58.0000000000	 36.0000000000	  0.0000000000	  0.0000000000	  0.0000000000	  0.0382059139	  8.3335809211	518547.9034514231	 11.9082934007	-25.3557982449	-1709.4791695211
  0.1017630176	  0.9897582704	692.5111914288	24390.0000000000	28571.0000000000	33898.0000000000	 84.0000000000	 72.0000000000	 60.0000000000	  0.0000000000	  0.0000000000	  0.0000000000	  0.0879064596	 13.5185520933	709538.3473127396	 -6.3227486790	-52.4649940408	8101.9491191175
  0.0999405999	  0.9746221500	685.5046259519	37037.0000000000	31250.0000000000	76923.0000000000	 56.0000000000	 66.0000000000	 28.0000000000	  0.0000000000	  0.0000000000	  0.0000000000	  0.1485176139	 41.5256192867	1620952.2400938699	  2.9004668653	 74.5580014615	-1485.1261941100
  0.1004635046	  0.9847105465	685.6564449609	22222.0000000000	44444.0000000000	66667.0000000000	 92.0000000000	 46.0000000000	 32.0000000000	  0.0000000000	  0.0000000000	  0.0000000000	  0.1030407981	 11.3250592913	627024.2979424264	 -8.8412573320	 16.0863431279	1350.7618337018
  0.0996813971	  0.9542031936	696.4492090858	16949.0000000000	50000.0000000000	38462.0000000000	120.0000000000	 42.0000000000	 54.0000000000	  0.0000000000	  0.0000000000	  0.0000000000	  0.0665492905	 16.2259599367	1826372.4792889259	 13.7423278447	-14.4421150925	9405.1653723286
  0.0997260956	  1.0119977627	679.1987795712	24096.0000000000	24390.0000000000	58824.0000000000	 84.0000000000	 84.0000000000	 36.0000000000	  0.0000000000	  0.0000000000	  0.0000000000	  0.0585048269	  4.3715998439	489912.7824716429	  5.3117498934	-44.3863982813	1654.2462806301
  0.1044256708	  0.9807590057	689.1401596449	20833.0000000000	18349.0000000000	117647.0000000000	 98.0000000000	110.0000000000	 18.0000000000	  0.0000000000	  0.0000000000	  0.0000000000	  0.0383565212	  4.8021580974	591997.0738669949	 -6.1859907693	-96.4177074814	-326.2421162741
  0.1006995972	  1.0151007658	686.6860733169	18868.0000000000	55556.0000000000	222222.0000000000	108.0000000000	 38.0000000000	 10.0000000000	  0.0000000000	  0.0000000000	  0.0000000000	  0.0895022900	 12.2084640730	594778.7509181252	-12.3648752132	 -9.3807467494	-70.8064361975
  0.0999344505	  0.9993906638	681.9183844794	35088.0000000000	48780.0000000000	41667.0000000000	 58.0000000000	 42.0000000000	 50.0000000000	  0.0000000000	  0.0000000000	  0.0000000000	  0.1064908674	 24.1652291466	750124.3119491782	  2.8496258603	-18.8995412205	-4779.8918181742
  0.0968836125	  1.0319068939	691.0771221507	37736.0000000000	46512.0000000000	42553.0000000000	 54.0000000000	 44.0000000000	 48.0000000000	  0.0000000000	  0.0000000000	  0.0000000000	  0.0917206345	 24.9674247420	1086280.8575490827	 -2.1706347682	-21.7710628642	5448.7155407956
  0.0997690046	  0.9964080425	691.0476936778	23810.0000000000	20000.0000000000	83333.0000000000	 86.0000000000	102.0000000000	 26.0000000000	  0.0000000000	  0.0000000000	  0.0000000000	  0.0816837062	  5.7490034552	1117062.3981364118	  6.6180841292	 84.1559633580	1060.5457626455
  0.1018375000	  1.0311748174	684.0560554915	40000.0000000000	48780.0000000000	117647.0000000000	 52.0000000000	 42.0000000000	 18.0000000000	  0.0000000000	  0.0000000000	  0.0000000000	  0.1118936178	 29.5969482675	537501.8530011432	  2.1106123425	 20.3460175887	-313.3929055346
  0.1019701020	  0.9848896440	689.6323846140	20202.0000000000	26667.0000000000	38462.0000000000	100.0000000000	 76.0000000000	 54.0000000000	  0.0000000000	  0.0000000000	  0.0000000000	  0.1138168069	 10.0323416434	559223.7807114910	 11.6888922627	 54.6495755625	5169.9149925416
  0.0992771525	  0.9746786413	691.0091856862	32787.0000000000	25641.0000000000	60606.0000000000	 62.0000000000	 80.0000000000	 34.0000000000	  0.0000000000	  0.0000000000	  0.0000000000	  0.0633972908	  4.1757332364	952388.5760745440	  2.5899202788	-38.6534207352	2212.2062168844
  0.0979000000	  0.9921610533	690.0370197758	20000.0000000000	51282.0000000000	32787.0000000000	102.0000000000	 40.0000000000	 62.0000000000	  0.0000000000	  0.0000000000	  0.0000000000	  0.1307498682	 18.9189366198	883822.1441056869	-12.8625658591	 14.1841567648	9570.2732430202
  0.0980724067	  1.0149138769	692.9825312605	32787.0000000000	25000.0000000000	47619.0000000000	 62.0000000000	 82.0000000000	 44.0000000000	  0.0000000000	  0.0000000000	  0.0000000000	  0.0916759820	 27.3094772384	730786.7338941607	 -3.0708659979	-107.2574493793	-3436.6299511909
  0.0990272078	  0.9654297276	682.2340481049	52632.0000000000	222222.0000000000	74074.0000000000	 40.0000000000	 10.0000000000	 28.0000000000	  0.0000000000	  0.0000000000	  0.0000000000	  0.1077895221	 12.2075568062	1057286.6342488944	 -1.0382261496	  0.3037376339	1355.5577995580
  0.1008341933	  1.0013160876	686.4100135031	46512.0000000000	33333.0000000000	45455.0000000000	 44.0000000000	 62.0000000000	 46.0000000000	  0.0000000000	  0.0000000000	  0.0000000000	  0.0906508473	 12.2805518224	1016356.0028169710	  1.3222425930	 34.9879577181	4640.1619350064
  0.1002677968	  0.9785978060	688.8240299943	38462.0000000000	36364.0000000000	58824.0000000000	 54.0000000000	 56.0000000000	 36.0000000000	  0.0000000000	  0.0000000000	  0.0000000000	  0.1040530272	 37.6020103144	1108009.1927000540	  2.2637799283	-49.5602223624	-2566.4086247131
  0.0980363530	  1.0000613241	683.6438071034	13699.0000000000	22472.0000000000	50000.0000000000	148.0000000000	 90.0000000000	 42.0000000000	  0.0000000000	  0.0000000000	  0.0000000000	  0.0476459638	  7.3541045806	916465.9841664762	 19.8884703338	-71.4279885346	-3364.7299670110
  0.0985006247	  1.0292148166	684.4076823303	16807.0000000000	29412.0000000000	51282.0000000000	120.0000000000	 70.0000000000	 40.0000000000	  0.0000000000	  0.0000000000	  0.0000000000	  0.1423141518	 25.2572276301	622893.7572374934	-20.3938596200	 68.9594976782	-2709.7645596632
  0.0965234778	  1.0083617599	686.5042715691	15504.0000000000	39216.0000000000	153846.0000000000	130.0000000000	 52.0000000000	 14.0000000000	  0.0000000000	  0.0000000000	  0.0000000000	  0.0661931312	 12.9992328112	781145.9797655796	 17.1703981091	 23.4539784128	207.1246442951
  0.1009791922	  0.9658416926	693.5614141220	13072.0000000000	32258.0000000000	68966.0000000000	154.0000000000	 64.0000000000	 30.0000000000	  0.0000000000	  0.0000000000	  0.0000000000	  0.0564417004	 18.7251535597	770488.7423097400	 24.2877508957	 46.2207570316	1384.1783415193
  0.1012276012	  1.0066645601	686.3681263414	20202.0000000000	30303.0000000000	100000.0000000000	100.0000000000	 68.0000000000	 22.0000000000	  0.0000000000	  0.0000000000	  0.0000000000	  0.1179524454	 29.4361915168	1314452.0994770476	 11.9127629387	-67.3460786912	-729.0906318408
  0.0977340977	  1.0363835595	683.8537724774	21978.0000000000	44444.0000000000	43478.0000000000	 92.0000000000	 46.0000000000	 48.0000000000	  0.0000000000	  0.0000000000	  0.0000000000	  0.0964477256	 21.1082294612	1148518.7569694780	  8.6447120541	 21.9121742033	5293.8559537296
  0.1012295951	  1.0104008973	688.2036134802	37736.0000000000	45455.0000000000	83333.0000000000	 54.0000000000	 46.0000000000	 26.0000000000	  0.0000000000	  0.0000000000	  0.0000000000	  0.0980701841	  6.1734511410	2407947.1302851499	 -2.2224803418	-11.4002689213	-1583.7356209629
  0.0984961632	  1.0031701873	683.5556206869	19417.0000000000	58824.0000000000	100000.0000000000	104.0000000000	 36.0000000000	 22.0000000000	  0.0000000000	  0.0000000000	  0.0000000000	  0.0909063763	 20.0777455855	1691348.2649660253	 11.5192244823	-10.8642061532	863.2337623568
  0.1006404872	  0.9813513958	686.1331070531	19048.0000000000	86957.0000000000	117647.0000000000	106.0000000000	 24.0000000000	 18.0000000000	  0.0000000000	  0.0000000000	  0.0000000000	  0.0906464734	 10.1633586254	628776.0017801141	-12.1678277237	 -2.9767476136	325.6571021636
  0.0992211907	  1.0458891834	687.8473969995	22727.0000000000	25000.0000000000	50000.0000000000	 90.0000000000	 82.0000000000	 42.0000000000	  0.0000000000	  0.0000000000	  0.0000000000	  0.0548372044	  6.1945094296	509329.8732619222	  6.0372441404	-50.1487347868	-2628.8673564323
  0.0979605980	  1.0097515926	691.7708355846	30303.0000000000	37037.0000000000	153846.0000000000	 68.0000000000	 56.0000000000	 14.0000000000	  0.0000000000	  0.0000000000	  0.0000000000	  0.1278772854	 26.2781032991	868500.3763696824	  4.5264657661	 38.3937674881	-219.8683503269
  0.1041630729	  1.0134172336	685.6782499973	17391.0000000000	62500.0000000000	52632.0000000000	116.0000000000	 34.0000000000	 40.0000000000	  0.0000000000	  0.0000000000	  0.0000000000	  0.0567740699	  9.9206570972	2794757.4916223465	 11.9068835334	 -6.6922722069	-5336.9522499769
  0.0995464480	  0.9642641062	688.4323915309	42553.0000000000	32258.0000000000	54054.0000000000	 48.0000000000	 64.0000000000	 38.0000000000	  0.0000000000	  0.0000000000	  0.0000000000	  0.0720796694	 18.9909962500	1166570.2093797317	 -1.4677976972	-46.4749887999	-3182.3425474651
  0.1032170871	  0.9775084074	685.5683331512	37736.0000000000	50000.0000000000	74074.0000000000	 54.0000000000	 42.0000000000	 28.0000000000	  0.0000000000	  0.0000000000	  0.0000000000	  0.1339152246	 38.5836862040	1388347.0475692141	 -2.6066595170	 22.0829421609	-1508.3532381321
  0.0994575913	  0.9789704236	686.1188581702	20833.0000000000	50000.0000000000	42553.0000000000	 98.0000000000	 42.0000000000	 48.0000000000	  0.0000000000	  0.0000000000	  0.0000000000	  0.1151835155	 45.6295129546	1351665.2909757583	 10.7572445100	 24.1219351929	-6383.0287951541
  0.1022692045	  0.9677406358	692.3708976200	16129.0000000000	66667.0000000000	111111.0000000000	126.0000000000	 32.0000000000	 20.0000000000	  0.0000000000	  0.0000000000	  0.0000000000	  0.0984002481	 19.2836696780	872369.6170581749	 18.8428320475	 -7.8859630881	-482.8239940051
  0.1008320000	  0.9857654762	686.4997313143	15625.0000000000	41667.0000000000	37736.0000000000	130.0000000000	 50.0000000000	 54.0000000000	  0.0000000000	  0.0000000000	  0.0000000000	  0.1284691386	 12.1511648686	697851.1467947644	-23.3373582763	-19.5103346606	6006.8291291963
  0.0985751372	  1.0269912220	684.5054991235	33898.0000000000	26667.0000000000	105263.0000000000	 60.0000000000	 76.0000000000	 20.0000000000	  0.0000000000	  0.0000000000	  0.0000000000	  0.0811731077	 10.1411317501	1300100.6768827487	 -2.6789673175	-54.8467353398	-608.1513555902
  0.1003486056	  0.9623646559	685.2145421951	24096.0000000000	25641.0000000000	66667.0000000000	 84.0000000000	 80.0000000000	 32.0000000000	  0.0000000000	  0.0000000000	  0.0000000000	  0.0649887065	 17.4152505464	1368666.2936381246	 -5.6203191697	-79.8356532274	-2041.8513883749
  0.1019946591	  0.9891531934	682.1438218288	18349.0000000000	44444.0000000000	34483.0000000000	110.0000000000	 46.0000000000	 60.0000000000	  0.0000000000	  0.0000000000	  0.0000000000	  0.0826253605	 19.8236774973	1465667.4379183045	-12.4833845717	 21.2631474517	-10886.1615324432
  0.0995578141	  0.9574774766	686.5995450853	15152.0000000000	27397.0000000000	50000.0000000000	134.0000000000	 74.0000000000	 42.0000000000	  0.0000000000	  0.0000000000	  0.0000000000	  0.0720129063	 14.1551321708	882447.3325735196	 19.1382503138	-59.7550127017	3321.4010910111
  0.0994896926	  0.9785886546	684.9978517239	24691.0000000000	83333.0000000000	83333.0000000000	 82.0000000000	 26.0000000000	 26.0000000000	  0.0000000000	  0.0000000000	  0.0000000000	  0.0794978302	 23.6221031015	800158.7741833873	 -5.9670397948	 -5.0568130417	-862.8629052796
  0.1019366116	  0.9933217114	683.3778227284	43478.0000000000	46512.0000000000	66667.0000000000	 48.0000000000	 44.0000000000	 32.0000000000	  0.0000000000	  0.0000000000	  0.0000000000	  0.1155970112	 24.3577216413	880941.0758795459	 -1.7376671365	-21.0291000150	-1592.8979128449
  0.1000866993	  1.0077054424	681.8391487729	19608.0000000000	45455.0000000000	54054.0000000000	104.0000000000	 46.0000000000	 38.0000000000	  0.0000000000	  0.0000000000	  0.0000000000	  0.0671353298	 13.6524082116	1625990.6012052991	  9.6057372137	-16.6287442680	3673.7065278514
  0.0992915993	  0.9747759807	689.6189864519	25974.0000000000	35714.0000000000	42553.0000000000	 78.0000000000	 58.0000000000	 48.0000000000	  0.0000000000	  0.0000000000	  0.0000000000	  0.1027083988	 23.1436838915	565946.7504076278	  5.9320884412	-40.2780783914	-3967.9801896048
  0.1031118862	  1.0183429127	683.8357184076	18349.0000000000	40000.0000000000	42553.0000000000	110.0000000000	 52.0000000000	 48.0000000000	  0.0000000000	  0.0000000000	  0.0000000000	  0.0882414353	 39.3765697044	971925.4998224303	 13.0481903494	-38.8982584671	5176.2764369777
  0.0974481061	  1.0108058117	685.3230872543	18692.0000000000	38462.0000000000	58824.0000000000	108.0000000000	 54.0000000000	 36.0000000000	  0.0000000000	  0.0000000000	  0.0000000000	  0.0379097974	  6.7459767577	1474628.8574115059	  8.1202548789	-17.9079334393	-2978.1639324367
  0.1009268074	  1.0191089661	690.7802748494	35714.0000000000	30769.0000000000	43478.0000000000	 58.0000000000	 66.0000000000	 48.0000000000	  0.0000000000	  0.0000000000	  0.0000000000	  0.0718605156	 12.0412141853	1436616.3869226901	  2.2079904054	 41.9001107026	6236.7487915498
  0.0984907879	  0.9836584017	684.6004782240	20408.0000000000	60606.0000000000	71429.0000000000	100.0000000000	 34.0000000000	 30.0000000000	  0.0000000000	  0.0000000000	  0.0000000000	  0.1064427580	 41.2277453137	887613.0482959223	-10.8570279152	-13.8189493194	1439.3769223067
  0.1051181051	  1.0211751170	676.8307601751	153846.0000000000	41667.0000000000	29851.0000000000	 14.0000000000	 50.0000000000	 68.0000000000	  0.0000000000	  0.0000000000	  0.0000000000	  0.1085852110	 22.8561470518	913437.7836637651	  0.0725402421	-27.0068792629	12591.5790114240
  0.0988929889	  0.9688062067	686.8916167024	24390.0000000000	41667.0000000000	54054.0000000000	 84.0000000000	 50.0000000000	 38.0000000000	  0.0000000000	  0.0000000000	  0.0000000000	  0.0888758128	 20.5248125560	919684.3272737784	  6.4931410642	 26.1376577004	-2808.5086064211
  0.1014235507	  1.0342167541	686.6309736960	28169.0000000000	47619.0000000000	100000.0000000000	 72.0000000000	 44.0000000000	 22.0000000000	  0.0000000000	  0.0000000000	  0.0000000000	  0.1220244092	 30.2620754539	1397377.8026841767	  5.2040416969	 22.1690592623	761.8316075391
  0.1019812500	  0.9566349604	689.0968143505	80000.0000000000	62500.0000000000	40000.0000000000	 26.0000000000	 34.0000000000	 52.0000000000	  0.0000000000	  0.0000000000	  0.0000000000	  0.1092496285	 33.3156369721	930627.0437090563	 -0.3566213149	-11.8228889714	6109.7435155334
  0.0988659887	  0.9842908929	704.9126287942	22222.0000000000	47619.0000000000	35714.0000000000	 92.0000000000	 44.0000000000	 58.0000000000	  0.0000000000	  0.0000000000	  0.0000000000	  0.0824808626	 24.2771377469	540418.5506577423	  7.8537353302	-19.8193617187	5988.0300451199
  0.1016104532	  1.0490094278	677.0809807157	64516.0000000000	55556.0000000000	46512.0000000000	 32.0000000000	 38.0000000000	 44.0000000000	  0.0000000000	  0.0000000000	  0.0000000000	  0.0977897037	 10.4879575775	508953.0505059799	  0.5842452700	 -8.6665488597	-2996.5885983429
  0.1016010508	  0.9688174928	692.5498326405	28169.0000000000	66667.0000000000	71429.0000000000	 72.0000000000	 32.0000000000	 30.0000000000	  0.0000000000	  0.0000000000	  0.0000000000	  0.0740914600	 15.0277475640	936745.4476858450	  4.1406760674	  6.7292027228	-1384.3395447046
  0.1030573550	  0.9885581402	695.6634103810	25316.0000000000	30769.0000000000	51282.0000000000	 80.0000000000	 66.0000000000	 40.0000000000	  0.0000000000	  0.0000000000	  0.0000000000	  0.0759683053	 14.9621723859	836111.9714960675	 -5.4687777405	-46.0407398202	3053.0027189963
  0.0945283707	  0.9831947144	692.5091171457	24691.0000000000	105263.0000000000	111111.0000000000	 82.0000000000	 20.0000000000	 20.0000000000	  0.0000000000	  0.0000000000	  0.0000000000	  0.0901643439	 17.5541464003	1440412.3026312166	 -6.3037336271	 -2.2635059334	-588.7145040224
  0.1028581029	  0.9890345349	690.6854880914	47619.0000000000	46512.0000000000	86957.0000000000	 44.0000000000	 44.0000000000	 24.0000000000	  0.0000000000	  0.0000000000	  0.0000000000	  0.1061252174	 14.1040056406	903937.5224720923	 -1.3302453630	-16.4524514686	-867.3681242227
  0.1010236592	  1.0063067580	682.9598794988	33898.0000000000	30303.0000000000	250000.0000000000	 60.0000000000	 68.0000000000	 10.0000000000	  0.0000000000	  0.0000000000	  0.0000000000	  0.1217072926	  7.1169785767	977207.9903821546	 -3.2964066157	 33.0263054117	 54.1022190220
  0.0979911709	  0.9643028224	682.5476971002	24691.0000000000	105263.0000000000	62500.0000000000	 82.0000000000	 20.0000000000	 34.0000000000	  0.0000000000	  0.0000000000	  0.0000000000	  0.0557447666	  8.9996253514	1002973.9306929887	  4.8646368978	  1.7456124793	1991.7377229628
  0.1028593386	  1.0302005215	691.3495689055	37736.0000000000	18868.0000000000	44444.0000000000	 54.0000000000	108.0000000000	 46.0000000000	  0.0000000000	  0.0000000000	  0.0000000000	  0.0961227686	  6.1472781664	1534127.3325368674	  2.2775782494	102.1482900058	-5950.9699563310
  0.1020711834	  0.9707447205	689.1315822368	41667.0000000000	74074.0000000000	64516.0000000000	 50.0000000000	 28.0000000000	 32.0000000000	  0.0000000000	  0.0000000000	  0.0000000000	  0.0695494206	  9.6171539294	716926.7380967977	  1.4762531220	 -4.0975682937	-1588.0752003027
  0.1008540128	  1.0070961978	687.2322115327	28571.0000000000	47619.0000000000	153846.0000000000	 72.0000000000	 44.0000000000	 14.0000000000	  0.0000000000	  0.0000000000	  0.0000000000	  0.0956264078	 13.8654417177	626808.1277442059	 -4.5257635626	 15.1080792226	-166.3329332547
  0.1011368455	  0.9695504668	681.0587115473	37736.0000000000	83333.0000000000	32258.0000000000	 54.0000000000	 26.0000000000	 64.0000000000	  0.0000000000	  0.0000000000	  0.0000000000	  0.0804333900	 15.1227330475	1748108.6515598895	 -2.0467337663	 -4.0671368150	13960.2845184300
  0.0965475965	  0.9834303730	696.7446981425	15873.0000000000	45455.0000000000	71429.0000000000	128.0000000000	 46.0000000000	 30.0000000000	  0.0000000000	  0.0000000000	  0.0000000000	  0.1187325913	 19.3606394074	1431289.7528515314	-21.5419399190	-20.3572214576	1798.8705743226
  0.1000626995	  0.9993007821	684.4524627084	17544.0000000000	40000.0000000000	31746.0000000000	116.0000000000	 52.0000000000	 64.0000000000	  0.0000000000	  0.0000000000	  0.0000000000	  0.0731018912	 10.9657581578	955291.9495453422	 13.3979360572	-20.8664161332	-11061.4890914070
  0.1010276918	  1.0074770670	686.7055975498	23256.0000000000	26667.0000000000	71429.0000000000	 88.0000000000	 76.0000000000	 30.0000000000	  0.0000000000	  0.0000000000	  0.0000000000	  0.1176462749	 19.1049502288	1110604.1943238685	  8.2538900663	 74.0822300596	-1577.5565854710
  0.1017340812	  1.0178301666	692.8364204141	25316.0000000000	48780.0000000000	47619.0000000000	 80.0000000000	 42.0000000000	 44.0000000000	  0.0000000000	  0.0000000000	  0.0000000000	  0.1256058322	 28.4328051422	1540440.7888203890	  7.0089277708	-20.7143335460	-4975.3726049742
  0.0956642066	  0.9935148130	683.3469393485	16260.0000000000	26667.0000000000	133333.0000000000	124.0000000000	 76.0000000000	 16.0000000000	  0.0000000000	  0.0000000000	  0.0000000000	  0.0748330161	  8.7644161362	2035616.2887237414	 16.3185588190	 51.5595641718	450.2852997642
  0.0976212190	  1.0142409584	690.4655767135	26316.0000000000	46512.0000000000	32258.0000000000	 78.0000000000	 44.0000000000	 64.0000000000	  0.0000000000	  0.0000000000	  0.0000000000	  0.1083222903	 18.7210934166	938056.5893695013	 -5.8812746332	-18.4450695241	-10342.8837618616
  0.1046623547	  0.9546932803	688.0503459917	25974.0000000000	166667.0000000000	58824.0000000000	 78.0000000000	 14.0000000000	 36.0000000000	  0.0000000000	  0.0000000000	  0.0000000000	  0.0821145463	 18.4564243679	2452977.9940512846	  5.3377456452	 -0.8387969318	-3610.3496071283
  0.0997200000	  0.9828251587	688.7130372851	50000.0000000000	46512.0000000000	51282.0000000000	 42.0000000000	 44.0000000000	 40.0000000000	  0.0000000000	  0.0000000000	  0.0000000000	  0.1149044558	 13.3958367267	1165198.5991597364	 -1.2031936944	 15.9339511659	3683.5438981609
  0.0994541022	  1.0123637796	683.3344987437	37736.0000000000	28571.0000000000	37736.0000000000	 54.0000000000	 72.0000000000	 54.0000000000	  0.0000000000	  0.0000000000	  0.0000000000	  0.1156048016	 26.9098237664	941323.1880980715	 -2.4107546159	-74.7904982138	-6875.3707270177
  0.1004938419	  1.0049066426	686.0223388802	16807.0000000000	37736.0000000000	47619.0000000000	120.0000000000	 54.0000000000	 44.0000000000	  0.0000000000	  0.0000000000	  0.0000000000	  0.0736057766	 15.2861781847	1288052.9983068027	 14.7491649382	 28.6691399702	-4586.0392523872
  0.1021787739	  0.9885739414	683.0251592756	38462.0000000000	47619.0000000000	64516.0000000000	 54.0000000000	 44.0000000000	 32.0000000000	  0.0000000000	  0.0000000000	  0.0000000000	  0.1081134690	 34.9979932023	1144427.5228770599	 -2.3050750305	 23.7986725455	2013.7601118322
  0.1035956871	  1.0229910746	682.0279501884	21053.0000000000	31746.0000000000	37037.0000000000	 96.0000000000	 64.0000000000	 56.0000000000	  0.0000000000	  0.0000000000	  0.0000000000	  0.0641306670	  7.8332419452	410784.4416243845	  7.8943320488	 30.7506530722	4956.2839394311
  0.1017042710	  0.9929553391	680.4609645147	28986.0000000000	24390.0000000000	76923.0000000000	 70.0000000000	 84.0000000000	 28.0000000000	  0.0000000000	  0.0000000000	  0.0000000000	  0.0981408869	 24.7712443609	1600648.5429848153	 -4.4149509551	-106.3021545723	-1537.5689229024
  0.1036907706	  0.9881654130	690.3536523547	20619.0000000000	41667.0000000000	50000.0000000000	 98.0000000000	 50.0000000000	 42.0000000000	  0.0000000000	  0.0000000000	  0.0000000000	  0.1187454365	 15.6409578410	1698377.8979536195	-11.2157794668	 21.8442555895	-4700.4738786848
  0.0962800000	  1.0295567672	684.7828621937	25000.0000000000	39216.0000000000	52632.0000000000	 82.0000000000	 52.0000000000	 40.0000000000	  0.0000000000	  0.0000000000	  0.0000000000	  0.1026385253	 16.3014696537	1582813.1661622452	  6.5259786654	 26.8475141037	3872.7033165695
  0.0988768135	  0.9722848863	684.9870150774	38462.0000000000	41667.0000000000	285714.0000000000	 54.0000000000	 50.0000000000	  8.0000000000	  0.0000000000	  0.0000000000	  0.0000000000	  0.0738622928	 16.5778701062	728300.1375733041	 -1.8516085493	-22.5901051313	 34.5788080039
  0.0994840995	  0.9984002342	690.0752419585	25974.0000000000	37037.0000000000	64516.0000000000	 78.0000000000	 56.0000000000	 32.0000000000	  0.0000000000	  0.0000000000	  0.0000000000	  0.1030346092	 30.3245653329	806606.8275479137	 -5.9210184641	-41.5991796486	-1673.3665530435
  0.1012967241	  1.0011917554	685.7680720509	19048.0000000000	35088.0000000000	52632.0000000000	106.0000000000	 58.0000000000	 40.0000000000	  0.0000000000	  0.0000000000	  0.0000000000	  0.0557667257	 12.4906684113	925619.6321107799	  9.5186250910	-30.1342944279	3002.2771849259
  0.1011019807	  1.0021245402	684.8350796813	21053.0000000000	48780.0000000000	105263.0000000000	 96.0000000000	 42.0000000000	 20.0000000000	  0.0000000000	  0.0000000000	  0.0000000000	  0.0944346374	 15.0192365933	1494982.7575142866	  9.5167822298	 14.5615552680	686.0539132819
  0.1031356031	  1.0209525892	694.3293722992	25641.0000000000	31250.0000000000	54054.0000000000	 80.0000000000	 66.0000000000	 38.0000000000	  0.0000000000	  0.0000000000	  0.0000000000	  0.0721903777	 10.2753808950	1247870.3986263147	  5.0688318820	 36.5416325227	-3192.0577100502
  0.1025063013	  0.9661307692	684.5783928157	28169.0000000000	44444.0000000000	45455.0000000000	 72.0000000000	 46.0000000000	 46.0000000000	  0.0000000000	  0.0000000000	  0.0000000000	  0.0708971091	 26.2852166678	613033.5217891191	  3.9592671650	-24.5046301244	-3474.2303855911
  0.0948083409	  1.0074594734	686.7290835894	21053.0000000000	36364.0000000000	80000.0000000000	 96.0000000000	 56.0000000000	 26.0000000000	  0.0000000000	  0.0000000000	  0.0000000000	  0.0733486763	 16.5122387956	1640536.2441994881	 -8.4182665004	 32.2033935660	1379.3986858487
  0.0984572123	  1.0041232720	678.7061037556	26316.0000000000	50000.0000000000	35714.0000000000	 78.0000000000	 42.0000000000	 58.0000000000	  0.0000000000	  0.0000000000	  0.0000000000	  0.0922303718	  8.7677752788	816554.4206231459	 -5.3806765994	-10.6115701535	-7605.6582153609
  0.1013761014	  1.0254381462	685.9952607326	20202.0000000000	45455.0000000000	86957.0000000000	100.0000000000	 46.0000000000	 24.0000000000	  0.0000000000	  1.0000000000	  0.0000000000	  0.0822263690	 32.9064563038	1057085.1202236114	  9.8331249072	-26.6318615293	-915.3535075774
  0.1018125000	  0.9892966135	685.2280650945	80000.0000000000	44444.0000000000	86957.0000000000	 26.0000000000	 46.0000000000	 24.0000000000	  0.0000000000	  0.0000000000	  0.0000000000	  0.0907406543	 27.5427987162	847932.0139815509	  0.3266879044	-25.7180530268	-841.9773259287
  0.0997053453	  1.0009832809	690.0469826101	24096.0000000000	30769.0000000000	64516.0000000000	 84.0000000000	 66.0000000000	 32.0000000000	  0.0000000000	  0.0000000000	  0.0000000000	  0.0578514696	  8.5173198021	830076.6178388080	 -5.2700332574	-34.7261245264	-1662.3392699669
  0.0996391957	  1.0024722441	692.8390849861	22727.0000000000	57143.0000000000	100000.0000000000	 90.0000000000	 36.0000000000	 22.0000000000	  0.0000000000	  0.0000000000	  0.0000000000	  0.1060589521	 53.0371626953	1822049.6659406004	  8.3156902464	 19.0355846446	-883.3689051834
  0.0984075398	  0.9643098512	693.3014654175	15385.0000000000	153846.0000000000	35714.0000000000	132.0000000000	 14.0000000000	 58.0000000000	  0.0000000000	  0.0000000000	  0.0000000000	  0.0834935734	  9.3491327588	753823.2333171919	 19.7921036699	 -0.6242468154	-7284.1408485537
  0.1012232147	  0.9584602605	682.9502136962	22727.0000000000	35714.0000000000	64516.0000000000	 90.0000000000	 58.0000000000	 32.0000000000	  0.0000000000	  0.0000000000	  0.0000000000	  0.0816476532	 11.3774069627	1211109.0153243437	  7.2815818790	 28.0668893026	2144.6584731957
  0.1013802696	  0.9994076660	690.3572532428	18692.0000000000	40816.0000000000	60606.0000000000	108.0000000000	 50.0000000000	 34.0000000000	  0.0000000000	  0.0000000000	  0.0000000000	  0.0659796991	  3.8417079690	1133508.4355381036	-10.6804382720	-11.8711515141	-2441.1488122615
  0.0956571479	  0.9924942567	685.0140973277	22727.0000000000	51282.0000000000	100000.0000000000	 90.0000000000	 40.0000000000	 22.0000000000	  0.0000000000	  0.0000000000	  0.0000000000	  0.1355197125	 21.9420975127	1119893.5656831267	 -9.5181276337	-15.8502470633	-632.8222187740
  0.0969365306	  1.0589399804	678.2411760343	18182.0000000000	18182.0000000000	51282.0000000000	112.0000000000	112.0000000000	 40.0000000000	  0.0000000000	  0.0000000000	  0.0000000000	  0.0547014380	  1.8645184899	847183.8425462097	 10.4618612054	 60.6674313083	-3111.8723392512
  0.0991034572	  1.0174659181	682.2478677498	46512.0000000000	83333.0000000000	57143.0000000000	 44.0000000000	 26.0000000000	 36.0000000000	  0.0000000000	  0.0000000000	  0.0000000000	  0.0833151418	 14.6053149001	1179398.0842315597	  1.2638502063	 -3.9406166827	-2692.9629330122
  0.1002471980	  1.0343367249	690.3878409083	41667.0000000000	25641.0000000000	62500.0000000000	 50.0000000000	 80.0000000000	 34.0000000000	  0.0000000000	  0.0000000000	  0.0000000000	  0.0574840073	  5.2905379512	936582.8475313724	 -1.3616294779	-44.2348611901	1913.7109332305
  0.1013629123	  0.9845223548	698.6491183329	16949.0000000000	105263.0000000000	45455.0000000000	120.0000000000	 20.0000000000	 46.0000000000	  0.0000000000	  0.0000000000	  0.0000000000	  0.0558435106	 12.9740518362	2037574.8429986208	 12.6366274166	 -1.8953347308	6556.9420818208
  0.1025706794	  1.0025499712	685.6830976382	52632.0000000000	37037.0000000000	68966.0000000000	 40.0000000000	 56.0000000000	 30.0000000000	  0.0000000000	  0.0000000000	  0.0000000000	  0.1186532978	 28.4443404108	710780.9274215968	  1.1049431868	-40.4541857433	-1371.1068221573
  0.0992110953	  0.9845760479	689.1214588159	43478.0000000000	111111.0000000000	111111.0000000000	 48.0000000000	 20.0000000000	 20.0000000000	  0.0000000000	  0.0000000000	  0.0000000000	  0.1046466486	 19.5975205429	2100340.2669111323	  1.6121252791	 -2.2357951631	-675.4237006143
  0.1021851825	  0.9916606759	688.9097236926	27778.0000000000	29412.0000000000	51282.0000000000	 74.0000000000	 70.0000000000	 40.0000000000	  0.0000000000	  0.0000000000	  0.0000000000	  0.1057463853	 18.5643941331	615753.8716958121	  4.9808213632	-58.4758633396	-2602.4735384150
  0.1001647044	  0.9626683573	681.8442399405	16393.0000000000	111111.0000000000	55556.0000000000	124.0000000000	 20.0000000000	 38.0000000000	  0.0000000000	  0.0000000000	  0.0000000000	  0.1079672832	 29.4464320372	1879166.7279823271	-19.2638394443	 -2.6186019174	3896.1471589615
  0.0962579799	  0.9669653350	687.3678576981	35088.0000000000	24691.0000000000	50000.0000000000	 58.0000000000	 82.0000000000	 42.0000000000	  0.0000000000	  0.0000000000	  0.0000000000	  0.1222198327	  9.1736573977	813692.8344171725	 -3.0051826986	 62.6496653290	-3272.7210038250
  0.0987651049	  0.9699864170	686.8942972666	18868.0000000000	47619.0000000000	71429.0000000000	108.0000000000	 44.0000000000	 30.0000000000	  0.0000000000	  0.0000000000	  0.0000000000	  0.1050774394	 35.5660802076	1142867.4258956353	 13.4118676854	 23.9886413149	1528.0860963168
  0.0974329551	  1.0444030112	683.4264930966	23529.0000000000	32787.0000000000	83333.0000000000	 86.0000000000	 62.0000000000	 26.0000000000	  0.0000000000	  0.0000000000	  0.0000000000	  0.0971617852	 20.0606689288	1087821.6654055659	  7.2371170514	-46.2631185092	1069.0824642652
  0.0979656571	  0.9875568442	691.3969974997	32787.0000000000	54054.0000000000	55556.0000000000	 62.0000000000	 38.0000000000	 38.0000000000	  0.0000000000	  0.0000000000	  0.0000000000	  0.1050063077	 14.6168956273	708934.4116516124	  3.2897012084	 11.2375584969	2359.8957402095
  0.1017122671	  1.0203682602	684.1993606732	44444.0000000000	26316.0000000000	83333.0000000000	 46.0000000000	 78.0000000000	 26.0000000000	  0.0000000000	  0.0000000000	  1.0000000000	  0.0545076963	  9.1065518283	1043079.5596079157	 -1.1100677383	-53.7164652046	-1055.0585812404
  0.1013483446	  0.9708202494	690.7245974795	22472.0000000000	47619.0000000000	43478.0000000000	 90.0000000000	 44.0000000000	 48.0000000000	  0.0000000000	  0.0000000000	  0.0000000000	  0.1016622400	 23.5058407435	509547.7564211012	  8.5027459048	-19.9877976634	3639.5357515828
  0.1055215089	  0.9759809124	688.1728336507	16807.0000000000	55556.0000000000	64516.0000000000	120.0000000000	 38.0000000000	 32.0000000000	  0.0000000000	  0.0000000000	  0.0000000000	  0.0813128443	 15.5515468700	926351.0515258604	 15.4516733398	 10.7988576603	-1854.1571286638
  0.0982565174	  0.9774733123	680.2143301171	18182.0000000000	55556.0000000000	57143.0000000000	112.0000000000	 38.0000000000	 36.0000000000	  0.0000000000	  0.0000000000	  0.0000000000	  0.0721144108	  4.5898053903	811178.6146205465	 12.1705763097	  5.8447074575	2343.2021327888
  0.1002751978	  1.0031673642	680.9175855333	23256.0000000000	29851.0000000000	39216.0000000000	 88.0000000000	 68.0000000000	 52.0000000000	  0.0000000000	  0.0000000000	  0.0000000000	  0.0884361840	 24.1483202044	796807.4932549848	  7.1279701297	-63.0110764901	-5964.3863573755
  0.1032250000	  0.9666488598	686.9984309185	20000.0000000000	22472.0000000000	60606.0000000000	102.0000000000	 90.0000000000	 34.0000000000	  0.0000000000	  0.0000000000	  0.0000000000	  0.1188419820	 11.8694379581	542863.6554013981	-12.0723726807	-90.9651992047	1635.8168609296
  0.0965543690	  0.9644729846	694.0686606367	16949.0000000000	52632.0000000000	41667.0000000000	120.0000000000	 40.0000000000	 50.0000000000	  0.0000000000	  0.0000000000	  0.0000000000	  0.1050521295	 16.9241480977	1382275.4462259382	-17.4890433405	-12.8199667976	-6568.2003717423
  0.0982702673	  0.9834639314	683.8425977212	36364.0000000000	26667.0000000000	62500.0000000000	 56.0000000000	 76.0000000000	 34.0000000000	  0.0000000000	  0.0000000000	  0.0000000000	  0.0816933988	  8.8032295304	1150077.2516765269	 -2.2288759101	-51.9422110279	-2277.0151812234
  0.0990650659	  0.9829734235	691.2147253558	28986.0000000000	28986.0000000000	40816.0000000000	 70.0000000000	 70.0000000000	 50.0000000000	  0.0000000000	  0.0000000000	  0.0000000000	  0.1224896806	 20.9910057836	742142.3154219886	  4.9682771179	 63.0731120009	-5094.2824658889
  0.1036845853	  0.9711247263	691.5603619791	22472.0000000000	32787.0000000000	44444.0000000000	 90.0000000000	 62.0000000000	 46.0000000000	  0.0000000000	  0.0000000000	  0.0000000000	  0.0950201399	 13.2252799073	1044741.4902401512	  8.1796967820	 37.6297072481	-4825.2846021937
  0.0984925188	  1.0528026842	684.6324539565	26667.0000000000	46512.0000000000	46512.0000000000	 76.0000000000	 44.0000000000	 44.0000000000	  0.0000000000	  0.0000000000	  0.0000000000	  0.0934809353	 13.6356662904	1151426.7861359697	  5.2727353386	-16.0178591157	-4568.5200456730
  0.1027117675	  0.9968312684	682.0527137440	38462.0000000000	47619.0000000000	76923.0000000000	 54.0000000000	 44.0000000000	 28.0000000000	  0.0000000000	  0.0000000000	  0.0000000000	  0.0894412686	 24.9283825276	933690.2375747315	  2.0517313012	 20.5564184993	1175.2709919127
  0.0993009930	  0.9828469931	679.9258619991	33333.0000000000	60606.0000000000	64516.0000000000	 62.0000000000	 34.0000000000	 32.0000000000	  0.0000000000	  0.0000000000	  0.0000000000	  0.1059883924	 21.9526891940	791885.7145250548	  3.2216781718	 10.0401432199	-1735.7345442342
  0.1015769724	  0.9939889747	680.8388947416	21053.0000000000	37037.0000000000	111111.0000000000	 96.0000000000	 56.0000000000	 20.0000000000	  0.0000000000	  0.0000000000	  0.0000000000	  0.0646710678	  9.9621913539	509870.5385250105	  7.8775523472	 24.3343480369	353.1804497550
  0.1019266625	  1.0162795823	688.8730621547	17699.0000000000	33333.0000000000	90909.0000000000	114.0000000000	 62.0000000000	 24.0000000000	  0.0000000000	  0.0000000000	  0.0000000000	  0.1013113906	 35.9221770675	1443367.3073624535	 15.1086906929	 60.0098781002	-986.7751255857
  0.1004212061	  0.9877063953	691.6221980086	24691.0000000000	37037.0000000000	100000.0000000000	 82.0000000000	 56.0000000000	 22.0000000000	  0.0000000000	  0.0000000000	  0.0000000000	  0.0631680679	 12.5136409204	1146630.6516778832	  5.1953444258	 27.0636094664	671.0299398933
  0.1029492794	  1.0032470106	687.9419594207	68966.0000000000	33898.0000000000	66667.0000000000	 30.0000000000	 60.0000000000	 32.0000000000	  0.0000000000	  0.0000000000	  0.0000000000	  0.0970118823	 16.8528779664	1058359.6471548611	  0.4938484053	-38.2764770693	1735.8811161436
  0.1010230179	  0.9745588880	688.6977333049	21505.0000000000	44444.0000000000	60606.0000000000	 94.0000000000	 46.0000000000	 34.0000000000	  0.0000000000	  0.0000000000	  0.0000000000	  0.0643855608	 12.9453903722	955475.0280892808	  7.5421950331	-17.5505445661	2225.6969072423
  0.0952103452	  0.9937521950	689.2548579931	18018.0000000000	90909.0000000000	71429.0000000000	112.0000000000	 24.0000000000	 30.0000000000	  0.0000000000	  0.0000000000	  0.0000000000	  0.0482491942	  6.2855279876	433592.4895071276	  9.9791207285	 -2.0345054411	-960.9447385323
  0.0985332117	  0.9888759636	698.0748727982	26316.0000000000	62500.0000000000	35714.0000000000	 78.0000000000	 34.0000000000	 58.0000000000	  0.0000000000	  0.0000000000	  0.0000000000	  0.1061418935	 15.1511922542	1056929.9866931990	 -5.8733195930	 -7.8560909420	-8450.7939284094
  0.1054243434	  1.0064218041	695.7113144843	20408.0000000000	38462.0000000000	47619.0000000000	100.0000000000	 54.0000000000	 44.0000000000	  0.0000000000	  0.0000000000	  0.0000000000	  0.0973244135	 12.5411368276	961501.9593480475	-10.4975371222	 24.9274139783	-4062.0690954846
  0.1039696635	  0.9940286254	687.5479758069	20833.0000000000	26667.0000000000	58824.0000000000	 98.0000000000	 76.0000000000	 36.0000000000	  0.0000000000	  0.0000000000	  0.0000000000	  0.0809158348	  9.6643119506	863140.8618803800	  9.0524199158	 53.6592418727	-2169.6922040432
  0.1007809727	  1.0199618059	687.4039181291	14085.0000000000	46512.0000000000	50000.0000000000	144.0000000000	 44.0000000000	 42.0000000000	  0.0000000000	  0.0000000000	  0.0000000000	  0.0723741411	 22.4978856722	852850.6970827924	 22.9186097730	 19.7732012683	-3395.8766183155
  0.0996276965	  1.0020551378	692.2753707192	27397.0000000000	51282.0000000000	47619.0000000000	 74.0000000000	 40.0000000000	 44.0000000000	  0.0000000000	  0.0000000000	  0.0000000000	  0.0965960259	 11.6778440795	1303122.6252562865	 -5.0486691759	 11.2918995348	-4586.5597386928
  0.0961923462	  1.0161517610	689.6439164000	25974.0000000000	27027.0000000000	62500.0000000000	 78.0000000000	 76.0000000000	 34.0000000000	  0.0000000000	  0.0000000000	  0.0000000000	  0.1056476633	 31.7756109998	1302891.9989571327	  5.9283221448	-93.3487064073	-2298.6892701173
  0.0975196099	  0.9718780033	693.3625265252	18868.0000000000	36364.0000000000	90909.0000000000	108.0000000000	 56.0000000000	 24.0000000000	  0.0000000000	  0.0000000000	  0.0000000000	  0.0277005748	 10.4597027196	658168.1094751355	  6.8860311507	-25.5642119764	636.5178573294
  0.1028119508	  0.9404529907	685.8439721813	21053.0000000000	25316.0000000000	40816.0000000000	 96.0000000000	 80.0000000000	 50.0000000000	  0.0000000000	  0.0000000000	  0.0000000000	  0.0821637731	 17.9644127355	1391966.8421621087	 -8.8412837609	-82.2987425180	-6943.1658904858
  0.0966716133	  0.9525215337	685.4667110583	18868.0000000000	46512.0000000000	54054.0000000000	108.0000000000	 44.0000000000	 38.0000000000	  0.0000000000	  0.0000000000	  0.0000000000	  0.0566370659	 21.4414644217	1559839.0764729297	  9.7985512192	 19.9874788816	-3569.0814693040
  0.1044268354	  0.9819669925	682.1569514219	35714.0000000000	25974.0000000000	46512.0000000000	 58.0000000000	 78.0000000000	 44.0000000000	  0.0000000000	  0.0000000000	  0.0000000000	  0.0799162146	  4.9974165139	574761.6626848378	 -2.3924209649	 40.5903956430	3209.8093564855
  0.0998251007	  1.0512115900	684.1998840387	37736.0000000000	34483.0000000000	105263.0000000000	 54.0000000000	 60.0000000000	 20.0000000000	  0.0000000000	  0.0000000000	  0.0000000000	  0.0915017627	 27.9379196944	1310802.3208409688	 -2.1478827968	-47.5534218229	-636.9208457033
  0.0988408197	  0.9922242036	691.7967148245	28986.0000000000	66667.0000000000	39216.0000000000	 70.0000000000	 32.0000000000	 52.0000000000	  0.0000000000	  0.0000000000	  0.0000000000	  0.1401559754	 36.5072482954	836387.3036547299	 -5.2741541746	 10.2430530035	5952.8687475439
  0.0981240981	  0.9909797604	688.1782365721	18018.0000000000	111111.0000000000	60606.0000000000	112.0000000000	 20.0000000000	 34.0000000000	  0.0000000000	  0.0000000000	  0.0000000000	  0.1053279129	  9.9195791803	801810.3489328101	-14.7794918758	  1.6038830750	1958.0629249222
  0.1033032851	  1.0408307949	681.6183351283	16529.0000000000	44444.0000000000	76923.0000000000	122.0000000000	 46.0000000000	 28.0000000000	  0.0000000000	  0.0000000000	  0.0000000000	  0.1218907345	  5.4378532496	1045156.8943638675	-19.9159324438	 11.2714680611	-1302.3659703047
  0.0959368459	  1.0101427751	694.3157640969	21978.0000000000	26667.0000000000	52632.0000000000	 92.0000000000	 76.0000000000	 40.0000000000	  0.0000000000	  0.0000000000	  0.0000000000	  0.1290261848	 12.8035033342	1331490.2453469771	 -9.9391027470	 62.5726094526	3549.0373375055
  0.0995859959	  0.9987673943	686.7779788607	22222.0000000000	31250.0000000000	117647.0000000000	 92.0000000000	 66.0000000000	 18.0000000000	  0.0000000000	  0.0000000000	  0.0000000000	  0.0476023058	  8.0145159363	1153591.5354028700	 -5.9680569446	-32.9639626764	-468.6637129121
  0.0997704960	  1.0386013356	687.1640330162	23529.0000000000	58824.0000000000	90909.0000000000	 86.0000000000	 36.0000000000	 24.0000000000	  0.0000000000	  0.0000000000	  0.0000000000	  0.0728800283	  6.7562159411	1344879.3972388278	  6.3889325083	 -6.1236228320	922.3351058365
  0.1031280547	  1.0185591293	683.7239944820	23529.0000000000	25641.0000000000	80000.0000000000	 86.0000000000	 80.0000000000	 26.0000000000	  0.0000000000	  0.0000000000	  0.0000000000	  0.1142657407	 12.6634773416	1641376.9211608272	 -7.9561367755	-67.7170370258	1391.1320470242
  0.0932381352	  0.9977876794	684.4853038374	19048.0000000000	34483.0000000000	47619.0000000000	106.0000000000	 60.0000000000	 44.0000000000	  0.0000000000	  0.0000000000	  0.0000000000	  0.0745127299	 22.0670948951	755277.4681766636	 10.9302192054	 43.3340717921	3594.5488234878
  0.0989008544	  0.9777608481	685.7522836387	22472.0000000000	100000.0000000000	46512.0000000000	 90.0000000000	 22.0000000000	 44.0000000000	  0.0000000000	  0.0000000000	  0.0000000000	  0.1285830778	 21.5701969897	1328481.5505411895	 -9.4233310922	 -3.0564029408	-4917.4024040884
  0.1006136006	  0.9858261731	693.5530587303	76923.0000000000	51282.0000000000	39216.0000000000	 28.0000000000	 40.0000000000	 52.0000000000	  0.0000000000	  0.0000000000	  0.0000000000	  0.0999634324	 18.1804343042	1155042.6515588523	  0.3952442734	-14.3833191574	-7000.3368337703
  0.0989473074	  0.9890995846	689.0159365633	34483.0000000000	36364.0000000000	43478.0000000000	 60.0000000000	 56.0000000000	 48.0000000000	  0.0000000000	  0.0000000000	  0.0000000000	  0.0804854881	 17.7977282878	1064629.0334903456	  2.5790123215	 32.9055126142	5118.7147636920
  0.0955680000	  1.0281520252	684.3677886711	31250.0000000000	24691.0000000000	60606.0000000000	 66.0000000000	 82.0000000000	 34.0000000000	  0.0000000000	  0.0000000000	  0.0000000000	  0.0875980500	 13.6150870955	1566165.0685420376	  3.4235348929	-76.2865303016	2765.0404710308
  0.1007687577	  0.9789529937	690.4846728232	16260.0000000000	50000.0000000000	45455.0000000000	124.0000000000	 42.0000000000	 46.0000000000	  0.0000000000	  0.0000000000	  0.0000000000	  0.1132289059	 19.3784156793	1336008.6658217784	 19.8375227412	 15.3590166970	5286.1572079681
  0.0973364600	  1.0402877518	688.1542234749	28571.0000000000	46512.0000000000	90909.0000000000	 72.0000000000	 44.0000000000	 24.0000000000	  0.0000000000	  0.0000000000	  0.0000000000	  0.1031545285	 17.7019385992	1454788.2067481135	 -4.5861100071	 18.4330982437	-937.5953607304
  0.0993840062	  0.9907191632	690.6072574712	18182.0000000000	60606.0000000000	57143.0000000000	112.0000000000	 34.0000000000	 36.0000000000	  0.0000000000	  0.0000000000	  0.0000000000	  0.0768558055	 15.3353014983	1289128.2443362232	 12.3679387871	 -8.8788008677	-2973.8579686423
  0.0994985970	  1.0218210787	684.1468813645	21739.0000000000	28986.0000000000	76923.0000000000	 94.0000000000	 70.0000000000	 28.0000000000	  0.0000000000	  0.0000000000	  0.0000000000	  0.0964595119	 12.3366053648	780135.2295125467	  8.9228884762	 49.0964243012	1068.7536077128
  0.1001342036	  0.9911507904	686.8299911608	16393.0000000000	29851.0000000000	40816.0000000000	124.0000000000	 68.0000000000	 50.0000000000	  0.0000000000	  0.0000000000	  0.0000000000	  0.1670849607	 34.8370730543	477419.5719991656	-23.6843390384	-77.9557451380	-4069.6963541952
  0.1024435244	  0.9732286460	686.0717114745	22222.0000000000	45455.0000000000	45455.0000000000	 92.0000000000	 46.0000000000	 46.0000000000	  0.0000000000	  0.0000000000	  0.0000000000	  0.0759313857	 12.6435613553	534448.4274049255	  7.5760397150	-16.5972404727	-3361.6595767837
  0.1021761173	  0.9763243916	681.7312628435	12821.0000000000	86957.0000000000	68966.0000000000	158.0000000000	 24.0000000000	 30.0000000000	  0.0000000000	  0.0000000000	  0.0000000000	  0.0482879092	  3.0029827350	818419.0186048821	 23.7164940138	 -1.5456741145	-1499.3432667662
  0.0986561054	  1.0020907850	686.4478227091	22472.0000000000	31250.0000000000	41667.0000000000	 90.0000000000	 66.0000000000	 50.0000000000	  0.0000000000	  0.0000000000	  0.0000000000	  0.0861098710	 17.4120193287	956349.5424703563	 -7.7781807596	-47.6120786558	-5563.4448445769
  0.0988890111	  0.9869980324	690.0200017077	18182.0000000000	95238.0000000000	62500.0000000000	112.0000000000	 22.0000000000	 34.0000000000	  0.0000000000	  0.0000000000	  0.0000000000	  0.0835934135	 12.1297497667	2525601.7799456865	 13.0077158099	 -2.6036636708	-3271.4856724449
  0.1023820512	  1.0478804099	679.6087234114	28169.0000000000	42553.0000000000	32258.0000000000	 72.0000000000	 48.0000000000	 64.0000000000	  0.0000000000	  0.0000000000	  0.0000000000	  0.1197326263	 16.7538011455	738958.4555509384	 -5.2664446762	 21.5880737406	9103.5335191979
  0.0922296020	  0.9856226561	690.3337180274	18519.0000000000	48780.0000000000	48780.0000000000	110.0000000000	 42.0000000000	 42.0000000000	  0.0000000000	  0.0000000000	  0.0000000000	  0.1425155600	 33.5706392780	1414143.6818767271	-15.9963480097	-22.3143567662	-4508.8906896375
  0.0997041935	  0.9796401903	684.3659271845	17241.0000000000	111111.0000000000	39216.0000000000	118.0000000000	 20.0000000000	 52.0000000000	  0.0000000000	  0.0000000000	  0.0000000000	  0.1132453738	 13.4999570886	933671.0140553332	-17.2051998373	 -1.7298151789	-6402.8041961899
  0.1035956871	  0.9918094682	690.6790579646	21053.0000000000	62500.0000000000	40816.0000000000	 96.0000000000	 34.0000000000	 50.0000000000	  0.0000000000	  0.0000000000	  0.0000000000	  0.1106917025	 17.5256103505	592706.6458418802	-10.3495040948	  8.4956637361	4574.7435716787
  0.0999196992	  1.0213140145	678.4318502725	27397.0000000000	27397.0000000000	31250.0000000000	 74.0000000000	 74.0000000000	 66.0000000000	  0.0000000000	  0.0000000000	  0.0000000000	  0.1193239525	 16.1667620891	1273536.2629423570	  5.4775917307	 64.1482405569	12859.9197254863
  0.1026549668	  0.9831445082	687.6978672469	26667.0000000000	30303.0000000000	37037.0000000000	 76.0000000000	 68.0000000000	 56.0000000000	  0.0000000000	  0.0000000000	  0.0000000000	  0.1084901615	  7.9000962299	825239.1233794512	 -5.6083479937	-34.5513408232	-6786.3843335000
  0.1020408163	  1.0068290197	693.6480126742	16807.0000000000	38462.0000000000	52632.0000000000	120.0000000000	 54.0000000000	 40.0000000000	  0.0000000000	  0.0000000000	  0.0000000000	  0.0554950414	  1.4223544557	1582844.2185099223	-12.9355998007	 -8.4057186166	-3918.9882736139
  0.1014008514	  0.9864520909	686.1813244015	60606.0000000000	51282.0000000000	125000.0000000000	 34.0000000000	 40.0000000000	 18.0000000000	  0.0000000000	  0.0000000000	  0.0000000000	  0.0645978016	 10.7837802459	1150774.6770303317	 -0.5684648221	 11.0699233854	362.9353837985
  0.0997108974	  0.9989980469	696.1925016538	33898.0000000000	22472.0000000000	37736.0000000000	 60.0000000000	 90.0000000000	 54.0000000000	  0.0000000000	  0.0000000000	  0.0000000000	  0.0560176268	  1.9682976762	420052.5637407159	  2.2001662225	 37.1128523778	-4579.2424731248
  0.1046747673	  0.9756731204	694.4865752125	34483.0000000000	45455.0000000000	60606.0000000000	 60.0000000000	 46.0000000000	 34.0000000000	  0.0000000000	  0.0000000000	  0.0000000000	  0.1118011444	 46.0206622683	2000785.8600130118	 -3.0666586106	-30.5429163419	-3046.0175403794
  0.0976800977	  0.9995885304	687.7294994575	18018.0000000000	37736.0000000000	86957.0000000000	112.0000000000	 54.0000000000	 24.0000000000	  0.0000000000	  0.0000000000	  0.0000000000	  0.1125840923	 13.7188867523	622770.8023669209	-15.2347171150	-27.0289027452	735.9867693829
  0.1029106029	  0.9776660288	677.5073317213	31746.0000000000	31250.0000000000	37037.0000000000	 64.0000000000	 66.0000000000	 56.0000000000	  0.0000000000	  0.0000000000	  0.0000000000	  0.1274447071	 26.0764834069	956376.2775457203	 -4.0112310148	 60.2066163763	7362.7077640289
  0.0940408715	  0.9935441370	680.2296930250	19231.0000000000	111111.0000000000	42553.0000000000	106.0000000000	 20.0000000000	 48.0000000000	  0.0000000000	  0.0000000000	  0.0000000000	  0.0909136858	 29.0658136357	1092132.4627310149	 11.8529280067	  2.5382106159	-5451.3853630308
  0.1069140000	  1.0040195389	696.3093732615	250000.0000000000	42553.0000000000	76923.0000000000	 10.0000000000	 48.0000000000	 28.0000000000	  0.0000000000	  0.0000000000	  0.0000000000	  0.1032966284	 21.1494134163	676822.1042573492	  0.0238236606	-23.9939694665	-1023.2562343002
  0.0996997946	  1.0021484988	686.4958477934	25316.0000000000	30303.0000000000	95238.0000000000	 80.0000000000	 68.0000000000	 22.0000000000	  0.0000000000	  0.0000000000	  0.0000000000	  0.0870367320	 13.5696182051	488959.7039663483	  5.8352694132	-46.4187922984	476.7937761616
  0.0994045030	  1.0416817230	693.7638704750	66667.0000000000	19048.0000000000	95238.0000000000	 32.0000000000	106.0000000000	 22.0000000000	  0.0000000000	  0.0000000000	  0.0000000000	  0.0648428566	  8.3847042186	699376.1548826266	  0.4306956172	-114.8361646639	621.3726682983
  0.1003360000	  0.9612623107	688.6917808058	62500.0000000000	31250.0000000000	80000.0000000000	 34.0000000000	 66.0000000000	 26.0000000000	  0.0000000000	  0.0000000000	  0.0000000000	  0.0890743018	 11.8440880963	738205.0190480414	  0.6310863745	-40.2807342484	-908.1526280315
  0.0995301897	  0.9802862472	683.9749655109	17241.0000000000	43478.0000000000	42553.0000000000	118.0000000000	 48.0000000000	 48.0000000000	  0.0000000000	  0.0000000000	  0.0000000000	  0.0664337537	 28.2151552068	979052.1418666088	 13.1792988664	-27.1349221814	-5304.1734176441
  0.1042885429	  0.9860206733	687.5211135751	22222.0000000000	74074.0000000000	48780.0000000000	 92.0000000000	 28.0000000000	 42.0000000000	  0.0000000000	  0.0000000000	  0.0000000000	  0.0962766447	 16.1331405580	470100.2762561656	 -8.3285370020	 -5.4649317329	-2642.4576200013
  0.1001232015	  0.9823339694	678.5076469473	22727.0000000000	166667.0000000000	117647.0000000000	 90.0000000000	 14.0000000000	 18.0000000000	  0.0000000000	  0.0000000000	  0.0000000000	  0.1273545573	 18.3412960989	1464043.9185233589	 -9.1138779318	 -0.7804653772	503.6107227961
  0.0995071020	  0.9814688665	681.7034623675	18868.0000000000	28986.0000000000	142857.0000000000	108.0000000000	 70.0000000000	 16.0000000000	  0.0000000000	  0.0000000000	  0.0000000000	  0.0846087552	  9.8245891512	964115.3596857005	 11.7948565040	-43.6394542002	-272.7621503172
  0.1002806017	  0.9630767640	685.6761033429	21739.0000000000	35088.0000000000	105263.0000000000	 94.0000000000	 58.0000000000	 20.0000000000	  0.0000000000	  0.0000000000	  0.0000000000	  0.1151426874	 20.5970833416	1064348.8233638611	  9.7503866138	 39.8670864884	-577.8926113376
  0.0989676041	  0.9762016967	689.3243592319	22472.0000000000	25000.0000000000	42553.0000000000	 90.0000000000	 82.0000000000	 48.0000000000	  0.0000000000	  0.0000000000	  0.0000000000	  0.0988036240	  2.8824967005	727920.8294252442	  8.3871282595	 34.3445852083	-4499.0386602310
  0.0999811000	  0.9488650894	685.7985066100	15873.0000000000	34483.0000000000	58824.0000000000	128.0000000000	 60.0000000000	 36.0000000000	  0.0000000000	  0.0000000000	  0.0000000000	  0.0557061796	  3.3683772624	677632.3418533466	 14.8659490057	-16.4306479275	1898.9035327941
  0.1026207249	  1.0030753573	691.7822937139	27397.0000000000	51282.0000000000	47619.0000000000	 74.0000000000	 40.0000000000	 44.0000000000	  0.0000000000	  0.0000000000	  0.0000000000	  0.0908013584	 19.3968238687	1257980.8133254251	  4.7985293034	 14.7315509815	-4404.1377431736
  0.0936457207	  0.9969249427	683.6635769641	21277.0000000000	86957.0000000000	38462.0000000000	 96.0000000000	 24.0000000000	 54.0000000000	  0.0000000000	  0.0000000000	  0.0000000000	  0.0642521106	 10.5191857118	586424.7316084006	  7.5879995346	  3.0668060453	-5175.1133238074
  0.0990090990	  0.9941551983	685.1301458268	37037.0000000000	24390.0000000000	58824.0000000000	 56.0000000000	 84.0000000000	 36.0000000000	  0.0000000000	  0.0000000000	  0.0000000000	  0.0673616484	  6.6836584564	1177334.3232844274	 -1.9430478094	-55.4649474697	-2655.9636782449
