  0.1012000000	  0.9757831735	695.0918303429
  0.1035000000	  0.9968058755	685.8963693780
  0.1037000000	  1.0175490863	690.9735193405
  0.1018000000	  1.0006544260	688.6604773834
  0.0989000000	  1.0321612089	690.9301420879
  0.1018000000	  1.0186542623	689.0446655224
  0.0996000000	  1.0266851300	694.7464090622
  0.1039000000	  1.0572597272	694.8543948923
  0.0996000000	  0.9688129039	686.3319920036
  0.0957000000	  0.9631700722	675.1321440451
  0.1016000000	  0.9702089563	681.5433333072
  0.1010000000	  1.0404931394	693.0856608255
  0.1001000000	  0.9913589546	689.0469307023
  0.1000000000	  0.9975688891	680.8332968917
  0.1012000000	  1.0194708260	689.8542745208
  0.1038000000	  1.0637303329	696.3143491072
  0.0985000000	  1.0261573974	682.9614355512
  0.0995000000	  0.9922245305	697.8687146913
  0.1023000000	  1.0535415692	694.2858808083
  0.0946000000	  0.9668189317	680.6375143879
  0.1011000000	  0.9743929070	678.9613424818
  0.1003000000	  1.0003983962	695.6447172142
  0.0998000000	  0.9889666421	687.9032825454
  0.1017000000	  1.0419821120	702.7328888740
  0.1010000000	  1.0066025377	689.9819807735
  0.0986000000	  0.9808919970	688.8884486706
  0.0990000000	  0.9864733753	680.1983776806
  0.1028000000	  1.0243708050	691.8679210855
  0.0977000000	  0.9765672039	678.3233016833
  0.1017000000	  1.0133392565	693.8092689303
  0.0967000000	  0.9651457653	686.9195323428
  0.1006000000	  0.9957118049	680.6543954620
  0.1004000000	  0.9831690910	683.7038960715
  0.0981000000	  1.0255740353	687.0108011368
  0.1008000000	  1.0083673208	686.0926963224
  0.0997000000	  0.9942413110	673.0444107669
  0.1008000000	  1.0051394531	690.3335982644
  0.1020000000	  1.0141688646	698.5829354067
  0.1003000000	  0.9888983639	681.6650210309
  0.0982000000	  0.9595631407	696.3676651785
  0.0982000000	  1.0029373862	695.5015844734
  0.0959000000	  0.9971869989	681.4822775298
  0.1018000000	  1.0496616555	682.2046261507
  0.1035000000	  1.0515274959	689.4338475493
  0.1019000000	  0.9966644411	682.6956219371
  0.1001000000	  1.0197477029	692.4484912084
  0.0967000000	  0.9803904697	676.6961783382
  0.1005000000	  1.0065153509	686.8668135817
  0.1026000000	  1.0104124914	688.6610657554
  0.1025000000	  1.0157138345	696.4420649584
  0.1005000000	  0.9957081905	693.5387191384
  0.0999000000	  0.9251132018	683.8467832895
  0.1010000000	  1.0303368273	693.4999370228
  0.1027000000	  1.0028332027	686.4936689722
  0.0999000000	  0.9980131301	688.3581158090
  0.1009000000	  1.0128276103	688.8885547690
  0.1022000000	  1.0157767806	699.5370529963
  0.1053000000	  1.0181077460	701.9907636450
  0.0987000000	  1.0073160174	682.8535848130
  0.0982000000	  0.9913860771	689.8827247366
  0.0988000000	  1.0011561953	679.2370015235
  0.0994000000	  1.0115553863	676.8027512375
  0.1061000000	  1.0329919352	694.6994468088
  0.1012000000	  1.0205595533	690.1409098710
  0.1016000000	  0.9721025245	685.2210179096
  0.0976000000	  0.9695139168	681.1184243044
  0.1024000000	  1.0077247718	680.7924875509
  0.1003000000	  1.0238337039	694.5290246465
  0.0999000000	  1.0123047002	690.5961571098
  0.0976000000	  0.9873317662	681.0076467138
  0.1014000000	  1.0061512822	684.3411947060
  0.1012000000	  1.0233056758	695.1059620605
  0.0957000000	  0.9664623577	685.3816201929
  0.1021000000	  1.0139345738	689.5315106122
  0.1010000000	  1.0049366583	688.2140148391
  0.0971000000	  0.9859746788	679.8174699711
  0.0957000000	  0.9425423112	674.6124097676
  0.1002000000	  1.0228122083	696.5423578909
  0.1004000000	  1.0159205522	691.0946375362
  0.0959000000	  0.9622585109	686.6526968001
  0.1031000000	  1.0091209346	701.7701524602
  0.1052000000	  1.0684247526	694.7720493925
  0.1027000000	  1.0288504867	687.9476000399
  0.0979000000	  0.9698718816	685.0728580754
  0.1030000000	  1.0046143096	689.0509584361
  0.0983000000	  0.9792225791	673.7267013592
  0.1011000000	  0.9700628961	681.9215531670
  0.1018000000	  1.0345227015	691.3940541795
  0.0977000000	  0.9477551872	682.8675710318
  0.1001000000	  1.0238924474	680.5893550441
  0.1000000000	  0.9954403436	693.2753360423
  0.1004000000	  1.0241054558	682.3285218198
  0.0985000000	  0.9672472564	681.9130751230
  0.1026000000	  1.0558507788	693.1333104707
  0.0977000000	  0.9870563472	684.8729659981
  0.0983000000	  0.9712303856	671.6277021322
  0.0984000000	  1.0392441113	677.6947606290
  0.1005000000	  0.9921457053	678.5209286033
  0.0964000000	  0.9942286785	688.5394656659
  0.1038000000	  1.0965746376	697.1784331032
  0.0987000000	  1.0004533371	680.5340161814
  0.1032000000	  1.0199892283	693.5650313701
  0.0987000000	  0.9609606233	679.9044588500
  0.1027000000	  0.9857788980	689.0189124503
  0.1001000000	  1.0239503421	696.1389632338
  0.1009000000	  0.9771392679	690.3153022888
  0.0994000000	  0.9562062304	684.9770933037
  0.1058000000	  1.0691339558	695.3698110948
  0.1021000000	  1.0349876908	696.6533756206
  0.1007000000	  1.0156139381	691.8946170692
  0.0980000000	  0.9741757351	686.8492218358
  0.0956000000	  0.9799713293	676.7645108555
  0.1035000000	  1.0488763341	692.0493130096
  0.1038000000	  1.0259301973	692.5686873101
  0.1006000000	  1.0047588258	697.2529301716
  0.0975000000	  0.9900394867	683.4834323667
  0.1023000000	  1.0624586393	695.1379349625
  0.1015000000	  1.0071483053	686.7291548823
  0.0988000000	  0.9804500483	682.8043705264
  0.1033000000	  1.0578692661	691.4631616850
  0.1042000000	  1.0279828682	695.9130092916
  0.1030000000	  1.0171923572	696.3518735837
  0.1002000000	  0.9656658888	685.7468251106
  0.1017000000	  0.9762727940	679.2608596193
  0.1006000000	  0.9521296277	672.9951280040
  0.0998000000	  1.0150597882	699.6672254915
  0.0982000000	  0.9797484940	690.6840889816
  0.0995000000	  0.9857163066	692.6894139419
  0.1025000000	  1.0528619302	696.9472605410
  0.1023000000	  1.0544436953	683.1671678575
  0.0997000000	  1.0324907149	686.6234718300
  0.1039000000	  1.0331392108	686.0786372743
  0.0981000000	  0.9769964186	696.3569040143
  0.1000000000	  1.0073431939	685.1410737682
  0.0991000000	  0.9845960046	683.5945198420
  0.0999000000	  1.0046637623	687.7551058580
  0.1024000000	  1.0519489984	692.6711141504
  0.1017000000	  1.0174776302	687.6442936748
  0.0985000000	  0.9596573521	680.7694042811
  0.0987000000	  1.0039096376	683.4106325317
  0.0988000000	  0.9370324027	683.3840944428
  0.1028000000	  1.0199117847	692.8683011509
  0.0996000000	  1.0453041208	698.5588967609
  0.1026000000	  1.0178957266	692.3990343471
  0.1001000000	  1.0118017666	687.2895647272
  0.0995000000	  1.0158487748	686.7981800837
  0.0968000000	  0.9723821998	680.4272147770
  0.1041000000	  1.0132245880	696.1476029449
  0.0991000000	  1.0390498069	691.3453689063
  0.1004000000	  1.0232776627	691.0142486525
  0.0972000000	  0.9714404012	681.3535468361
  0.0961000000	  0.9517317443	682.5239044600
  0.1032000000	  0.9889878829	689.7479137739
  0.0992000000	  1.0076364895	687.1217543794
  0.1001000000	  1.0170373302	686.5371803578
  0.1016000000	  0.9787325459	693.6939294030
  0.1016000000	  1.0086489355	686.5656093404
  0.1010000000	  1.0138893127	690.7683215189
  0.1012000000	  1.0156906927	688.5434321653
  0.0983000000	  0.9399982974	678.8505856761
  0.1016000000	  1.0040853646	689.9183959261
  0.0993000000	  1.0087207263	694.8967979718
  0.1001000000	  1.0325829261	686.0655337244
  0.1048000000	  1.0176021920	689.3980543215
  0.1011000000	  0.9719966660	691.4041219953
  0.0993000000	  1.0124079558	683.0635085849
  0.1007000000	  0.9524722320	685.5834614868
  0.0997000000	  0.9939540905	670.9845147148
  0.0984000000	  0.9920119658	682.4801911333
  0.1000000000	  1.0149096533	697.0323987930
  0.1010000000	  1.0673299265	691.2884056999
  0.1000000000	  0.9857200063	685.8330693968
  0.0990000000	  0.9798644815	690.4895885881
  0.0985000000	  0.9941758183	686.0555771907
  0.1006000000	  1.0399323274	690.9002910443
  0.0998000000	  0.9596189641	684.3381894293
  0.0989000000	  0.9972081822	676.3428334566
  0.1044000000	  1.0414420867	695.8336938533
  0.1003000000	  1.0156754567	693.3408127341
  0.1001000000	  1.0386295067	696.2372792887
  0.1022000000	  1.0144475351	694.0734179291
  0.0952000000	  0.9441896702	678.6064683935
  0.1061000000	  1.0493072363	692.6300419042
  0.0998000000	  1.0109151534	694.8061718460
  0.1001000000	  0.9505549908	690.6582019428
  0.0997000000	  1.0165855942	688.2975449120
  0.0990000000	  0.9884589560	688.0898831479
  0.0993000000	  1.0345555129	682.6382561567
  0.0987000000	  0.9804758661	685.9072449755
  0.0948000000	  0.9614648466	667.0687857438
  0.1014000000	  1.0158502616	677.4993105885
  0.1011000000	  1.0532129431	686.6897679444
  0.0999000000	  0.9740689282	691.5067775627
  0.0971000000	  1.0018726863	683.4495387255
  0.0994000000	  0.9722116266	694.9387191586
  0.1005000000	  1.0037957867	685.3386255587
  0.0970000000	  0.9926050972	686.6176570611
  0.0991000000	  0.9962062481	683.2400606790
  0.1008000000	  1.0314502115	701.7098553545
  0.1004000000	  0.9766231305	693.7912271855
  0.1014000000	  0.9747848200	691.2626779959
  0.1005000000	  1.0172926304	687.0462121931
  0.1022000000	  0.9921771228	680.6307457001
  0.1017000000	  1.0350805576	693.9956711444
  0.1002000000	  0.9905088827	686.3197178035
  0.0974000000	  0.9593015751	686.3378167069
  0.1007000000	  0.9691670507	688.7026388651
  0.1010000000	  1.0225504901	696.1310227973
  0.1010000000	  1.0057464448	696.4214379283
  0.0988000000	  0.9340832396	677.6143771021
  0.1005000000	  1.0120669100	697.9807710945
  0.1011000000	  1.0154524105	695.1913676597
  0.0995000000	  0.9767748939	685.3657304206
  0.0990000000	  1.0042087836	690.2819604650
  0.0944000000	  0.9453728460	675.2066368579
  0.1007000000	  1.0056834817	690.8803033722
  0.0995000000	  0.9820932358	688.7367210957
  0.0987000000	  1.0145976031	698.6861473402
  0.1005000000	  1.0156610625	686.4611816373
  0.0978000000	  0.9896872256	686.7007922921
  0.1019000000	  1.0118301620	682.9983863335
  0.0987000000	  0.9859701160	680.4473755653
  0.1000000000	  0.9601407167	686.0465933691
  0.0961000000	  1.0047132752	687.0042482755
  0.0991000000	  0.9729493200	678.6348301100
  0.1055000000	  1.0292637101	694.4677665831
  0.1000000000	  0.9821218084	687.1410446019
  0.1023000000	  0.9986302893	695.8357236153
  0.0982000000	  0.9450668935	678.2147656463
  0.1032000000	  1.0476327335	687.7712301372
  0.1012000000	  1.0662695660	696.2366221853
  0.1023000000	  1.0455019124	689.5923634101
  0.1025000000	  1.0356203760	694.2058479166
  0.0963000000	  0.9513872369	682.1483175297
  0.0983000000	  1.0058471117	685.3542141302
  0.0991000000	  1.0389843920	685.0116332180
  0.1015000000	  0.9573447531	688.2250150197
  0.1010000000	  0.9947797470	683.0179449037
  0.0966000000	  0.9685243554	681.9032173718
  0.1021000000	  1.0317862903	686.9561964350
  0.0962000000	  0.9780574847	681.3535552849
  0.1013000000	  1.0165004437	676.0048857247
  0.0970000000	  1.0275145014	698.3658348354
  0.1007000000	  1.0223649033	689.2806794376
  0.0989000000	  0.9651247051	669.8500163962
  0.0981000000	  0.9920514100	687.8479791209
  0.0998000000	  1.0112618986	692.4774811656
  0.1012000000	  1.0246753213	687.7249823176
  0.1005000000	  0.9839092444	679.1882714125
  0.0982000000	  1.0024696057	686.7502548717
  0.0937000000	  0.9010064570	688.0386321861
  0.1025000000	  1.0336981494	691.2490852872
  0.1022000000	  1.0176371827	694.2240708930
  0.0958000000	  0.9790546868	675.8990787456
  0.1001000000	  0.9677607347	673.9262461812
  0.1000000000	  1.0307026775	687.6651994989
  0.1025000000	  1.0235988925	692.3328383500
  0.1002000000	  1.0092783648	693.6288066562
  0.0991000000	  1.0005227798	688.6347224285
  0.1000000000	  0.9964827293	688.3369708052
  0.0990000000	  0.9539243736	685.2174098794
  0.0974000000	  1.0128918890	682.0095989044
  0.1004000000	  0.9734412273	686.8355961345
  0.1025000000	  1.0372426377	696.7350066449
  0.1029000000	  1.0174367724	696.5844805347
  0.1000000000	  1.0074572033	684.0779751755
  0.0997000000	  0.9522775327	679.8152702483
  0.0985000000	  0.9744578193	679.8959142977
  0.1045000000	  1.0150430859	694.7972957232
  0.1015000000	  1.0303985846	680.6602228860
  0.0978000000	  1.0001130006	676.9113317354
  0.1015000000	  0.9724486943	694.1002428983
  0.0978000000	  0.9570242179	680.6365077182
  0.1022000000	  1.0414931246	691.3244389880
  0.1012000000	  0.9585222006	688.8878093459
  0.0948000000	  0.9614287653	682.4931613773
  0.1011000000	  0.9795758809	679.0506502763
  0.1002000000	  0.9801153554	679.1662986849
  0.0976000000	  1.0178480011	680.3571479213
  0.1028000000	  1.0697059668	686.0117111348
  0.1010000000	  1.0107187874	685.7614477372
  0.1028000000	  1.0157977988	702.0689230756
  0.1018000000	  0.9680727917	687.0172479982
  0.0981000000	  0.9727919392	683.9856768124
  0.1016000000	  1.0046519913	689.0292525324
  0.1022000000	  1.0429307515	691.1859701903
  0.0967000000	  1.0137225594	688.2167700128
  0.1004000000	  1.0342680632	690.2213833897
  0.1011000000	  1.0025491347	689.8456881788
  0.1023000000	  1.0325918963	681.3094979693
  0.1004000000	  1.0189590753	681.3973293167
  0.1037000000	  1.0388051276	694.5610094291
  0.0976000000	  0.9662889581	675.9387986545
  0.1013000000	  0.9918983847	686.0567359611
  0.0997000000	  1.0348737810	685.5215997153
  0.0975000000	  1.0081544094	694.1911871006
  0.1035000000	  0.9955947820	685.8461751856
  0.0953000000	  0.9690249792	671.0511551746
  0.1000000000	  1.0514497252	683.2467547158
  0.0917000000	  0.9714522568	672.5298732395
  0.1000000000	  1.0477513167	692.8104292562
  0.0978000000	  0.9767887499	693.1524206697
  0.1007000000	  0.9986873503	682.8997627336
  0.1036000000	  1.0236967835	687.0236210522
  0.0965000000	  0.9554301351	689.2972633606
  0.0956000000	  0.9572512039	685.4649096939
  0.0991000000	  0.9852606532	684.5120525512
  0.0961000000	  0.9556607303	681.0898653130
  0.0986000000	  0.9705363998	688.9742377600
  0.0985000000	  0.9960453395	693.0552368053
  0.1013000000	  1.0067193204	687.8890348032
  0.1016000000	  0.9852377808	696.8514242060
  0.0970000000	  0.9668271879	688.7341142430
  0.0984000000	  1.0137373265	696.4740508800
  0.0982000000	  0.9770695957	687.6411608969
  0.0978000000	  0.9682353888	676.1127677679
  0.1002000000	  1.0071679136	697.9270254535
  0.1009000000	  1.0345731576	691.5350401548
  0.1000000000	  1.0272971633	685.8164630228
  0.0978000000	  1.0149304474	685.3756629789
  0.0999000000	  0.9935217774	687.1416780138
  0.1038000000	  1.0515900219	686.8964566102
  0.1024000000	  1.0637667557	703.3728819226
  0.1020000000	  1.0148882614	686.3689010941
  0.0972000000	  0.9596794391	692.7304701549
  0.1014000000	  0.9933114873	698.8198598866
  0.1000000000	  0.9886508347	689.2112326234
  0.0988000000	  0.9976268756	679.7764518513
  0.1002000000	  1.0064204516	695.2551208391
  0.1003000000	  1.0172583887	691.3293411102
  0.1022000000	  1.0662632369	695.2024466305
  0.1004000000	  1.0089770253	691.6132798199
  0.0970000000	  1.0021766844	692.6910002809
  0.0982000000	  0.9478292875	678.8484549528
  0.0997000000	  0.9866782367	688.0238473838
  0.0979000000	  1.0240853406	696.4656859565
  0.1009000000	  1.0215412907	680.9926390976
  0.1005000000	  0.9828206918	682.5503509345
  0.0962000000	  0.9615649520	673.7304952816
  0.1008000000	  1.0153728715	686.0134509653
  0.1031000000	  1.0322145215	683.9611589353
  0.1011000000	  1.0132321636	688.7394357193
  0.0959000000	  0.9456415974	687.6613631191
  0.1014000000	  1.0244501489	698.8506256353
  0.1022000000	  1.0587683386	688.0388828029
  0.0974000000	  0.9613314004	675.3346753286
  0.0979000000	  1.0045384946	694.1561797293
  0.0985000000	  1.0289779013	694.2534175489
  0.0999000000	  0.9581974889	693.7580200640
  0.1034000000	  1.0178864709	692.1711708072
  0.1004000000	  1.0410647311	690.5490497008
  0.1013000000	  1.0247553898	690.7458683230
  0.1035000000	  0.9937827074	694.4014368023
  0.0990000000	  0.9835172972	687.4756819055
  0.1019000000	  0.9819808281	688.2439276896
  0.0978000000	  1.0185758470	689.3633727655
  0.0993000000	  0.9691996058	669.6238463197
  0.1024000000	  1.0019302773	691.6733662137
  0.1035000000	  1.0474171347	694.0955365178
  0.1018000000	  1.0382482642	693.8281072935
  0.1015000000	  1.0005541952	681.3808457741
  0.1000000000	  0.9874500956	692.0251908533
  0.0971000000	  0.9569903886	683.6172003107
  0.1000000000	  0.9963120986	691.1520043631
  0.0985000000	  0.9508738924	682.4211774075
  0.1028000000	  0.9812848003	683.9069410194
  0.1009000000	  0.9866518486	689.1554192228
  0.0992000000	  0.9985045482	684.5589058063
  0.1048000000	  1.0092701093	699.2838722691
  0.0973000000	  0.9648380584	678.9544333155
  0.0996000000	  0.9916952003	683.3038253373
  0.1009000000	  0.9688369046	686.1431744888
  0.0980000000	  0.9496855984	685.4197470343
  0.0971000000	  0.9442861815	675.3167410290
  0.0985000000	  0.9744414008	688.1784350149
  0.0986000000	  0.9556176197	695.2133569837
  0.1011000000	  1.0090119357	684.3987810789
  0.0989000000	  1.0099230690	694.5539882735
  0.0993000000	  0.9880511335	685.8487950327
  0.1012000000	  0.9990192812	683.6423545821
  0.0954000000	  0.9797986736	684.5628004481
  0.0982000000	  0.9507472128	677.5525239246
  0.1044000000	  1.0116359956	691.6419322513
  0.1004000000	  1.0220401653	687.2759292013
  0.0999000000	  0.9838605530	691.4912357923
  0.0978000000	  0.9879282902	688.7851112247
  0.1038000000	  1.0312901275	687.8907290817
  0.0985000000	  1.0299201377	686.2351299785
  0.0993000000	  1.0123173640	696.5270909577
  0.0986000000	  0.9858531877	678.9529293979
  0.0985000000	  0.9669988419	683.5413291692
  0.1001000000	  0.9685223617	685.3800274927
  0.1011000000	  0.9472526417	701.2474982256
  0.1043000000	  1.0110661571	690.8876711143
  0.0978000000	  0.9892413505	678.8260469296
  0.1060000000	  1.0636597069	686.6256321822
  0.1044000000	  1.0564157128	694.4159447550
  0.0992000000	  0.9931750540	677.0342226801
  0.0998000000	  1.0066304543	678.7677523817
  0.1011000000	  1.0111533766	690.1986858290
  0.1006000000	  0.9880312163	688.1470927392
  0.1007000000	  1.0194031903	684.5119894995
  0.0954000000	  0.9965625164	687.2592737314
  0.0993000000	  1.0240871463	685.2143912869
  0.0959000000	  0.9410693836	686.5452264537
  0.0984000000	  0.9855509305	687.4579680009
  0.0964000000	  1.0011190290	681.4339716951
  0.1018000000	  1.0156884989	685.7820487726
  0.0986000000	  0.9997117983	690.1833426668
  0.1010000000	  1.0073365383	684.9023607178
  0.0988000000	  0.9781674998	691.4301287188
  0.0983000000	  0.9936179432	679.4474409654
  0.1020000000	  1.0209377525	689.3020625129
  0.0994000000	  0.9953520835	675.1757421368
  0.1017000000	  1.0491327774	689.3767090959
  0.1008000000	  1.0179949134	691.3824484351
  0.1041000000	  0.9936486230	687.0779499016
  0.1003000000	  1.0502097447	692.9847291723
  0.0995000000	  1.0280381195	693.9198711473
  0.0964000000	  0.9527633041	677.5804744786
  0.0935000000	  0.9114290599	674.1263122008
  0.1006000000	  1.0225157921	688.7521481305
  0.0981000000	  0.9721325867	682.1770485401
  0.1046000000	  1.0131682631	684.1730178331
  0.1016000000	  0.9868783990	678.0027800844
  0.1031000000	  1.0412383285	691.7684678028
  0.0974000000	  1.0013436379	682.4579976237
  0.1014000000	  1.0110466554	684.6242377660
  0.1003000000	  1.0220107784	687.3050463847
  0.1005000000	  1.0181714423	692.5440303565
  0.1020000000	  1.0226522832	696.5702700026
  0.0996000000	  0.9503695409	684.1056615303
  0.0988000000	  0.9961046393	678.1470080418
  0.0975000000	  0.9684627387	676.4289953738
  0.1031000000	  1.0376471965	691.5830415261
  0.0996000000	  0.9881671158	684.1301604137
  0.0983000000	  1.0105052617	684.9303346133
  0.0978000000	  1.0087390166	686.1134886853
  0.1008000000	  1.0348093303	691.0595932271
  0.1042000000	  1.0544193904	697.9022235131
  0.0953000000	  0.9706458867	669.2213180928
  0.0976000000	  1.0066723754	682.1795689919
  0.1036000000	  0.9812093957	689.2121843744
  0.1014000000	  0.9724034516	688.3035926585
  0.0979000000	  1.0227617534	683.1356536044
  0.0985000000	  0.9986956228	685.2442946454
  0.0997000000	  0.9821500442	686.9259421684
  0.1005000000	  0.9763244087	683.8440230003
  0.0996000000	  0.9787993489	689.4259680835
  0.0975000000	  0.9699210402	686.7298824042
  0.0952000000	  0.9288533927	676.8048083864
  0.0931000000	  0.9534133844	666.3782920376
  0.1029000000	  0.9858857856	694.2761866153
  0.1009000000	  1.0231144402	692.3829438895
  0.1004000000	  1.0538623180	694.0926334534
  0.0950000000	  0.9135602116	667.5315939654
  0.0956000000	  0.9508217369	690.4194054346
  0.1000000000	  1.0144559672	693.1281225074
  0.0981000000	  1.0167121642	689.1418376069
  0.1002000000	  1.0114959762	695.3390211808
  0.1025000000	  1.0570432736	692.6167156758
  0.0980000000	  0.9933679630	687.5824194723
  0.1002000000	  0.9366041587	679.8428112309
  0.0981000000	  0.9799493157	684.6268754117
  0.0976000000	  1.0039145192	681.5326714309
  0.0978000000	  0.9781435677	679.5580498716
  0.1015000000	  1.0464682617	701.7357091917
  0.0997000000	  1.0348738665	692.2409417452
  0.0967000000	  0.9721462716	676.0883338812
  0.1022000000	  1.0149390856	686.5286857723
  0.1011000000	  0.9982190106	684.7121175058
  0.1000000000	  1.0182252623	693.1983031758
  0.0977000000	  0.9781550241	677.6499056203
  0.1012000000	  1.0691456666	700.9170103425
  0.0996000000	  1.0059908933	676.3719941180
  0.0967000000	  0.9807020390	679.8308544548
  0.0981000000	  1.0340812318	685.2615751149
  0.1040000000	  1.0267121537	684.3635532418
  0.1011000000	  0.9724792685	683.0932288216
  0.1003000000	  0.9953514122	688.8217675342
  0.0990000000	  0.9473332908	682.4367949726
  0.0998000000	  1.0228634297	689.4897113575
  0.1011000000	  1.0201181683	689.9261137446
  0.1025000000	  1.0208351528	695.2403936547
  0.1002000000	  1.0098282931	678.8673452443
  0.1017000000	  0.9554053525	682.4785757736
  0.1018000000	  1.0475064721	685.7419314979
  0.1004000000	  1.0323388895	694.1390979969
  0.1041000000	  1.0419037408	703.3796821341
  0.1016000000	  1.0338693454	691.8444821518
  0.1033000000	  1.0819872573	695.4470573975
  0.1016000000	  1.0220605224	679.5386093711
  0.0976000000	  0.9618969710	675.1034950100
  0.0986000000	  0.9826754903	688.2002786136
  0.0994000000	  0.9838734243	683.1582415014
  0.0983000000	  0.9941515090	679.6431045307
  0.1008000000	  1.0068707719	695.5735578630
  0.0988000000	  1.0188217020	689.4168908068
  0.0998000000	  0.9925145899	683.3117836356
  0.1021000000	  1.0544559119	699.1998938854
  0.0998000000	  0.9751923558	680.7835898661
  0.0991000000	  1.0575956693	694.1954892209
  0.1030000000	  1.0695046063	696.9772741977
  0.1010000000	  0.9961852529	682.6347664861
  0.1007000000	  1.0090337860	685.2099937243
  0.1010000000	  1.0118996520	702.0704196032
  0.1011000000	  0.9636660242	687.9026781751
  0.1033000000	  1.0458520051	698.3699146055
  0.1004000000	  0.9751682220	685.3099739528
  0.0957000000	  0.9497755156	688.2293972397
  0.0982000000	  0.9625409967	692.8591865301
  0.1041000000	  1.0140885246	683.6597033586
  0.1013000000	  1.0350584125	690.6757351639
  0.1002000000	  0.9691745675	681.4776451868
  0.1015000000	  1.0063062535	692.2454681089
  0.1003000000	  0.9931228553	683.8882500573
  0.1008000000	  1.0142564081	698.3920566677
  0.1010000000	  1.0077292650	691.6121559012
  0.0967000000	  0.9669822046	693.4064233904
  0.0962000000	  1.0163647829	686.5817986427
  0.0984000000	  0.9905131198	684.3214261856
  0.1006000000	  0.9964809791	679.0864901529
  0.0928000000	  0.9104753519	684.7897846110
  0.1011000000	  1.0532740369	696.8100733032
  0.0993000000	  0.9388229618	680.0977698989
  0.0996000000	  1.0147575570	676.5820260887
  0.1004000000	  0.9747328167	694.9928743787
  0.1000000000	  0.9938393247	686.3836038717
  0.1042000000	  1.0392704843	691.4828271481
  0.0996000000	  1.0267906284	682.3242545585
  0.0960000000	  0.9659235160	678.1043910355
  0.0988000000	  1.0303674400	691.2512156456
  0.1011000000	  1.0021987165	685.5108736376
  0.1010000000	  1.0497588935	679.9392710748
  0.0985000000	  0.9662918204	693.4458681946
  0.1040000000	  1.0560270806	691.1087490894
  0.0997000000	  1.0075452209	683.6900497379
  0.0975000000	  0.9837766268	687.3321753920
  0.1031000000	  0.9737530999	680.3559664162
  0.1009000000	  0.9948151821	697.4892441280
  0.0983000000	  1.0392949721	683.4683739593
  0.0978000000	  1.0110604570	693.9910276355
  0.1019000000	  1.0538610699	697.6936713275
  0.1031000000	  1.0638705050	676.9667688181
  0.0999000000	  0.9964705147	687.7110815250
  0.0995000000	  0.9996681354	674.8886132233
  0.0992000000	  0.9643703936	686.4907726830
  0.1005000000	  0.9955914487	686.6257855897
  0.1007000000	  0.9572453937	690.0644634065
  0.0964000000	  1.0038545166	692.3367272534
  0.1032000000	  1.0656888071	689.0517105454
  0.1044000000	  1.0471654957	695.9388442953
  0.1012000000	  1.0120386091	694.5463495126
  0.1012000000	  0.9980804163	682.3655547421
  0.0974000000	  0.9870243272	690.5530340886
  0.1025000000	  1.0083588061	686.0479327937
  0.1029000000	  1.0446992637	692.9041386614
  0.0999000000	  1.0130328383	684.4742765682
  0.1001000000	  1.0083954892	689.9684463355
  0.0964000000	  1.0019729021	682.3698164221
  0.0982000000	  1.0424833928	680.6150879391
  0.1014000000	  1.0395337642	678.2916866021
  0.1015000000	  1.0115761303	689.4338398134
  0.0983000000	  1.0045308491	690.5333025877
  0.1053000000	  1.0383614315	688.2770402232
  0.0990000000	  0.9785541513	681.3175775186
  0.0968000000	  0.9533043663	674.0612287447
  0.0988000000	  0.9937492510	689.5824241547
  0.1004000000	  1.0112003382	688.0375263032
  0.0963000000	  1.0264027803	689.2764749228
  0.1022000000	  1.0244256777	679.7855171653
  0.1009000000	  1.0417524581	694.1036090505
  0.1037000000	  1.0146829486	693.7404043291
  0.0999000000	  0.9681205988	684.2126554717
  0.1037000000	  1.0223247839	694.7570192422
  0.1008000000	  1.0133665148	683.5086341131
  0.1017000000	  0.9983390238	693.1895356179
  0.0968000000	  0.9922211107	674.3653714393
  0.1002000000	  0.9662964130	678.8851595453
  0.1015000000	  0.9679939405	682.4461501310
  0.1006000000	  1.0005308659	698.4438461782
  0.1016000000	  1.0155753098	684.2440494177
  0.1026000000	  1.0042338369	683.2209663086
  0.1022000000	  1.0158666475	688.6569500403
  0.1008000000	  1.0754709327	702.4430605343
  0.1016000000	  0.9952342131	693.2279925867
  0.0973000000	  0.9801195405	683.9766145764
  0.1006000000	  1.0247858153	691.0867977338
  0.0959000000	  0.9768533072	685.6897977340
  0.0996000000	  0.9661202283	686.5663650826
  0.0989000000	  0.9635613896	681.4596045840
  0.0999000000	  0.9870232268	681.8110019218
  0.0976000000	  0.9926079783	685.6999935235
  0.1021000000	  1.0224100386	684.1229401951
  0.0989000000	  0.9901748145	687.2329537072
  0.1008000000	  1.0050141024	694.1493736268
  0.1018000000	  1.0454206545	694.8792468753
  0.0985000000	  0.9876408333	687.9038127196
  0.1015000000	  1.0451305418	693.1904792307
  0.1012000000	  1.0052114483	682.9444679421
  0.1012000000	  0.9994765757	681.9333083735
  0.1010000000	  1.0321415719	695.0542869793
  0.1040000000	  1.0168080734	701.5613943945
  0.1015000000	  1.0107837304	686.1971988746
  0.1030000000	  1.0408795372	692.2567380080
  0.1031000000	  1.0074377666	700.7565579842
  0.1011000000	  1.0286309299	688.6556539654
  0.0994000000	  1.0110980955	694.8940385214
  0.0984000000	  1.0404966951	688.2715080522
  0.0990000000	  1.0258060561	692.8536979997
  0.0969000000	  0.9763893138	676.7438511708
  0.0985000000	  1.0012922408	691.5196082722
  0.0992000000	  0.9975489149	673.8192645526
  0.1003000000	  1.0421505961	690.1414747239
  0.0999000000	  0.9591710778	686.3797629169
  0.0991000000	  1.0049314909	693.2375450866
  0.0962000000	  0.9766257593	687.5199425935
  0.0986000000	  0.9618627760	679.5661010474
  0.0997000000	  0.9982138453	695.4189624215
  0.1006000000	  0.9932172945	692.3037827221
  0.0987000000	  0.9680904698	675.0452813843
  0.0989000000	  1.0475525676	699.6873517746
  0.1023000000	  1.0238046724	704.1425073519
  0.0988000000	  0.9932808347	686.5568561311
  0.0979000000	  0.9813295641	680.7053334422
  0.1038000000	  1.0117043858	687.3081297388
  0.0987000000	  0.9598303741	687.2584187859
  0.0997000000	  0.9998881812	687.0895455331
  0.0967000000	  0.9551580421	677.3143521268
  0.1025000000	  1.0370147671	693.2623585254
  0.0977000000	  0.9982293810	678.8386330755
  0.0992000000	  1.0396173103	691.5770607557
  0.1006000000	  0.9993821476	688.6090525070
  0.0959000000	  0.9437582578	677.1114236365
  0.1003000000	  0.9914364428	683.1672337733
  0.1016000000	  1.0149240956	694.9638760476
  0.0997000000	  0.9974614596	694.7012100478
  0.0935000000	  0.9486440402	676.9664971423
  0.1012000000	  1.0570079954	695.6795849461
  0.1014000000	  0.9771819644	689.1842268138
  0.1020000000	  1.0055388438	680.3271668853
  0.1001000000	  0.9786305684	693.5480968906
  0.1003000000	  1.0315599370	693.5839411648
  0.0956000000	  0.9265601124	686.5449424533
  0.0994000000	  0.9856880420	683.3891829680
  0.1013000000	  0.9805100378	691.5624744538
  0.1011000000	  1.0194194453	676.6142370612
  0.0978000000	  0.9640305381	682.1435424577
  0.0982000000	  0.9570756287	680.0131273357
  0.1009000000	  1.0002129204	693.2238956977
  0.1007000000	  1.0228721688	697.5213968395
  0.0994000000	  0.9817752692	685.0877090491
  0.1018000000	  1.0683758723	694.0579937077
  0.0979000000	  0.9454820681	678.5252545037
  0.0985000000	  0.9673622928	685.3896280582
  0.0999000000	  0.9689260398	684.8230976397
  0.0959000000	  0.9931010342	687.3285724798
  0.0989000000	  1.0052703631	687.4334090645
  0.0982000000	  0.9462003743	678.8575794243
  0.0990000000	  1.0116879762	689.1948720308
  0.1012000000	  1.0479509941	700.2312885847
  0.1030000000	  0.9722581458	682.8228226503
  0.1009000000	  0.9901966902	673.7109502019
  0.0999000000	  1.0448760811	696.3717037003
  0.1029000000	  1.0611829920	699.1209965140
  0.1000000000	  1.0623574829	697.5625362540
  0.1027000000	  1.0138573532	692.0526871864
  0.0999000000	  0.9894979335	689.9485397982
  0.0985000000	  0.9824047419	685.7622215707
  0.0995000000	  0.9925515660	693.9545957724
  0.0945000000	  0.9720768526	683.0339388779
  0.0996000000	  0.9845795930	677.2209805574
  0.0986000000	  1.0059917173	696.6531152639
  0.0997000000	  0.9905720387	685.9929997080
  0.1000000000	  1.0427995252	696.3107794833
  0.1035000000	  1.0126345646	695.3879005758
  0.1007000000	  1.0160865345	686.4454273153
  0.1001000000	  1.0209480429	689.4051584759
  0.0997000000	  0.9692482007	679.9606685058
  0.0978000000	  0.9711805925	681.2220415090
  0.0997000000	  1.0570754526	702.2519878457
  0.0986000000	  0.9700521653	688.4551844338
  0.0986000000	  0.9909765368	689.7551291372
  0.1002000000	  0.9867307703	699.7781886454
  0.1004000000	  1.0447819255	683.2662408494
  0.1022000000	  1.0007877584	684.2653784199
  0.1026000000	  1.0300357421	688.2820944959
  0.0925000000	  0.8996258432	676.5720421509
  0.0979000000	  0.9938895809	678.8273340271
  0.1011000000	  1.0220895307	683.3317866751
  0.1002000000	  0.9925576213	690.1579947948
  0.1018000000	  1.0198851246	685.1476200484
  0.1015000000	  0.9975401084	683.3123266470
  0.0963000000	  0.9237265338	671.0067554084
  0.0973000000	  0.9318132368	685.5871668872
  0.1004000000	  0.9954233323	686.5760940916
  0.1008000000	  1.0189529968	694.6196213613
  0.1011000000	  1.0108162536	695.8275445929
  0.1032000000	  0.9938836858	687.9755627291
  0.1025000000	  1.0396673519	684.3879577666
  0.0986000000	  0.9741032057	687.8067455596
  0.1035000000	  1.0185074188	695.2851570676
  0.0991000000	  0.9862455332	678.5618480026
  0.0957000000	  0.9352127539	670.8184473557
  0.0976000000	  0.9856511434	684.6975240863
  0.1041000000	  1.0732401349	696.8816481019
  0.1016000000	  1.0211942855	696.9794110049
  0.1010000000	  1.0664673775	683.6457250035
  0.1011000000	  1.0607169600	683.1523347466
  0.1026000000	  1.0182187655	692.0016330146
  0.1037000000	  1.0355788526	694.7606482152
  0.1010000000	  1.0252298380	698.3779353673
  0.1007000000	  1.0559178994	688.7015141108
  0.1019000000	  1.0443613343	683.1130901010
  0.0978000000	  0.9659342460	692.7891887726
  0.0997000000	  0.9913005298	689.4233253511
  0.0997000000	  0.9768606226	689.8317195899
  0.0988000000	  0.9633547458	690.5764571126
  0.0997000000	  1.0138618859	688.2787455457
  0.0985000000	  1.0059958252	691.7057867082
  0.1000000000	  0.9500729177	680.2107250719
  0.0992000000	  1.0042473336	692.4473004852
  0.0975000000	  0.9846284658	692.4403548709
  0.1013000000	  1.0397379690	701.9444029391
  0.1026000000	  0.9891863551	685.6882795510
  0.1041000000	  1.0282648692	690.4024173328
  0.0982000000	  0.9837964564	686.5375212864
  0.0970000000	  0.9811646487	687.7210485713
  0.1037000000	  0.9867889117	692.0120738756
  0.0983000000	  1.0221545652	680.7129881813
  0.0941000000	  0.9734079862	671.7905712816
  0.0952000000	  0.9876984556	687.0300556401
  0.1030000000	  1.0466287709	705.3435509885
  0.0953000000	  1.0051539681	687.3125143216
  0.1001000000	  1.0107177530	684.0768122926
  0.0997000000	  1.0421727969	694.3587347558
  0.1003000000	  1.0314431533	684.2671467410
  0.0964000000	  0.9979818741	686.2278417474
  0.0983000000	  0.9865430545	677.7448335655
  0.1033000000	  1.0048330720	685.0714537748
  0.0989000000	  0.9975880780	673.8551022770
  0.0992000000	  0.9741846862	686.8781016306
  0.1036000000	  1.0433973628	692.3858909524
  0.0992000000	  0.9993089660	684.7474679779
  0.1028000000	  1.0339520385	680.6922456433
  0.0995000000	  1.0529338912	682.2615006299
  0.1030000000	  1.0726444266	696.9849511428
  0.0997000000	  0.9995124566	683.4018565720
  0.1005000000	  1.0014603103	696.1475938192
  0.1037000000	  1.0544722053	689.1305714512
  0.1007000000	  1.0082914724	688.3256530771
  0.0991000000	  0.9908794802	683.1691058342
  0.0996000000	  1.0277077096	690.0654166322
  0.0990000000	  0.9364404136	671.9508989280
  0.1029000000	  1.0442563976	691.4229273617
  0.1006000000	  0.9715480931	676.9646010163
  0.0960000000	  0.9786328836	676.7273692898
  0.1021000000	  1.0021836681	693.6849410178
  0.0975000000	  0.9812369705	688.5243938741
  0.1000000000	  1.0383836741	686.5585457248
  0.1008000000	  1.0329667328	696.3338696086
  0.1039000000	  1.0244346893	694.8074661531
  0.1017000000	  1.0166309064	699.9539086303
  0.0974000000	  0.9445378138	685.3441654497
  0.0984000000	  1.0473847967	685.7305912682
  0.1012000000	  1.0204522582	691.6322208013
  0.1016000000	  1.0519026644	684.8913086083
  0.1003000000	  1.0162059719	683.7820534942
  0.1009000000	  1.0223970935	682.8613915022
  0.1004000000	  0.9485493657	692.5313917730
  0.1034000000	  1.0541030904	700.3767360672
  0.0982000000	  0.9607929044	673.6622473455
  0.0991000000	  1.0168252676	692.1516051819
  0.1003000000	  1.0578434262	694.0972663718
  0.1035000000	  1.0468105774	698.2526026504
  0.0951000000	  0.9614436687	680.3660728770
  0.0965000000	  0.9829076197	675.1778579004
  0.0990000000	  0.9991625842	690.9674195333
  0.0971000000	  0.9696073715	675.0053332422
  0.0986000000	  1.0154608425	687.9975855389
  0.0998000000	  1.0155008666	683.8371750912
  0.0977000000	  0.9587947067	676.4173009190
  0.1014000000	  1.0018631559	694.1267163368
  0.0990000000	  0.9699735524	680.7420115099
  0.0981000000	  1.0525385316	693.0508135558
  0.0982000000	  0.9521963089	680.0896951166
  0.0998000000	  0.9840643122	687.6495965404
  0.0988000000	  0.9587442891	687.1478773645
  0.1037000000	  0.9792596820	691.6099717712
  0.1001000000	  0.9975937067	673.5527134906
  0.1008000000	  1.0210194559	694.8911444552
  0.0991000000	  0.9609182117	669.9273502598
  0.1022000000	  1.0601322084	694.9978721478
  0.0988000000	  1.0532233182	701.5727374805
  0.0948000000	  0.9793836818	684.9850517221
  0.0983000000	  0.9723821172	687.8590059361
  0.1006000000	  0.9847335886	688.8549386462
  0.1029000000	  1.0506768689	689.3068137501
  0.1008000000	  0.9705970182	680.7486341853
  0.0999000000	  1.0261987715	687.2380376146
  0.0990000000	  1.0055765633	686.7415864540
  0.1013000000	  1.0135976556	688.4677100150
  0.1029000000	  0.9978050424	679.8149110850
  0.1023000000	  0.9855842740	681.8529569845
  0.1021000000	  0.9891721943	690.0277690937
  0.0959000000	  0.9497128203	677.5744072984
  0.0989000000	  0.9892715422	677.2294978374
  0.0991000000	  0.9909748366	673.9663421977
  0.0983000000	  0.9534161745	683.4483047998
  0.1031000000	  1.0471873084	686.3345287319
  0.0997000000	  1.0359462961	692.9098116042
  0.1030000000	  1.0422301223	684.4881023302
  0.0993000000	  0.9684694223	682.1062752206
  0.1023000000	  1.0221254707	697.7020646650
  0.1005000000	  0.9893075030	683.4104670442
  0.0967000000	  1.0195354348	682.8751649052
  0.0993000000	  0.9945124523	680.7128208137
  0.0994000000	  1.0286183059	690.1764316480
  0.1037000000	  1.0135643230	689.2364810912
  0.0980000000	  0.9600311771	682.2676266771
  0.0943000000	  0.9674488059	663.7706354271
  0.0988000000	  0.9712214818	680.7124880704
  0.0984000000	  0.9828702640	685.3267613101
  0.0983000000	  0.9728488811	671.4252217452
  0.1001000000	  1.0025393259	693.5205225802
  0.0989000000	  1.0231091559	685.9848801012
  0.0995000000	  1.0117164004	693.6819272606
  0.0965000000	  0.9447799097	685.9218201052
  0.1024000000	  0.9989373557	703.8915533485
  0.1028000000	  1.0472342043	696.3873240468
  0.1003000000	  1.0354086390	678.9705215645
  0.1004000000	  1.0047287656	685.1576995387
  0.1027000000	  1.0018852616	681.2243506438
  0.0972000000	  0.9680863420	692.4869763923
  0.0991000000	  0.9914766304	685.3869637569
  0.1008000000	  0.9940104901	674.5203828456
  0.1025000000	  1.0253148893	687.6823209950
  0.1015000000	  1.0382845121	692.2356497485
  0.0997000000	  0.9881480040	681.2356618189
  0.1002000000	  1.0221004003	688.3123108439
  0.1015000000	  0.9905146061	680.1455430617
  0.1020000000	  1.0345854975	692.6580650854
  0.0996000000	  1.0297620984	691.1856340074
  0.0998000000	  1.0019383883	691.6069844056
  0.0998000000	  1.0045282549	687.9357677280
  0.1007000000	  1.0339855651	677.2301786841
  0.1033000000	  1.0341300212	694.0142139586
  0.1018000000	  1.0584663918	697.8592145918
  0.1035000000	  1.0347424461	690.7967802717
  0.0975000000	  0.9553226421	683.0843296870
  0.0979000000	  0.9982296537	682.1528962768
  0.0989000000	  0.9630500688	690.5905039573
  0.1027000000	  1.0129411915	689.3351843333
  0.1020000000	  1.0449282068	695.7515101129
  0.0996000000	  0.9679065547	681.9800379006
  0.0983000000	  1.0089047457	684.6671939358
  0.0979000000	  1.0145684860	689.6848241650
  0.0994000000	  0.9746486597	685.0456805388
  0.0982000000	  0.9937361068	682.4412300774
  0.0992000000	  0.9875422560	687.3673980416
  0.1025000000	  0.9648640084	679.1954568353
  0.1018000000	  0.9981483326	691.7102482700
  0.1009000000	  1.0181010396	682.8610371712
  0.1016000000	  1.0205140552	690.9814273838
  0.0974000000	  0.9231024479	676.3809671180
  0.0993000000	  1.0123775742	684.2606252049
  0.0987000000	  0.9918986855	686.0399123815
  0.0954000000	  0.9642280077	682.3527448539
  0.1013000000	  1.0204135334	684.5727101487
  0.0954000000	  0.9639989660	679.6324769975
  0.0978000000	  0.9766597467	674.8723146085
  0.1031000000	  1.0456573932	685.9627687913
  0.1001000000	  1.0574098793	689.5092965324
  0.1004000000	  0.9889320312	681.1501978910
  0.1007000000	  1.0338410520	694.9311565181
  0.1005000000	  1.0102774993	697.4361738233
  0.1012000000	  1.0403795674	683.4730793727
  0.0990000000	  1.0246241376	693.8811317351
  0.1004000000	  1.0037495511	681.5153107628
  0.1010000000	  0.9883592564	685.4200081606
  0.0985000000	  0.9470117961	689.9700621331
  0.0984000000	  0.9851010410	685.0013393643
  0.0999000000	  1.0160484477	686.6401970038
  0.1007000000	  0.9397754128	687.1134129254
  0.1002000000	  1.0666473621	686.3169374411
  0.1015000000	  1.0597233260	698.5305483134
  0.1031000000	  1.0268567964	690.3924738274
  0.0986000000	  1.0335744247	683.2662330071
  0.0993000000	  1.0001598855	696.9485784106
  0.1013000000	  1.0605869633	697.6694481162
  0.1014000000	  0.9978395408	674.4963234864
  0.0978000000	  0.9837235771	688.9367546750
  0.0963000000	  0.9536514371	676.0862257482
  0.0984000000	  1.0188350574	686.9494009546
  0.0966000000	  0.9816131552	677.8314272537
  0.0999000000	  1.0130770519	692.0586356796
  0.1019000000	  1.0329423963	694.2197945762
  0.1031000000	  1.0190717032	704.5303728752
  0.1036000000	  1.0188020538	694.8987060419
  0.1022000000	  1.0410451424	695.4796108285
  0.0958000000	  0.9520459873	687.1305568756
  0.1039000000	  1.0884334194	698.9022089576
  0.0994000000	  1.0021808649	684.9549493640
  0.0990000000	  0.9982160785	682.6604109953
  0.1016000000	  1.0039737672	684.2315733425
  0.1022000000	  0.9678033239	694.8523173544
  0.1012000000	  1.0327134971	688.2515894147
  0.0997000000	  1.0422092075	691.5161399251
  0.0973000000	  0.9834892616	678.7548974314
  0.0983000000	  0.9973759039	681.8903971816
  0.0979000000	  1.0028386861	677.5529922910
  0.1028000000	  1.0699773981	686.1018254887
  0.1008000000	  0.9974679159	695.9458187216
  0.1010000000	  0.9488287560	679.2300808456
  0.1028000000	  1.0228150623	705.7389168750
  0.1000000000	  1.0141922420	683.9521841939
  0.0990000000	  0.9484931614	685.9788628761
  0.0993000000	  0.9714911654	689.9035861620
  0.1031000000	  1.0608965904	693.7869649968
  0.1034000000	  1.0481530903	695.6429638536
  0.0984000000	  0.9969774688	692.2778569902
  0.1047000000	  1.0398063467	697.8576061496
  0.0999000000	  0.9783549478	690.3997168320
  0.0986000000	  1.0074334226	691.9584591053
  0.0999000000	  1.0079178788	689.9929294394
  0.1040000000	  1.0445379782	700.2024124249
  0.0995000000	  0.9963622152	679.4745682884
  0.0989000000	  0.9558442695	687.3225908611
  0.0963000000	  0.9990544173	678.8852652289
  0.0939000000	  0.9579578827	675.9992573029
  0.1004000000	  1.0015934865	689.5953773178
  0.0995000000	  1.0179938835	684.8465242905
  0.0981000000	  0.9781346746	687.8732518460
  0.0973000000	  0.9736036165	683.9699283735
  0.1032000000	  1.0221689770	689.7890114485
  0.1017000000	  0.9956995358	686.0031761368
  0.1020000000	  1.0153161160	691.2491019139
  0.1009000000	  1.0263248026	686.8087365613
  0.1030000000	  1.0342191225	695.1904959589
  0.0971000000	  0.9800188321	687.6941797524
  0.0979000000	  0.9791571821	679.7317963656
  0.1020000000	  1.0258842327	696.3910989843
  0.1023000000	  1.0190221516	679.3560256014
  0.1017000000	  1.0193366680	692.4509840271
  0.0982000000	  1.0243247316	679.7210929018
  0.0985000000	  1.0036730551	686.2327483059
  0.0986000000	  1.0112908939	685.2786671274
  0.0962000000	  0.9146527188	664.6347710445
  0.0995000000	  1.0121530211	691.0373304095
  0.0974000000	  0.9984174319	682.5048086988
  0.0993000000	  1.0373636989	692.3633078373
  0.0988000000	  0.9724953389	676.0700974597
  0.0991000000	  0.9669146489	684.6438054307
  0.0959000000	  0.9756008817	675.2648742532
  0.0983000000	  0.9826780586	679.2180271658
  0.0994000000	  1.0098593436	678.9821306496
  0.0983000000	  0.9928748059	686.9943758968
  0.0977000000	  0.9709662417	685.9425576030
  0.0988000000	  1.0219557018	697.5801344657
  0.0999000000	  0.9706409810	681.4400479767
  0.0957000000	  0.9496433024	672.1897721823
  0.0989000000	  1.0551438961	682.7400425166
  0.0997000000	  0.9909295144	688.5922762684
  0.1002000000	  1.0261551530	680.0976389889
  0.0999000000	  1.0259189366	685.0445412587
  0.1033000000	  1.0152383854	701.1122864136
  0.1001000000	  1.0154943773	686.4407001027
  0.0987000000	  0.9689037844	686.9117923018
  0.0997000000	  0.9845384453	692.6860180259
  0.1006000000	  0.9559169049	688.8235222084
  0.0981000000	  0.9728649593	679.0817690261
  0.0972000000	  0.9616051903	683.4940335363
  0.1021000000	  1.0158047794	700.2494628346
  0.0963000000	  0.9991797568	676.8399970933
  0.0983000000	  0.9626294140	678.8567942192
  0.1006000000	  0.9390949703	682.4561975207
  0.1047000000	  1.0493671438	692.1634256226
  0.1007000000	  0.9993950003	682.2575415183
  0.1050000000	  1.0135321848	693.9747249759
  0.0988000000	  1.0214609019	677.5026994295
  0.0972000000	  1.0081019805	684.0928966728
  0.1025000000	  1.0568818248	697.1332232818
  0.1011000000	  1.0081854954	692.0838416982
  0.0999000000	  1.0292737567	690.9591718695
  0.1010000000	  0.9781407606	693.9057713821
  0.1026000000	  1.0405220545	691.7935209173
  0.1000000000	  0.9823694097	685.0074739438
  0.0991000000	  0.9588006014	676.9152514550
  0.0988000000	  1.0215030570	683.6311178641
  0.1014000000	  1.0366312364	687.9549485150
  0.1008000000	  1.0118965972	689.5692908925
  0.1005000000	  1.0081866044	683.5206486459
  0.0941000000	  0.9575938314	676.9877569019
  0.0955000000	  0.9430919861	685.3527797075
  0.1016000000	  1.0097357158	680.6046263509
  0.0951000000	  0.9614322239	680.2235235101
  0.1005000000	  1.0165013695	686.0676830358
  0.1041000000	  1.0656207768	702.4556891721
  0.1070000000	  1.0654004318	691.5745091771
  0.1016000000	  0.9898858885	678.8733416076
