  0.1007000000	  1.1147512879	704.0003414014
  0.1015000000	  1.0400163270	700.7683193536
  0.1006000000	  1.0245473328	711.8658173173
  0.0980000000	  1.0805469723	723.9205284961
  0.1036000000	  1.0428791931	730.0667509515
  0.1051000000	  1.0350224903	739.0859678930
  0.0949000000	  0.8619004920	665.5033816314
  0.1089000000	  1.1660194539	729.3272319449
  0.0999000000	  0.9489882383	685.1374203339
  0.0958000000	  1.0159141811	706.7956300142
  0.1133000000	  1.1669674528	722.7874263365
  0.0939000000	  0.9107925743	673.8916426305
  0.0917000000	  0.9025174461	663.7322234707
  0.1009000000	  1.0735860927	698.4478459682
  0.1044000000	  1.1683636915	742.0629378147
  0.0975000000	  0.9784785693	683.5407664804
  0.0938000000	  0.8854196777	714.7096300463
  0.1072000000	  1.1036848125	668.4578654536
  0.1001000000	  1.1334540877	702.1882303334
  0.1022000000	  1.1039083349	729.2405463627
  0.0913000000	  0.9654550859	722.3426260750
  0.1033000000	  1.0604922303	706.8267462792
  0.0885000000	  1.0679309083	677.4874110691
  0.0976000000	  1.0658460875	651.8487280965
  0.1028000000	  1.0814509213	659.6111800664
  0.0943000000	  0.9206501447	630.6432010489
  0.0910000000	  0.8762699957	672.8891374491
  0.1027000000	  1.0733266781	710.7717454235
  0.1021000000	  1.0633146655	710.5763081189
  0.0987000000	  1.1543469895	687.1200613455
  0.1013000000	  1.1016198399	661.0038293519
  0.0939000000	  0.9329471284	718.9477524470
  0.1092000000	  1.1411712647	706.2696170077
  0.0946000000	  1.0133366502	712.9969477152
  0.0977000000	  0.9868384046	678.0063387746
  0.1034000000	  1.1805910729	673.2445530181
  0.0990000000	  1.0531626236	686.7004539519
  0.1061000000	  1.1128526176	708.7990542975
  0.1022000000	  0.9993486644	687.9260601914
  0.0882000000	  0.8183424622	688.6099848780
  0.1050000000	  1.0968896520	715.4912136810
  0.0998000000	  1.0278391043	675.7965233555
  0.1075000000	  1.0319662826	681.7222708568
  0.1032000000	  1.0482308578	652.4294665709
  0.1174000000	  1.2067175284	747.0438487693
  0.0963000000	  1.0024088743	687.4671965097
  0.0978000000	  0.9013312122	713.3821232816
  0.0942000000	  0.9558129932	684.3498652950
  0.0968000000	  0.9991599981	672.4412678415
  0.1004000000	  1.0593158339	732.1835812103
  0.1000000000	  1.0146665655	710.7317919871
  0.1007000000	  1.0582699461	698.9367880604
  0.1032000000	  1.1570574635	690.9480285773
  0.1015000000	  1.0222055917	712.6681605652
  0.0999000000	  1.0392414541	720.3964988322
  0.0895000000	  0.8431035500	699.5400424604
  0.1001000000	  1.1889400515	764.0948780348
  0.0946000000	  0.9053146082	684.9491463565
  0.0914000000	  0.9807278974	661.0158629251
  0.0916000000	  0.9103102191	651.7851178370
  0.0997000000	  0.9938754870	658.8316451008
  0.1055000000	  1.1151522075	735.9315710018
  0.1030000000	  1.1041661224	631.0576669195
  0.0956000000	  0.9398997253	650.2908017803
  0.0911000000	  0.9526399398	699.8193792557
  0.1081000000	  1.1319966123	644.8938945455
  0.1078000000	  1.1087348443	724.8811707371
  0.0893000000	  0.9820371293	719.9026417860
  0.1014000000	  1.1135938078	731.8182774990
  0.0989000000	  1.1580568227	721.8481959343
  0.1100000000	  1.0889485703	689.4014162611
  0.0943000000	  0.9186173492	742.4208412654
  0.0938000000	  0.9598528956	690.7492436955
  0.1029000000	  0.9992766894	695.8735181060
  0.1033000000	  1.0828655096	706.5561994299
  0.0966000000	  0.9963891939	717.5383258142
  0.1067000000	  1.1836845646	693.8819744954
  0.1000000000	  1.0190740949	702.8457432609
  0.0987000000	  1.0687547981	720.4402892345
  0.0935000000	  0.8950508752	671.0231839744
  0.0959000000	  1.0118882934	675.4060445619
  0.0986000000	  0.9634281822	676.6349655831
  0.1107000000	  1.2340008833	752.9139101362
  0.0922000000	  0.9065963414	659.2789903866
  0.0992000000	  1.0878003951	665.2810319353
  0.0900000000	  0.9123014150	677.3151462600
  0.0996000000	  0.9516664358	688.4014903567
  0.1041000000	  1.1045231278	727.9331487203
  0.1075000000	  1.1325330600	723.3367890144
  0.1001000000	  0.9423898038	726.5443550443
  0.1077000000	  1.1979900601	690.5542660056
  0.1083000000	  1.2285933476	665.6138160619
  0.1032000000	  1.0882772735	684.5530231114
  0.0994000000	  0.9314053071	713.8516113028
  0.0912000000	  0.9770947819	676.7902439379
  0.1100000000	  1.0752499293	731.1715825789
  0.1087000000	  1.1455646370	713.7652843332
  0.1067000000	  1.2313686920	705.6203690595
  0.0860000000	  0.8747496764	667.9658188178
  0.0905000000	  0.8326577312	694.9274992885
  0.0974000000	  1.0110477558	745.4611294852
  0.1049000000	  0.9668835718	689.1742232802
  0.1040000000	  1.0039487383	719.8825165133
  0.1044000000	  1.0738723371	672.9942071173
  0.1158000000	  1.2339368807	737.1876187019
  0.1074000000	  1.1417792623	698.1771635836
  0.1021000000	  1.0695578589	673.9754406112
  0.0968000000	  0.9582775024	689.5956326476
  0.0988000000	  0.9851508751	671.8506550295
  0.0979000000	  0.9397559157	690.6529042775
  0.0911000000	  0.8829574309	713.9318979711
  0.0891000000	  0.9061685807	701.3318651874
  0.0922000000	  0.9150626105	706.1314682588
  0.1005000000	  1.0172319989	675.7287088752
  0.1051000000	  1.0616535659	707.3494031436
  0.1023000000	  0.9817405102	695.7609585369
  0.1025000000	  1.0268752988	721.6355751658
  0.1023000000	  1.0628987040	755.9293201129
  0.0959000000	  0.9541716413	650.6600901350
  0.1008000000	  1.0206306668	706.8121806060
  0.1076000000	  1.1418482381	753.7791946847
  0.1048000000	  1.0183213052	693.7325337045
  0.1049000000	  1.0985144344	688.4702892842
  0.1066000000	  1.0649806973	682.1463901625
  0.0887000000	  0.8772725992	712.4003645418
  0.0936000000	  1.0242095547	688.4047113623
  0.0902000000	  1.0325473462	687.4691381888
  0.0984000000	  1.0412468272	648.2887832514
  0.1077000000	  1.2336611651	691.9429360929
  0.0873000000	  0.9005111145	687.1018068127
  0.0997000000	  1.0857780669	670.9605736800
  0.1098000000	  1.1917445869	699.6701028971
  0.0922000000	  0.9996918296	690.2616180960
  0.0993000000	  1.0129027862	714.8089244316
  0.1019000000	  0.9762512860	701.6368535830
  0.1064000000	  1.1326447983	698.0970061243
  0.1031000000	  1.0070342109	712.9781725384
  0.1085000000	  1.0977514746	660.6059067981
  0.1034000000	  1.0555661571	695.7973768121
  0.0962000000	  0.9289516223	691.2043328819
  0.1112000000	  1.1014535576	667.7709542960
  0.0996000000	  1.0404312727	672.9748588148
  0.1064000000	  1.0912458808	669.1732555137
  0.0880000000	  0.9396062873	665.4335197256
  0.1026000000	  1.0848126097	687.2553431882
  0.0869000000	  0.8590201797	688.1143048656
  0.0937000000	  0.8612353459	696.7968932542
  0.0928000000	  0.9129661311	648.0181725109
  0.0940000000	  0.9655968798	698.4814907063
  0.1053000000	  1.0647840788	752.5781765099
  0.0947000000	  1.0123871066	730.4416262014
  0.1018000000	  1.0440609470	721.5306193591
  0.1064000000	  1.1238224918	690.5639424481
  0.0945000000	  0.9036355319	668.3990028662
  0.1086000000	  1.1085924587	700.9045136289
  0.0917000000	  1.0622975805	690.8750851201
  0.0956000000	  0.9780338066	705.1528407940
  0.0970000000	  1.0248368654	690.5077891229
  0.0990000000	  1.0700004742	707.9530531606
  0.1013000000	  1.1041883469	723.5288081291
  0.0990000000	  1.0885151176	748.5015848721
  0.1024000000	  1.1023140495	681.0097862317
  0.1068000000	  1.1367625899	757.2242910625
  0.1024000000	  1.0308189651	740.4362679566
  0.1047000000	  1.0025403166	668.8502050230
  0.1168000000	  1.2553555304	730.2143631766
  0.0932000000	  0.9563357555	666.6982892682
  0.1050000000	  1.0874922704	727.8985595290
  0.0939000000	  1.0636729745	684.7167715508
  0.0970000000	  1.0852271934	724.3750920979
  0.0946000000	  0.9766449199	716.2950514741
  0.0921000000	  0.9281434350	659.1386257563
  0.0968000000	  1.1039133117	698.0339289056
  0.0894000000	  0.8443799204	626.9091407163
  0.0951000000	  0.9616520462	685.1396904202
  0.0920000000	  0.8082363721	686.0635582985
  0.1074000000	  1.1654818655	698.4528879724
  0.1004000000	  0.9611417645	668.2352322926
  0.1132000000	  1.1207689646	735.4503817266
  0.1051000000	  1.0759157121	763.9513465929
  0.1099000000	  1.1566861371	716.5202233274
  0.1049000000	  1.2311476886	721.2541331462
  0.0964000000	  1.0210376894	699.4115356600
  0.1054000000	  1.1212168725	696.2896937026
  0.1070000000	  1.0870365128	727.1027604656
  0.1039000000	  1.0411494779	724.7140323283
  0.1043000000	  1.0771955364	729.4293209310
  0.1086000000	  1.1927018934	726.6915962475
  0.1122000000	  1.1272702437	751.7253091536
  0.0991000000	  0.9109859508	652.8702941694
  0.0830000000	  0.8482117724	692.3123237361
  0.0960000000	  0.8692516521	706.9162406242
  0.1016000000	  1.0536941868	695.7871790670
  0.1017000000	  1.0672429617	703.0275055056
  0.0926000000	  0.9756468584	706.5406973578
  0.1013000000	  0.9161436625	699.1646988039
  0.1007000000	  0.9533175479	644.9804473423
  0.0972000000	  0.9527131178	665.3380224888
  0.0961000000	  0.9576282740	685.2197968772
  0.0956000000	  0.9729049844	662.9615845827
  0.1008000000	  1.0195183386	676.9743916357
  0.0982000000	  1.0681616430	754.1309371334
  0.1016000000	  1.0347162453	693.2807339164
  0.1021000000	  0.9846446369	713.4416927309
  0.0984000000	  0.9724218174	666.4376660041
  0.0999000000	  0.9644858187	645.8190330135
  0.0976000000	  0.9745528566	659.3470804932
  0.1040000000	  0.9580575027	722.8128793610
  0.1014000000	  0.9952460876	702.1197783413
  0.1063000000	  1.0252531784	694.2060276454
  0.1001000000	  0.9756686490	646.2548762100
  0.1003000000	  1.0799650924	699.7501775719
  0.0973000000	  1.0237942484	723.1333113422
  0.0860000000	  0.7937091481	677.8393456243
  0.0971000000	  0.9841665641	678.9984138454
  0.1075000000	  1.1891624147	713.5431696555
  0.1035000000	  1.1166495154	740.3879901811
  0.0994000000	  0.9479994269	680.5496454837
  0.0961000000	  1.1308589112	700.9162937990
  0.1024000000	  1.0624031397	775.2146607825
  0.0976000000	  1.1063629464	707.1650187022
  0.1000000000	  0.9804260018	729.8367002494
  0.0945000000	  0.9235591706	668.9603275036
  0.0960000000	  0.9728963740	696.3962566246
  0.1045000000	  1.0082846129	719.1181303487
  0.0935000000	  1.0178690212	728.8343001637
  0.0997000000	  0.9922204489	656.4255047463
  0.0986000000	  1.0497066226	722.2750145807
  0.1221000000	  1.3965884725	757.8040013452
  0.1005000000	  1.0114308566	699.9033606878
  0.0982000000	  0.9006685015	725.3939630221
  0.0966000000	  1.0505701511	701.9210580561
  0.1038000000	  1.1314225226	725.0093092397
  0.0904000000	  0.8881822185	699.7514884886
  0.1023000000	  1.1204825019	712.3513055377
  0.0914000000	  0.8978369916	656.9574503362
  0.1005000000	  1.0468993075	690.4126512987
  0.1037000000	  1.0605917252	728.4536978317
  0.0971000000	  0.9760054008	711.5007640564
  0.1055000000	  1.0907627359	710.2037632456
  0.0950000000	  1.1046613170	724.8219246946
  0.1010000000	  1.1544065565	783.2227484879
  0.0926000000	  0.8587238439	709.7106324639
  0.1118000000	  1.1985079176	695.2706920851
  0.1109000000	  1.1710355077	757.8214536232
  0.1020000000	  1.0487476943	689.0772456289
  0.0997000000	  1.0535883514	736.2268800686
  0.0987000000	  1.0047425456	707.1126951020
  0.1089000000	  1.1550555250	704.5860637514
  0.0957000000	  0.8881568000	703.5724220098
  0.1083000000	  1.0671850029	732.3150755220
  0.1040000000	  1.2281646560	686.9704688298
  0.1037000000	  1.1296241589	701.6422380504
  0.1014000000	  1.0562198178	703.9993776645
  0.1118000000	  1.1844442414	699.2374062772
  0.0900000000	  0.7402205990	690.5729920763
  0.1020000000	  1.1077730014	704.8995328538
  0.0971000000	  1.0387357791	668.6327970183
  0.0992000000	  0.9951622316	663.5587964644
  0.0953000000	  1.0466386744	668.3611811949
  0.0966000000	  1.0997947876	731.4050448854
  0.1015000000	  0.9985172184	681.5371728729
  0.0906000000	  0.8613427069	733.1094447273
  0.1078000000	  1.1808172616	721.9353753064
  0.1083000000	  1.0640047247	709.1607575837
  0.0968000000	  0.9606303639	703.6018717734
  0.1086000000	  1.2630099307	714.0484332130
  0.1088000000	  1.2440910164	721.7374242782
  0.1008000000	  0.9812180715	694.6751071972
  0.1014000000	  1.0926410473	701.3383344514
  0.0981000000	  1.0358593720	655.2675604153
  0.1008000000	  1.0801961265	700.4074874148
  0.0993000000	  1.0843174288	740.2993520500
  0.1032000000	  1.1056090624	712.7265032251
  0.1011000000	  0.9335738719	707.7702053676
  0.0988000000	  0.9711527603	689.2914840598
  0.0988000000	  1.0153533993	708.9730481173
  0.1059000000	  1.0669969393	746.1039807072
  0.0965000000	  0.9734048995	721.8518467526
  0.1040000000	  1.0123038824	675.5597104706
  0.0929000000	  0.9620138335	666.8813699552
  0.0954000000	  0.8698062055	701.5426169619
  0.0993000000	  0.9984441057	689.1725092860
  0.1029000000	  1.1136487562	712.4553160970
  0.1030000000	  1.0751816970	702.3312485531
  0.1025000000	  1.0618137988	672.9995744569
  0.0981000000	  1.1135821036	682.7994197896
  0.1032000000	  1.0677342419	685.8027585333
  0.1107000000	  1.1868331058	721.1746956267
  0.1081000000	  1.0632165445	693.8517320133
  0.0991000000	  0.9546646285	692.1126945910
  0.0936000000	  0.9106347250	661.1536309480
  0.1041000000	  1.0842227964	738.2580311429
  0.1098000000	  1.1943717926	761.4770220362
  0.1001000000	  1.1001655228	672.2327718368
  0.0912000000	  0.9271826911	695.6405179463
  0.0995000000	  0.9448450760	726.0638105262
  0.1051000000	  1.1410491672	729.1821946255
  0.0959000000	  0.9057533638	644.7252148049
  0.0944000000	  1.0199579646	680.8216229197
  0.1061000000	  1.3348439130	787.8857658923
  0.1070000000	  1.1989873863	744.5340318834
  0.1028000000	  0.9315820699	739.5812325107
  0.0934000000	  0.9676987711	700.4649638246
  0.1116000000	  1.2486804034	757.8253520076
  0.0883000000	  0.8006258913	687.9272943607
  0.1011000000	  1.0181139724	700.2287302949
  0.0956000000	  1.0403755549	714.5480478863
  0.1102000000	  1.2017097510	693.3242475046
  0.1053000000	  1.1148457376	735.0062577070
  0.1091000000	  1.0665588602	745.4608981435
  0.0982000000	  1.1481282505	670.7574076106
  0.0932000000	  0.8834499914	661.2871634305
  0.1023000000	  1.1591489725	665.2757933605
  0.0970000000	  1.0520561401	661.6837653337
  0.0986000000	  0.9409475701	696.6195342663
  0.1041000000	  1.2710603961	727.2026365997
  0.0973000000	  1.0050623816	702.4605500085
  0.0972000000	  1.0300477350	678.8473568666
  0.1104000000	  1.2802065347	721.7217283786
  0.0915000000	  0.8992843426	699.4622633006
  0.0987000000	  0.9699759609	687.1997644743
  0.0916000000	  0.9395645893	664.7397360745
  0.0999000000	  1.0235653229	715.5642226781
  0.1056000000	  1.1038797453	709.1252192213
  0.1059000000	  1.1002753034	730.4046107502
  0.1015000000	  1.0508972777	695.6017331336
  0.1013000000	  1.0273811121	683.9597113557
  0.1012000000	  1.0339911598	762.4116651806
  0.0925000000	  0.9591138737	657.6570090952
  0.0985000000	  1.1073433004	671.6139086478
  0.1030000000	  1.0793103869	688.4373227187
  0.0951000000	  0.9733443764	659.5797391698
  0.0977000000	  1.0706232078	717.9379754106
  0.0934000000	  0.8930386771	677.3841513459
  0.0892000000	  0.9213687064	644.2514816874
  0.0910000000	  0.9098305949	701.3787704817
  0.1099000000	  1.2087808217	742.5766458900
  0.0973000000	  1.0071959185	699.2686160824
  0.0888000000	  0.8491244591	634.0021404179
  0.1117000000	  1.1661935983	712.0823839580
  0.1022000000	  1.0395548514	715.7893434828
  0.1111000000	  1.0820738374	704.7976017234
  0.0880000000	  0.9242227627	680.4084742405
  0.1090000000	  1.1704064362	747.5597243103
  0.0964000000	  0.9633629933	673.9182834887
  0.1036000000	  1.1589951769	707.8894927707
  0.1113000000	  1.2247781147	692.0518753494
  0.1054000000	  1.0714584974	711.8721343154
  0.1025000000	  1.0671193921	635.9848266157
  0.0932000000	  1.0077065377	717.7813977285
  0.1086000000	  1.0688529117	699.7415938437
  0.1038000000	  1.1295350672	716.6349261663
  0.0935000000	  0.9435160693	676.7567557510
  0.1078000000	  1.1471447254	723.3561739830
  0.0920000000	  0.9360408122	678.8951319086
  0.1023000000	  1.0985024354	756.5196191691
  0.1102000000	  1.1552587302	734.0391104291
  0.0996000000	  1.0834102048	702.2910868331
  0.1040000000	  1.0869592481	711.7344407389
  0.0984000000	  1.0006233329	691.3089143134
  0.0991000000	  0.9933145016	679.8398550118
  0.0933000000	  0.9010068921	675.2951703253
  0.0963000000	  1.0185239841	723.2913148978
  0.0855000000	  0.9112639286	671.9487482030
  0.0930000000	  0.9023791512	650.4190956273
  0.1031000000	  1.1174932481	717.7716153709
  0.0888000000	  0.9081817628	672.3592517785
  0.1050000000	  1.2396395221	726.1585358965
  0.1080000000	  1.1759390275	719.3830099865
  0.0976000000	  1.1833074075	687.0693692542
  0.1066000000	  1.2022342329	718.2747685516
  0.1020000000	  1.1465938098	727.6564711626
  0.0945000000	  0.9793552878	656.7674135882
  0.1011000000	  1.1134592347	717.0728960606
  0.0993000000	  1.0695941596	672.9377829094
  0.1001000000	  1.0887520929	732.8299131040
  0.0903000000	  0.9212171121	646.5304760215
  0.1002000000	  1.1669224730	683.7565464928
  0.0956000000	  1.0288515259	691.3948723447
  0.0929000000	  0.9283051453	698.5410610896
  0.1024000000	  1.0017468561	720.8705067175
  0.0934000000	  0.9298624095	676.6141208931
  0.0869000000	  0.8531636868	678.2820794898
  0.1065000000	  1.1211258509	706.5784975523
  0.1091000000	  1.2036638918	685.5341659587
  0.1166000000	  1.3207127195	759.9758382733
  0.1072000000	  1.2950090046	722.2695499410
  0.0984000000	  1.0521265981	696.6828032944
  0.0951000000	  1.1171680736	686.8414601759
  0.0960000000	  0.9323414159	671.1181360502
  0.0902000000	  0.8709543957	656.0800309002
  0.0995000000	  0.9851656365	734.6924090753
  0.1035000000	  1.0028740396	700.2135052406
  0.1020000000	  1.0686825657	687.2335367120
  0.1046000000	  1.1848444761	765.0914142815
  0.0903000000	  0.7797134742	671.4154649939
  0.1005000000	  0.9494771475	662.4310695100
  0.0983000000	  1.0509993247	726.8141298622
  0.1053000000	  1.1518052937	723.6459843413
  0.1064000000	  1.1014364892	773.0620385728
  0.0944000000	  0.9735739247	719.6091025360
  0.1033000000	  1.1038056837	674.7363885375
  0.0995000000	  0.9944543920	661.3895708032
  0.1093000000	  1.1924706207	718.7988347369
  0.1064000000	  1.0527325912	721.4577758757
  0.0975000000	  0.8840231717	658.3351821235
  0.0852000000	  0.8474539162	685.1599215304
  0.1054000000	  1.1811206798	720.9345465560
  0.1027000000	  1.0106933484	723.3550290380
  0.1065000000	  1.1114466134	703.8657004765
  0.1041000000	  1.1090985086	709.6419419297
  0.1183000000	  1.2487900778	749.3062019421
  0.1074000000	  1.0992995702	741.5161860097
  0.1061000000	  1.1546465681	708.6460125304
  0.0941000000	  0.9594779734	704.5336186925
  0.1050000000	  1.2381770420	688.0818075597
  0.0932000000	  1.0493162470	683.9557435729
  0.1014000000	  1.0783344781	713.4715051042
  0.0900000000	  0.7941448415	655.5646592902
  0.1093000000	  1.0868365457	660.2390624203
  0.0910000000	  1.0175458694	692.8382551606
  0.1026000000	  1.0993265324	708.3767290838
  0.1045000000	  1.1712133099	747.5094444475
  0.1058000000	  1.0840439006	651.8437328660
  0.0970000000	  0.9182990204	677.8019635225
  0.1052000000	  0.9666897498	683.5271388243
  0.0895000000	  0.9034044905	663.8540998248
  0.0945000000	  0.9003132288	694.3396872384
  0.0918000000	  0.9571613095	690.9645022415
  0.1020000000	  1.0878584828	662.0442626598
  0.0973000000	  0.9834479283	739.5633093471
  0.1120000000	  1.1584549313	671.7090842173
  0.0985000000	  1.0341007045	702.8898351811
  0.1039000000	  1.0437769846	677.9263883640
  0.1000000000	  1.0721921637	682.7681671982
  0.1001000000	  1.0547763725	704.3047512186
  0.0972000000	  1.0194241318	678.9792845027
  0.1028000000	  0.9499486019	697.9064395737
  0.1048000000	  1.0632644000	700.1317418552
  0.1010000000	  1.0957401754	697.6548744002
  0.0956000000	  0.9516342321	708.0211700614
  0.0967000000	  0.9959741630	686.2655825837
  0.1034000000	  1.2011369881	724.8413064255
  0.1168000000	  1.3038450333	733.1088512172
  0.0946000000	  0.9854909714	666.6497276904
  0.1084000000	  1.1501327814	739.4415408997
  0.0987000000	  1.0330935466	734.7152653282
  0.1019000000	  1.0954269131	718.8182853270
  0.1039000000	  1.0966616247	743.7966535849
  0.0900000000	  0.9131238154	690.5799645432
  0.0994000000	  1.0328004791	664.2748944265
  0.1091000000	  1.0650103368	714.8337612087
  0.0910000000	  0.9799640746	678.4747540039
  0.1064000000	  1.1860861888	690.8765500224
  0.1056000000	  1.1275179987	736.7569254827
  0.1019000000	  1.0941522912	708.5447200068
  0.1012000000	  1.0779313348	693.6777906047
  0.0895000000	  0.9665066706	676.0217869368
  0.1075000000	  1.2071662087	709.2061774890
  0.0961000000	  1.0487637316	740.8937963032
  0.1018000000	  1.0737754956	718.9443380285
  0.1034000000	  1.0212004660	741.1232418431
  0.0995000000	  0.9295690735	679.4241531027
  0.1055000000	  1.0500583184	722.9490215165
  0.0997000000	  1.0327026464	708.6609620899
  0.1105000000	  1.1743938831	770.1417602684
  0.0942000000	  1.0340946486	703.7621292638
  0.0995000000	  1.0552710220	723.7192831943
  0.0943000000	  0.9482752978	674.5328713480
  0.1051000000	  1.0548398387	730.2169382332
  0.1046000000	  1.0768202572	724.4587117470
  0.0954000000	  0.9323517860	670.0884857294
  0.1031000000	  1.0697778426	684.8898954030
  0.1001000000	  1.0014397080	760.2205685762
  0.1136000000	  1.2775701483	731.5679046689
  0.1057000000	  1.1757392200	719.6273065324
  0.1029000000	  1.0443108602	690.3779013510
  0.0914000000	  0.8674089379	684.1978835607
  0.1005000000	  1.0910044149	735.7314533435
  0.1109000000	  1.1181350426	677.2392498902
  0.1031000000	  0.9659567701	670.4340251560
  0.1025000000	  1.0537460255	720.1031252520
  0.1133000000	  1.2576193331	737.6095166282
  0.1096000000	  1.0653678460	687.2107279482
  0.0968000000	  0.9197831490	670.5166585714
  0.0994000000	  1.0271495036	704.8106495995
  0.0865000000	  0.8468453376	663.1769878458
  0.1074000000	  1.1985901487	736.5086955656
  0.1075000000	  1.0387378046	703.0708571403
  0.1021000000	  1.0024570576	739.4143937853
  0.0949000000	  0.9787328100	689.3808741008
  0.1071000000	  1.1499268400	705.7247571811
  0.0997000000	  1.1261791522	731.1543933941
  0.0856000000	  0.7777496066	677.1657367951
  0.1050000000	  1.1991224430	745.5006168688
  0.1042000000	  1.1792006490	708.6490957546
  0.1067000000	  1.2153205086	704.8735231762
  0.1015000000	  1.0188195409	725.0693975930
  0.0884000000	  0.8150900516	677.3912368775
  0.1035000000	  1.1122124919	654.2825611602
  0.1115000000	  1.2562505639	745.6803223501
  0.1167000000	  1.3201559895	817.5178832001
  0.1049000000	  1.1579026424	674.7609630318
  0.1036000000	  1.0191293721	706.0658912232
  0.0958000000	  1.0593157461	665.6153797285
  0.0934000000	  0.9598453980	658.1072855346
  0.1103000000	  1.2998358960	756.7684794742
  0.0994000000	  1.1223781742	682.7509752057
  0.1113000000	  1.0431121726	725.1465492453
  0.1178000000	  1.2460220680	706.3556948223
  0.0936000000	  0.9678278913	724.7224340469
  0.1019000000	  1.0185044289	742.8478902592
  0.1090000000	  1.0897174999	708.9473997877
  0.0918000000	  0.8788395534	642.9122897308
  0.0999000000	  0.9515462683	682.4647114273
  0.0931000000	  0.8379865351	679.8800538217
  0.0835000000	  0.8559963548	636.7668279572
  0.1130000000	  1.2844198945	728.9637577188
  0.1001000000	  1.0723235028	705.3326261855
  0.0985000000	  1.0171619801	643.9040389816
  0.0924000000	  0.9358344323	622.4938790922
  0.1002000000	  1.0391403981	722.4278444055
  0.1082000000	  1.2886169139	751.9946949288
  0.1002000000	  1.1719900971	697.7796042865
  0.0965000000	  0.9408349370	655.2814299101
  0.1018000000	  1.1386169494	726.7795393906
  0.1034000000	  1.2421357216	689.1790078435
  0.0831000000	  0.7496044021	682.8123016390
  0.0965000000	  0.9837058769	693.8589240281
  0.1073000000	  1.1501422788	737.1843121970
  0.0934000000	  0.9921616510	677.7639165406
  0.1089000000	  1.0934437457	706.0695524998
  0.1030000000	  1.0530621476	719.0872660629
  0.0972000000	  0.8729342498	671.9815659870
  0.0966000000	  1.0049069688	714.6985317051
  0.1027000000	  1.0642666612	709.2108330313
  0.1042000000	  1.0908172761	737.3236209647
  0.0946000000	  1.0118544865	719.0014995771
  0.1054000000	  1.0255463855	708.8985768076
  0.1168000000	  1.2266136085	732.8662022610
  0.0958000000	  1.0644751948	659.0742704258
  0.0999000000	  0.9785638947	707.3158331024
  0.1123000000	  1.1892795364	718.8140133734
  0.1043000000	  1.0724544049	705.2988295224
  0.1050000000	  1.0542170708	676.0883779061
  0.0951000000	  0.8896603936	664.7296561423
  0.0935000000	  0.9069277029	680.9924023238
  0.1080000000	  1.1461349703	739.0942759681
  0.0934000000	  0.8734898253	648.0851932158
  0.0970000000	  0.9149244783	666.0060953234
  0.0983000000	  1.0433285425	708.0918397266
  0.1151000000	  1.2025705904	831.7521880773
  0.1102000000	  0.9954267159	711.0148026556
  0.1013000000	  1.0001835164	695.5483087885
  0.0928000000	  0.9473285960	673.5340034540
  0.0935000000	  0.9415596452	657.5032035302
  0.0953000000	  1.0663509261	704.4788404918
  0.1069000000	  1.0811341640	699.4922438428
  0.0876000000	  0.8678444403	646.5712497377
  0.1165000000	  1.2004340181	686.0206735487
  0.1044000000	  1.1567996499	681.3466506787
  0.1024000000	  1.1390685629	702.4477576681
  0.0999000000	  0.9735895469	725.1597537991
  0.1145000000	  1.2699635223	746.3497721918
  0.1013000000	  0.9772882880	689.5103126672
  0.0926000000	  0.8118437767	698.2443027624
  0.1018000000	  1.1251283211	713.5181348972
  0.1033000000	  1.0553671522	747.0560145906
  0.0936000000	  0.9413079286	686.1784822085
  0.0993000000	  1.0000467167	705.2550188499
  0.1013000000	  0.9831207960	684.6545509039
  0.0972000000	  0.9651821034	655.9212176204
  0.1011000000	  1.0325025878	706.2143706561
  0.0944000000	  0.9561902562	709.7184383347
  0.1020000000	  0.9536156230	743.5387899864
  0.1174000000	  1.3230106680	739.8450595434
  0.1079000000	  1.2010662959	720.8833399598
  0.1010000000	  0.9468868121	717.4443641510
  0.1185000000	  1.3154230902	800.2814014073
  0.1053000000	  1.1025813330	682.0895789750
  0.1128000000	  1.2375685481	761.3854943510
  0.0934000000	  0.8839219994	695.0339142020
  0.0970000000	  1.0473277201	734.4657709342
  0.1047000000	  1.1297905863	718.3845723829
  0.0947000000	  0.9722283053	715.1805931879
  0.0977000000	  0.8953517573	680.4592987735
  0.0980000000	  0.9127337836	732.2179345577
  0.1083000000	  1.1825382644	717.4158444053
  0.1005000000	  0.9676387372	689.8541837964
  0.1029000000	  1.0195689290	654.5612298712
  0.0938000000	  1.0207000804	681.5000870254
  0.1023000000	  1.0119172464	688.7563085391
  0.0987000000	  0.8997630870	705.3941037133
  0.0995000000	  0.9750813528	701.1660253212
  0.0858000000	  0.7606506335	674.9629874754
  0.0907000000	  0.8868954863	686.0608202154
  0.1028000000	  1.0675920417	701.8704021462
  0.1004000000	  1.0308362804	679.7499765721
  0.1055000000	  1.0811525540	720.8486579163
  0.1007000000	  1.0392635195	702.5894323732
  0.0937000000	  0.8938696438	684.2080373919
  0.1062000000	  1.2099279988	719.2436936733
  0.1004000000	  1.0646411646	700.6355962678
  0.1119000000	  1.2141545877	741.3196009373
  0.0957000000	  0.9934596968	650.3889566487
  0.1041000000	  1.0710936565	690.7183329187
  0.0965000000	  0.9627762669	668.2605905156
  0.0935000000	  0.9621087531	722.7667297734
  0.0869000000	  0.8982120179	642.1421007063
  0.1022000000	  1.1223778586	717.8634927058
  0.0926000000	  1.0198427549	684.5320588928
  0.0940000000	  0.9310815545	678.8286074139
  0.0938000000	  0.8618296179	637.5480235316
  0.0829000000	  0.7643719338	666.9636814785
  0.1041000000	  1.0831820625	718.6215677302
  0.1068000000	  1.2079888307	680.0414318902
  0.0964000000	  1.0722797774	727.7576963121
  0.0969000000	  1.0195501112	691.1535782990
  0.1157000000	  1.2847083038	779.2664535688
  0.1020000000	  0.9980715323	751.4143582799
  0.0974000000	  1.0627627861	710.9209672862
  0.0913000000	  0.8628094614	664.0566085806
  0.0967000000	  0.9295368264	670.5287900079
  0.1037000000	  1.0473467338	678.6418794041
  0.1003000000	  0.9108275919	730.4546908788
  0.1018000000	  1.1456761144	716.3577718279
  0.0931000000	  0.8283678641	696.4233294907
  0.1014000000	  1.1613407300	670.1438803290
  0.1092000000	  1.1378719768	700.6341681599
  0.0903000000	  0.9031307100	658.1938703166
  0.1069000000	  1.1131863670	703.7551884827
  0.0906000000	  0.8440416048	651.4968165635
  0.1014000000	  0.9786767273	684.6446921730
  0.0986000000	  1.0160140298	662.1729421792
  0.1053000000	  1.1345502734	764.9370773212
  0.0914000000	  0.9749075983	699.8772229865
  0.0904000000	  0.8778531845	690.8337348353
  0.1098000000	  1.1094580272	697.8202788528
  0.1030000000	  1.0663508809	701.1942957500
  0.0958000000	  0.9815419035	684.9191793891
  0.0988000000	  1.0643396586	670.0488256152
  0.1005000000	  1.0468116794	757.3597225873
  0.0913000000	  0.8151646554	666.3970053528
  0.1003000000	  1.1755336726	713.4075081696
  0.1086000000	  1.2705166431	751.3020052213
  0.1089000000	  1.0513650357	690.7906827833
  0.1098000000	  1.0377440994	729.1607837823
  0.1098000000	  1.1258880009	693.5354945751
  0.1039000000	  1.1275620098	725.7367482995
  0.0845000000	  0.8357874230	632.4696819250
  0.1056000000	  1.1508763777	685.5797409031
  0.1046000000	  1.0996243419	746.8929030438
  0.1079000000	  1.0819502144	686.6676425580
  0.0923000000	  0.9496341686	675.5623981360
  0.0949000000	  0.9703977639	645.2187149541
  0.1065000000	  1.1383163645	694.7119606378
  0.0929000000	  0.9231003994	712.0527471376
  0.1096000000	  1.1722481308	713.0253527465
  0.1165000000	  1.2488409531	698.2357147011
  0.0946000000	  1.0359609242	658.2469035503
  0.1035000000	  1.0094270135	719.3413412503
  0.0986000000	  0.8652151896	675.2390470740
  0.0932000000	  0.9763366995	710.4574766663
  0.0992000000	  1.0484431356	712.1640214502
  0.0967000000	  1.0438418642	706.2008320523
  0.0977000000	  1.0279039388	694.3387296707
  0.0924000000	  1.0043253671	692.4394377229
  0.0941000000	  0.9750851552	666.2614751461
  0.0997000000	  1.1272890831	694.0494775650
  0.1069000000	  1.1640696187	688.4905189125
  0.0896000000	  0.8994613147	721.1612888801
  0.0912000000	  0.9092028233	676.1269239873
  0.0920000000	  0.9400521358	691.1182396281
  0.0831000000	  0.8183975730	645.2213349459
  0.1110000000	  1.1775849308	735.4448261082
  0.0986000000	  1.0188808737	712.4034503008
  0.0892000000	  0.8538733138	723.9569198924
  0.1064000000	  1.1882208072	717.2347365376
  0.1042000000	  1.0776199053	670.2431712331
  0.0974000000	  0.8847390995	653.1717098227
  0.0930000000	  0.9954835232	728.6435698360
  0.1032000000	  0.9861672283	703.2975817914
  0.0936000000	  1.0022279122	638.0810604506
  0.1016000000	  0.9635967012	683.2550420488
  0.1046000000	  1.0917171532	729.4052832867
  0.0840000000	  0.9304195221	668.5166726361
  0.0957000000	  0.9666934756	720.3863733617
  0.0956000000	  0.9661102146	685.7834780604
  0.1023000000	  1.0233479740	670.9892710389
  0.1011000000	  1.1729286551	701.9915106881
  0.1019000000	  1.0043736414	744.5427191336
  0.0863000000	  0.8630453357	698.5943054779
  0.0940000000	  0.9023556689	696.8893115814
  0.0995000000	  1.0540250206	688.7645024795
  0.1109000000	  1.1624610657	741.8570044158
  0.0955000000	  0.9731538153	678.4276920568
  0.0928000000	  0.8718705140	678.3570069999
  0.0895000000	  0.8696000324	668.3911354119
  0.0956000000	  0.9145893592	696.2760904484
  0.0962000000	  0.9758124336	708.3588511360
  0.0993000000	  1.0674804348	703.6237176781
  0.0942000000	  0.9608846320	662.1508317858
  0.1072000000	  1.2370496240	741.5232519521
  0.1112000000	  1.2089301602	731.2075769932
  0.1069000000	  1.3117763673	728.8985246863
  0.1030000000	  1.0843454341	729.1526819146
  0.0973000000	  1.0398299555	718.2249404770
  0.1039000000	  1.0797966614	731.3975846138
  0.1044000000	  1.0883112370	686.3298990326
  0.1020000000	  1.0510704236	737.0601825609
  0.1077000000	  1.0808399367	750.2640400522
  0.0985000000	  0.9960650359	697.9896995109
  0.0932000000	  1.0487923809	735.3439053415
  0.1043000000	  1.1921422142	737.0431461463
  0.0964000000	  1.0138790985	714.9945915178
  0.1056000000	  1.1895213894	744.0315118100
  0.0919000000	  0.9452470383	680.9767195447
  0.1070000000	  1.1440696757	718.3493981049
  0.0944000000	  0.9350475092	650.1929183364
  0.0880000000	  0.9246040941	684.6992967694
  0.1057000000	  1.1766867673	716.2081555888
  0.1001000000	  1.0643193135	694.9420508773
  0.0978000000	  1.0026184059	656.4070633159
  0.1118000000	  1.2216993391	733.0775058935
  0.0904000000	  1.0221849674	672.9682569900
  0.0959000000	  1.0978757817	654.0626324087
  0.1034000000	  1.0723550328	722.2813190049
  0.1042000000	  0.9684499884	661.9268390091
  0.0930000000	  0.8985352569	696.4606690730
  0.1025000000	  1.1150714018	658.6623217868
  0.1021000000	  1.0912398651	683.2064124319
  0.1018000000	  1.0677932515	665.5370278952
  0.1088000000	  1.0505422206	712.5664143055
  0.0973000000	  0.9130317187	725.5080213924
  0.1011000000	  0.9525626296	720.3526558075
  0.0955000000	  0.9453465992	678.2189387089
  0.1045000000	  1.1092084796	707.4662111493
  0.1005000000	  0.9908920416	703.5483010620
  0.0977000000	  1.0018776670	688.6129612990
  0.1044000000	  1.0092276415	708.8495399784
  0.0941000000	  0.9745902922	656.0338927842
  0.0996000000	  0.9432678555	689.0280913298
  0.1083000000	  1.1195822576	746.9214258385
  0.1110000000	  1.1237424286	726.5157978634
  0.1101000000	  1.2451500498	725.7108746169
  0.1097000000	  1.0679574087	718.5133516310
  0.0956000000	  1.0519630757	687.6368723047
  0.0974000000	  0.9770002044	656.5001380405
  0.1008000000	  1.0193435119	726.5333046519
  0.1031000000	  1.0434405469	725.7069519906
  0.1109000000	  1.1531668354	693.7117265602
  0.0986000000	  0.9769632427	689.8762481293
  0.1070000000	  1.2179767908	695.5416474799
  0.0910000000	  0.8109225936	643.2840895244
  0.0993000000	  1.0377460434	672.6818229470
  0.1108000000	  1.1015164019	735.1368102957
  0.0990000000	  0.9051118488	668.5329686077
  0.1052000000	  1.1173011043	730.6692372549
  0.0836000000	  0.7743404660	653.2117201027
  0.1130000000	  1.1601629761	710.4253846653
  0.0972000000	  1.1371057698	719.8551831346
  0.0988000000	  0.9651834332	673.9156899284
  0.1070000000	  1.1684659561	716.7391029266
  0.0877000000	  0.8883215353	706.6860105204
  0.1007000000	  0.9166312782	683.4328433917
  0.0957000000	  0.9918507736	683.2142315488
  0.1021000000	  1.1358633884	672.4849748724
  0.0920000000	  0.9683489396	717.3239817568
  0.0869000000	  0.8834801163	681.3427400414
  0.1002000000	  1.1428031179	699.0070893407
  0.1087000000	  1.1478711140	659.2408661460
  0.0937000000	  1.0261369928	715.7514395097
  0.0916000000	  0.8697579190	704.1621308212
  0.0962000000	  1.0734130991	738.1669702122
  0.1032000000	  1.0534458084	680.6508701556
  0.0976000000	  1.1360106416	658.3439956592
  0.0991000000	  1.1551789677	693.4608642736
  0.1071000000	  1.1568856436	728.0170509934
  0.0862000000	  0.7727555675	687.8864311244
  0.0960000000	  0.9831653857	719.2011727657
  0.0959000000	  1.1005760412	639.8736292422
  0.1031000000	  1.1821809344	676.2743093428
  0.0978000000	  0.9676299219	696.3701029118
  0.0929000000	  1.0035956097	676.6306648763
  0.0976000000	  0.9287273702	694.1261244683
  0.1001000000	  1.0691558729	738.9218918760
  0.0980000000	  1.0332618721	653.3126032687
  0.1096000000	  1.1161007010	730.6040834415
  0.1013000000	  1.1282343929	678.7760783648
  0.0948000000	  0.9796835938	665.4390414830
  0.0996000000	  1.0717824028	708.9726451476
  0.0972000000	  0.9506893767	699.7464484731
  0.0978000000	  0.9803726754	724.7189701318
  0.0939000000	  0.9243760293	695.2026210171
  0.1051000000	  1.1059065605	771.9205022994
  0.0969000000	  0.9327009922	693.2639291462
  0.1029000000	  1.1067219907	690.5214183813
  0.1078000000	  1.1207817734	721.5772775530
  0.0982000000	  1.0814344053	719.6614001104
  0.1024000000	  0.8972624151	679.7994540170
  0.1036000000	  1.0578271728	709.2741936215
  0.0935000000	  0.9635629609	677.1807651893
  0.1082000000	  1.1573849899	683.8453547013
  0.1037000000	  1.0525942301	690.2706268691
  0.1107000000	  1.1088820408	748.7026816573
  0.1066000000	  1.0710993280	664.8496473600
  0.0982000000	  1.0223092946	643.1972718025
  0.1009000000	  0.9614432589	653.8396482017
  0.0931000000	  0.9396950319	701.7015006675
  0.0896000000	  0.8578369649	684.7770120442
  0.0924000000	  0.9173738370	713.4191576878
  0.1006000000	  0.9134898108	711.3804566393
  0.0904000000	  0.9010115492	671.6832984932
  0.0951000000	  0.8561395205	698.5068027633
  0.1066000000	  1.0990708726	734.3324562725
  0.0920000000	  0.9689391241	697.3868051812
  0.0934000000	  0.8598882755	678.1643524742
  0.0974000000	  1.0631866405	708.1419054582
  0.1017000000	  0.9937294690	685.2605330158
  0.1009000000	  1.0840914876	706.6174936615
  0.1008000000	  1.0402978440	648.7386678033
  0.1041000000	  1.0137976433	714.4474883957
  0.1120000000	  1.2679035503	740.1064717648
  0.1003000000	  1.1246207341	665.9284712423
  0.0898000000	  0.9042826790	660.9130700987
  0.0989000000	  0.9426270563	671.2820316616
  0.0944000000	  1.0044556697	677.6562372430
  0.0966000000	  1.0065783066	695.0867444005
  0.1038000000	  1.0582209402	688.1697131326
  0.0899000000	  0.9076746714	695.6517679818
  0.1097000000	  1.2087029802	698.8896304542
  0.1010000000	  1.0519054640	702.9036680116
  0.1111000000	  1.2389972708	716.7075397956
  0.1010000000	  1.0320615633	699.5835464750
  0.1102000000	  1.1235691782	714.9299785372
  0.1075000000	  1.2349010583	732.1649711608
  0.0922000000	  0.9287883424	649.0600296372
  0.1033000000	  1.0571800902	712.7783684669
  0.1097000000	  1.0965913725	736.7925506673
  0.0952000000	  0.9121387733	662.3660555976
  0.1063000000	  1.0833207972	691.6853274362
  0.1068000000	  1.0918358680	707.4326655087
  0.0983000000	  1.0067971765	682.6395033970
  0.0934000000	  0.9956237790	735.9410730492
  0.1120000000	  1.2633907881	739.2269918771
  0.1041000000	  1.1234022517	754.2355239730
  0.0956000000	  0.9604205260	715.2374432610
  0.0984000000	  0.9740037981	656.5926212573
  0.1010000000	  1.0972796604	705.0514482205
  0.0972000000	  1.1029971290	731.9104313706
  0.0926000000	  0.9603360652	664.8082720963
  0.1001000000	  1.0257333726	712.3332799474
  0.1004000000	  1.1041357108	686.5531750734
  0.1051000000	  1.1099628240	732.6576763979
  0.0939000000	  0.9409596312	735.7330637807
  0.1022000000	  1.0240642957	681.9854314329
  0.1163000000	  1.1937175975	738.0059655652
  0.0926000000	  0.9515982476	705.3070767279
  0.1066000000	  1.1208268843	744.7407408974
  0.0942000000	  0.9403846822	706.2121662675
  0.1022000000	  1.1322831640	700.0502339353
  0.1216000000	  1.2654985677	768.7611290631
  0.1059000000	  1.0637486678	735.5007354910
  0.0892000000	  1.0174057774	673.2568931822
  0.1022000000	  1.0835822016	695.6337824482
  0.1086000000	  1.1833208429	718.1464782998
  0.0924000000	  1.0069339153	710.9848755909
  0.1022000000	  1.0611879360	692.1262079444
  0.1001000000	  1.1176895348	686.4908504393
  0.1021000000	  1.0759819865	705.3283444691
  0.1037000000	  1.0663524887	727.0867548285
  0.0963000000	  1.0350807022	691.5695981474
  0.0963000000	  1.0370934370	707.4578073991
  0.1046000000	  1.0722739653	707.1190120899
  0.1012000000	  1.0568562440	686.8571598371
  0.0927000000	  0.9439827021	712.0772147887
  0.1010000000	  1.0068857804	715.7322222870
  0.1076000000	  1.1206767248	694.3898565549
  0.1012000000	  0.9614838635	670.8579388536
  0.0991000000	  0.9964328640	729.5521787635
  0.1049000000	  0.9690213299	694.3918713650
  0.0921000000	  0.9776103481	668.3628550606
  0.0906000000	  0.8812804196	693.7448125307
  0.1033000000	  1.0703756022	703.5963651190
  0.1155000000	  1.2949309177	716.2233496555
  0.1037000000	  1.1886061817	718.0732510870
  0.1021000000	  1.0083391998	685.4670460617
  0.1051000000	  1.0859349819	682.3309721848
  0.0943000000	  0.9402330255	681.2312873285
  0.0967000000	  0.9707225959	704.6567138970
  0.1064000000	  0.9794746232	712.8039609287
  0.1074000000	  1.1952011241	707.7393372513
  0.1074000000	  1.1547402217	716.0854893245
  0.1016000000	  1.0906170248	670.3336377820
  0.0976000000	  1.0709121876	715.2557490421
  0.1009000000	  0.9706489458	689.6826799552
  0.1007000000	  1.0130219954	672.3350764758
  0.1006000000	  1.0787384657	718.0041441390
  0.1072000000	  1.1004941138	734.6377541892
  0.0977000000	  1.0968956215	697.3758761829
  0.0955000000	  0.9350513029	675.8079423534
  0.0987000000	  1.0534318551	690.2307174909
  0.1042000000	  1.0692693748	677.3487222845
  0.0904000000	  0.9062127310	711.0238033608
  0.1010000000	  1.1514533782	695.9647966749
  0.1020000000	  1.0259422009	726.5163704841
  0.1020000000	  1.1164492195	699.6322831129
  0.1049000000	  1.0588960855	708.3935701672
  0.1042000000	  1.0700457450	716.9267983963
  0.0970000000	  0.9366576567	666.3104530842
  0.1018000000	  0.9585952202	707.2512937894
  0.0990000000	  0.9292661328	699.5842724277
  0.1127000000	  1.1809535782	709.9358982404
  0.1013000000	  1.0297531140	703.5560360249
  0.1044000000	  1.1596172353	749.3744457251
  0.1016000000	  1.1324278812	718.2911759608
  0.1059000000	  1.0741164961	713.5214845598
  0.0956000000	  1.0410106315	679.9987828886
  0.0966000000	  0.9470985446	699.1501581598
  0.1074000000	  1.1286253513	636.0683505087
  0.0997000000	  0.9882784005	706.5101784714
  0.0882000000	  0.8137359242	639.8479055863
  0.0966000000	  1.0086376501	706.9608041853
  0.1072000000	  1.1557941048	680.9370157879
  0.1102000000	  1.1004716081	685.5039179480
  0.1095000000	  1.2031056101	718.9806079431
  0.1050000000	  1.0600040419	729.3274338543
  0.0946000000	  0.9229912388	695.7728947334
  0.1040000000	  1.1052847883	704.5101836096
  0.0996000000	  1.0543250033	712.1861260019
  0.1077000000	  1.1031808721	713.7926588822
  0.1065000000	  1.1262534457	724.0663954836
  0.0979000000	  0.9345938921	727.2769746326
  0.1069000000	  1.0868388543	680.8790169079
  0.0998000000	  1.0764376598	662.5258817343
  0.0947000000	  0.9262655229	654.3728076029
  0.0926000000	  1.0199910324	682.2554708362
  0.1120000000	  1.2364794120	716.6255921432
  0.1022000000	  1.1014210687	689.9540239342
  0.1038000000	  1.1127949609	731.6272253594
  0.0945000000	  0.8567014594	672.7546583775
  0.1061000000	  1.0484368948	693.3873262028
  0.1059000000	  1.1064864185	727.1234183655
  0.1046000000	  1.0398010375	730.5691638132
  0.0990000000	  0.9740641547	704.5322471428
  0.1040000000	  1.1268954329	726.4901428624
  0.0959000000	  0.9713579486	693.5049625173
  0.0967000000	  0.9929839093	705.0241216328
  0.1020000000	  0.9906016668	664.0108326641
  0.1031000000	  1.0369598897	684.6923825755
  0.0958000000	  0.8911045498	703.3036429496
  0.0970000000	  1.0122632335	719.3192827147
  0.0935000000	  0.9158657363	680.1388228360
  0.0944000000	  0.9378579295	711.2964010911
  0.1004000000	  0.9409805571	749.1589232726
  0.0962000000	  0.9451130944	760.3663521100
  0.0975000000	  1.0585049403	687.6557294403
  0.0986000000	  1.0131952109	649.5737754480
  0.0996000000	  0.9540179384	680.1084777720
  0.1027000000	  0.9088292135	656.7724173224
  0.1102000000	  1.2006847355	691.4761478221
  0.1019000000	  0.9911875447	683.1411994033
  0.0921000000	  0.9792562038	696.6350204064
  0.0989000000	  0.9570742369	681.2285121746
  0.1136000000	  1.1536518064	695.0959112590
  0.1010000000	  1.0526999565	695.1115178741
  0.0929000000	  1.0136559425	673.6817008413
  0.0874000000	  0.9435208093	701.4215950123
  0.1017000000	  1.0476170747	718.4370431605
  0.0981000000	  1.0143357256	691.1434148487
  0.0927000000	  0.8777235571	691.5387894670
  0.0948000000	  1.0566125811	675.4863437711
  0.1043000000	  1.1786536243	709.1705515436
  0.1068000000	  1.1772932956	715.7575275829
  0.1033000000	  1.1272449619	694.6703014718
  0.0916000000	  0.9723493010	685.4013755417
  0.1013000000	  1.0649108258	709.8868203049
  0.1081000000	  1.1355793259	689.6877813277
  0.1078000000	  1.1427449364	729.7206610262
  0.0995000000	  1.0772454862	735.2127589271
  0.1020000000	  1.1896073466	701.5692503957
  0.1027000000	  1.1580019496	702.7567032999
  0.0995000000	  1.0432714481	704.4252554356
  0.1045000000	  1.0224157322	686.4163209333
  0.1036000000	  1.0157792192	692.3643732706
  0.1055000000	  1.1358990780	729.1699239777
  0.0970000000	  0.9843795391	643.6575621295
  0.0944000000	  0.9878608513	710.7148025658
  0.1032000000	  1.0015431866	699.4742208868
  0.1025000000	  1.0495439000	657.3947099508
  0.0991000000	  0.9107876753	690.9357974886
  0.1123000000	  1.2670421277	709.4981357283
  0.0954000000	  0.9872274009	692.9466467697
  0.0996000000	  1.0870939860	687.1634587621
  0.0915000000	  0.9825443288	692.1871171646
  0.0964000000	  1.1317446316	685.7783443172
  0.1052000000	  1.0467352077	719.0754928390
  0.1026000000	  1.1302965748	712.2360399437
  0.0893000000	  0.9413600631	647.6471327348
