 -1.5668681054
 -1.5644472885
 -1.5627901021
 -1.5727643106
 -1.5616830102
 -1.5675274352
 -1.5623329306
 -1.5581071359
 -1.5604773231
 -1.5614628851
 -1.5634621219
 -1.5693327106
 -1.5689409129
 -1.5615541931
 -1.5635179229
 -1.5623641839
 -1.5719498020
 -1.5654435830
 -1.5623584267
 -1.5677558714
 -1.5614365105
 -1.5540921857
 -1.5653536779
 -1.5645116210
 -1.5588427539
 -1.5591254757
 -1.5626338472
 -1.5602555739
 -1.5590468545
 -1.5611505487
 -1.5587702708
 -1.5584735762
 -1.5683216162
 -1.5632766688
 -1.5645855734
 -1.5627462452
 -1.5622838993
 -1.5637001495
 -1.5625365137
 -1.5618739897
 -1.5551653198
 -1.5650176491
 -1.5546227232
 -1.5620256323
 -1.5650597852
 -1.5634065423
 -1.5659463357
 -1.5600783088
 -1.5632892982
 -1.5650857282
 -1.5631928870
 -1.5576811093
 -1.5627945582
 -1.5586581339
 -1.5521311897
 -1.5743819131
 -1.5516717046
 -1.5723839180
 -1.5693415031
 -1.5536201113
 -1.5642293659
 -1.5543005883
 -1.5595137096
 -1.5566115932
 -1.5703107249
 -1.5611980960
 -1.5710842854
 -1.5663310364
 -1.5612408848
 -1.5595319084
 -1.5641833671
 -1.5617742202
 -1.5635336622
 -1.5567278377
 -1.5607370669
 -1.5603125615
 -1.5633697515
 -1.5676515018
 -1.5669331734
 -1.5640102884
 -1.5714032369
 -1.5573763427
 -1.5623249287
 -1.5562873185
 -1.5620569615
 -1.5644804870
 -1.5573688796
 -1.5606084654
 -1.5623877954
 -1.5622773759
 -1.5616043414
 -1.5648011065
 -1.5619225735
 -1.5653453637
 -1.5620075843
 -1.5542553422
 -1.5604580864
 -1.5600402017
 -1.5642347512
 -1.5610835142
 -1.5636968811
 -1.5604402441
 -1.5642907207
 -1.5580945974
 -1.5578935149
 -1.5616209530
 -1.5600634761
 -1.5609883078
 -1.5524388564
 -1.5624021842
 -1.5718072263
 -1.5608598110
 -1.5673576470
 -1.5599067094
 -1.5638726580
 -1.5594128155
 -1.5661327390
 -1.5536396591
 -1.5639469786
 -1.5655354313
 -1.5647112982
 -1.5651197154
 -1.5596454147
 -1.5634118930
 -1.5612878041
 -1.5653372530
 -1.5696437068
 -1.5546655455
 -1.5628186875
 -1.5594321288
 -1.5604939859
 -1.5694242294
 -1.5643949869
 -1.5638756023
 -1.5601194295
 -1.5630498374
 -1.5636432969
 -1.5590143912
 -1.5594526001
 -1.5600453654
 -1.5618879039
 -1.5614427371
 -1.5646395851
 -1.5643072503
 -1.5621931502
 -1.5672885791
 -1.5625407073
 -1.5568992283
 -1.5601391271
 -1.5625107082
 -1.5601129282
 -1.5649521839
 -1.5544010152
 -1.5617379850
 -1.5636170111
 -1.5663701297
 -1.5696185102
 -1.5638353155
 -1.5709565766
 -1.5611537928
 -1.5600993530
 -1.5666504632
 -1.5585599543
 -1.5611675015
 -1.5605423851
 -1.5680050570
 -1.5675847175
 -1.5665399397
 -1.5626252068
 -1.5660963706
 -1.5701320401
 -1.5629628244
 -1.5595084613
 -1.5623615342
 -1.5557593736
 -1.5700352202
 -1.5557044096
 -1.5740566138
 -1.5679283731
 -1.5609565403
 -1.5663681505
 -1.5577795959
 -1.5493857947
 -1.5677303274
 -1.5658317111
 -1.5685667811
 -1.5637216715
 -1.5640902302
 -1.5643610144
 -1.5624874966
 -1.5574879296
 -1.5610433733
 -1.5672278761
 -1.5667608510
 -1.5559856658
 -1.5630162957
 -1.5534818356
 -1.5611122021
 -1.5610395817
 -1.5601989867
 -1.5609014510
 -1.5630409077
 -1.5615364448
 -1.5638690026
 -1.5624495000
 -1.5668552975
 -1.5579014275
 -1.5598244352
 -1.5693976205
 -1.5678987925
 -1.5647814357
 -1.5623041120
 -1.5624083186
 -1.5645713926
 -1.5693956973
 -1.5660708245
 -1.5622484159
 -1.5603202042
 -1.5689424545
 -1.5596335147
 -1.5635609202
 -1.5570697954
 -1.5622302007
 -1.5643104379
 -1.5658647310
 -1.5624565889
 -1.5580902573
 -1.5689062617
 -1.5619428881
 -1.5649825473
 -1.5674468322
 -1.5582643896
 -1.5683446730
 -1.5583611340
 -1.5607074690
 -1.5514799345
 -1.5640843386
 -1.5579856638
 -1.5561018160
 -1.5670028319
 -1.5672646967
 -1.5673576411
 -1.5600010550
 -1.5617563980
 -1.5664263685
 -1.5566454495
 -1.5575573053
 -1.5661264451
 -1.5576579947
 -1.5566119217
 -1.5604127654
 -1.5624367338
 -1.5553276287
 -1.5634035646
 -1.5610808268
 -1.5573691457
 -1.5574121395
 -1.5540398415
 -1.5608682161
 -1.5655869996
 -1.5626942312
 -1.5632437811
 -1.5613050861
 -1.5645208320
 -1.5538534198
 -1.5629920890
 -1.5636557346
 -1.5608761948
 -1.5549098118
 -1.5601482011
 -1.5630663024
 -1.5638690619
 -1.5626834867
 -1.5597601650
 -1.5708602852
 -1.5641325585
 -1.5572242673
 -1.5571384198
 -1.5710020426
 -1.5603827150
 -1.5622353959
 -1.5549199994
 -1.5680942889
 -1.5647701826
 -1.5677693894
 -1.5657337883
 -1.5628107005
 -1.5609524827
 -1.5603670612
 -1.5643597546
 -1.5637937850
 -1.5638399853
 -1.5619105276
 -1.5576613714
 -1.5630079855
 -1.5609657237
 -1.5619032955
 -1.5637346341
 -1.5612642316
 -1.5673227303
 -1.5613635450
 -1.5515187506
 -1.5579673429
 -1.5669900649
 -1.5629726377
 -1.5588106342
 -1.5688407777
 -1.5606452555
 -1.5562427862
 -1.5600691958
 -1.5650488334
 -1.5574565848
 -1.5632789531
 -1.5621435070
 -1.5617732986
 -1.5607221493
 -1.5600805063
 -1.5611763474
 -1.5706079971
 -1.5622225654
 -1.5575160052
 -1.5541795913
 -1.5589722536
 -1.5628326333
 -1.5533527997
 -1.5680803313
 -1.5640616047
 -1.5549159951
 -1.5624046183
 -1.5588977263
 -1.5588059875
 -1.5591110927
 -1.5592193074
 -1.5619602482
 -1.5699505472
 -1.5662517948
 -1.5661845856
 -1.5562324718
 -1.5630014595
 -1.5680858740
 -1.5635416437
 -1.5678075292
 -1.5578685496
 -1.5658495597
 -1.5584670766
 -1.5588613174
 -1.5648856825
 -1.5669670148
 -1.5680557814
 -1.5585904471
 -1.5602156149
 -1.5686839332
 -1.5681324469
 -1.5619297212
 -1.5640673665
 -1.5645558470
 -1.5679405000
 -1.5601064255
 -1.5578416529
 -1.5596104583
 -1.5605651053
 -1.5595972225
 -1.5592698408
 -1.5635347216
 -1.5583371457
 -1.5650171918
 -1.5681330522
 -1.5617174087
 -1.5625927091
 -1.5621064580
 -1.5632643463
 -1.5665634106
 -1.5545079219
 -1.5595426092
 -1.5634065528
 -1.5573481399
 -1.5624660476
 -1.5608710374
 -1.5677513977
 -1.5627658766
 -1.5605519242
 -1.5563445119
 -1.5608025011
 -1.5605200685
 -1.5575998986
 -1.5547680615
 -1.5547263715
 -1.5701733807
 -1.5611559359
 -1.5592455923
 -1.5639807273
 -1.5625219059
 -1.5601359088
 -1.5591686312
 -1.5660003428
 -1.5638923109
 -1.5627392649
 -1.5575720984
 -1.5627522076
 -1.5625429339
 -1.5607708941
 -1.5622253219
 -1.5649856462
 -1.5643942684
 -1.5618392372
 -1.5556965269
 -1.5615730826
 -1.5641034562
 -1.5658785090
 -1.5603490464
 -1.5583325469
 -1.5688358707
 -1.5654448098
 -1.5577879871
 -1.5676162293
 -1.5636066187
 -1.5587341951
 -1.5575756630
 -1.5705954223
 -1.5583938293
 -1.5593536884
 -1.5659859778
 -1.5651396748
 -1.5606372737
 -1.5603670201
 -1.5586800844
 -1.5580681046
 -1.5606271144
 -1.5636084131
 -1.5594009811
 -1.5600821544
 -1.5619508357
 -1.5588507839
 -1.5623442222
 -1.5726290374
 -1.5604446370
 -1.5704136672
 -1.5659779799
 -1.5592708636
 -1.5540003622
 -1.5629352947
 -1.5603439824
 -1.5564830869
 -1.5586633849
 -1.5632199893
 -1.5593849783
 -1.5620109518
 -1.5610253446
 -1.5645705679
 -1.5535771166
 -1.5624171244
 -1.5619957925
 -1.5616628267
 -1.5540608312
 -1.5651183434
 -1.5618296911
 -1.5591362207
 -1.5670727623
 -1.5577528727
 -1.5635515740
 -1.5651534779
 -1.5530756136
 -1.5656726301
 -1.5619479040
 -1.5701312902
 -1.5686549535
 -1.5599725810
 -1.5606932305
 -1.5696063502
 -1.5645227417
 -1.5612485669
 -1.5619118729
 -1.5671221704
 -1.5666914771
 -1.5632287780
 -1.5619172287
 -1.5649331872
 -1.5612098956
 -1.5592104394
 -1.5574152741
 -1.5630043577
 -1.5609450671
 -1.5600075473
 -1.5593128985
 -1.5653059399
 -1.5546925145
 -1.5615083119
 -1.5665249097
 -1.5611641743
 -1.5627833595
 -1.5620624338
 -1.5559764104
 -1.5598658285
 -1.5562429609
 -1.5592556917
 -1.5637199559
 -1.5579596767
 -1.5597882144
 -1.5618763396
 -1.5608488829
 -1.5599833461
 -1.5588263494
 -1.5703426803
 -1.5662500771
 -1.5651516842
 -1.5678890781
 -1.5623557377
 -1.5561988829
 -1.5631766921
 -1.5575169061
 -1.5645670203
 -1.5592459409
 -1.5595257135
 -1.5633690083
 -1.5645060722
 -1.5637984900
 -1.5678558913
 -1.5510851147
 -1.5612238818
 -1.5634693672
 -1.5613797465
 -1.5591307729
 -1.5577756123
 -1.5646119518
 -1.5594812107
 -1.5636129502
 -1.5618170296
 -1.5578446899
 -1.5597721768
 -1.5583742064
 -1.5682938569
 -1.5597424314
 -1.5592091150
 -1.5607633693
 -1.5671842067
 -1.5562902397
 -1.5687284282
 -1.5654049147
 -1.5597490053
 -1.5589886969
 -1.5617207124
 -1.5687771554
 -1.5668387299
 -1.5567180597
 -1.5617641512
 -1.5589870736
 -1.5670079491
 -1.5573486753
 -1.5717790983
 -1.5682736136
 -1.5599834121
 -1.5668531346
 -1.5678326332
 -1.5595417546
 -1.5647758988
 -1.5634968163
 -1.5585045734
 -1.5617431357
 -1.5691694268
 -1.5654963019
 -1.5633422204
 -1.5652564367
 -1.5666840449
 -1.5598829413
 -1.5548751670
 -1.5673267872
 -1.5658679765
 -1.5625891005
 -1.5670793656
 -1.5686078626
 -1.5584859814
 -1.5558463159
 -1.5633328840
 -1.5632866933
 -1.5650496268
 -1.5636317074
 -1.5621096031
 -1.5593686897
 -1.5617672926
 -1.5676287304
 -1.5648302448
 -1.5681612367
 -1.5643947651
 -1.5703040176
 -1.5645659407
 -1.5592741333
 -1.5640955336
 -1.5590706822
 -1.5596681506
 -1.5601889029
 -1.5599037983
 -1.5668536035
 -1.5659368637
 -1.5659002337
 -1.5599469899
 -1.5666318586
 -1.5621125287
 -1.5603671417
 -1.5639780647
 -1.5551455480
 -1.5695143999
 -1.5542636693
 -1.5666188870
 -1.5583458967
 -1.5694309992
 -1.5649984624
 -1.5667221460
 -1.5579063856
 -1.5652822766
 -1.5682007806
 -1.5637475302
 -1.5677939418
 -1.5660548714
 -1.5614878877
 -1.5582007454
 -1.5714707317
 -1.5687452597
 -1.5609276581
 -1.5632552577
 -1.5602757918
 -1.5744644868
 -1.5658798214
 -1.5631768354
 -1.5581688657
 -1.5627567219
 -1.5661655707
 -1.5673950745
 -1.5606444223
 -1.5651721309
 -1.5614485066
 -1.5657836632
 -1.5550364891
 -1.5632542527
 -1.5632259937
 -1.5652198415
 -1.5701186348
 -1.5597568685
 -1.5579842262
 -1.5680914691
 -1.5611252642
 -1.5683933225
 -1.5605074421
 -1.5641271270
 -1.5638919241
 -1.5543138581
 -1.5533853508
 -1.5603602243
 -1.5642076581
 -1.5652630714
 -1.5612826538
 -1.5674830903
 -1.5622095640
 -1.5670320162
 -1.5592948579
 -1.5599352791
 -1.5571753487
 -1.5604055505
 -1.5631988432
 -1.5591418275
 -1.5649557957
 -1.5664117984
 -1.5570945907
 -1.5670129170
 -1.5566323332
 -1.5689747441
 -1.5656029222
 -1.5672471189
 -1.5583985896
 -1.5612271546
 -1.5639836491
 -1.5578708709
 -1.5599774040
 -1.5613877943
 -1.5632559855
 -1.5590545739
 -1.5629162806
 -1.5617008167
 -1.5638274567
 -1.5751610020
 -1.5677176748
 -1.5678167614
 -1.5649849063
 -1.5623380866
 -1.5617082130
 -1.5604894638
 -1.5659583541
 -1.5599444326
 -1.5654256601
 -1.5577879790
 -1.5609229669
 -1.5610497836
 -1.5639711150
 -1.5660478568
 -1.5676746358
 -1.5662415830
 -1.5631397431
 -1.5629308758
 -1.5626618092
 -1.5713516143
 -1.5691131755
 -1.5606134384
 -1.5630896871
 -1.5606642357
 -1.5657520625
 -1.5620334578
 -1.5639415875
 -1.5671847950
 -1.5630212636
 -1.5682704411
 -1.5588238758
 -1.5685118268
 -1.5621869821
 -1.5629280498
 -1.5688050307
 -1.5607922260
 -1.5574173060
 -1.5635315422
 -1.5633974006
 -1.5567069760
 -1.5602044726
 -1.5636887159
 -1.5615828208
 -1.5627740022
 -1.5672325908
 -1.5649592325
 -1.5638442372
 -1.5619270616
 -1.5606954600
 -1.5532497264
 -1.5592013248
 -1.5616433967
 -1.5602090561
 -1.5627976848
 -1.5657343384
 -1.5633212837
 -1.5689017401
 -1.5502215671
 -1.5642791550
 -1.5659365694
 -1.5607325902
 -1.5593122600
 -1.5630886741
 -1.5631081325
 -1.5596060018
 -1.5605366339
 -1.5565461126
 -1.5564169373
 -1.5657773735
 -1.5669377762
 -1.5576535375
 -1.5639622871
 -1.5658929428
 -1.5698669426
 -1.5664760919
 -1.5650182396
 -1.5650755332
 -1.5568470635
 -1.5273917029
 -1.5692241071
 -1.5619997780
 -1.5663816387
 -1.5652913597
 -1.5638172590
 -1.5575139058
 -1.5657878800
 -1.5622421375
 -1.5632041002
 -1.5595062430
 -1.5644361076
 -1.5629796743
 -1.5536345784
 -1.5552435100
 -1.5651548030
 -1.5645934534
 -1.5557078538
 -1.5596311072
 -1.5595435155
 -1.5600631651
 -1.5618036235
 -1.5591270573
 -1.5642804828
 -1.5613741402
 -1.5560696077
 -1.5600359056
 -1.5624557047
 -1.5672363783
 -1.5583501002
 -1.5666281890
 -1.5656475536
 -1.5624058440
 -1.5503149151
 -1.5702227251
 -1.5626285174
 -1.5673899365
 -1.5661016422
 -1.5592825012
 -1.5604863143
 -1.5635723387
 -1.5587881051
 -1.5538090163
 -1.5606456350
 -1.5670031570
 -1.5620589818
 -1.5626752220
 -1.5608509294
 -1.5647894468
 -1.5596156594
 -1.5633938020
 -1.5613553162
 -1.5674240429
 -1.5598115501
 -1.5656797355
 -1.5638425303
 -1.5616334434
 -1.5632332642
 -1.5618280556
 -1.5593935629
 -1.5645140876
 -1.5616890244
 -1.5613445799
 -1.5632642881
 -1.5608722413
 -1.5561307770
 -1.5534240002
 -1.5611273939
 -1.5645116608
 -1.5636476465
 -1.5655374840
 -1.5682182892
 -1.5568618177
 -1.5714692983
 -1.5572506818
 -1.5609142916
 -1.5555370955
 -1.5575919594
 -1.5612805538
 -1.5621335849
 -1.5589725928
 -1.5719405901
 -1.5643930310
 -1.5591574825
 -1.5669221110
 -1.5647278017
 -1.5657258231
 -1.5609656447
 -1.5579103083
 -1.5548414562
 -1.5659869997
 -1.5594807573
 -1.5605076854
 -1.5591710198
 -1.5652514822
 -1.5716295229
 -1.5639982021
 -1.5579703607
 -1.5577953718
 -1.5591641828
 -1.5650626296
 -1.5585109479
 -1.5686526470
 -1.5573347225
 -1.5579379516
 -1.5682865596
 -1.5630515303
 -1.5620167960
 -1.5628879978
 -1.5687562985
 -1.5705732634
 -1.5631514156
 -1.5647670215
 -1.5598291363
 -1.5693225908
 -1.5606538016
 -1.5663375059
 -1.5622582286
 -1.5665463846
 -1.5536962622
 -1.5614264645
 -1.5686949216
 -1.5600324298
 -1.5676233352
 -1.5634694719
 -1.5636279938
 -1.5612550734
 -1.5635793326
 -1.5660145418
 -1.5623767214
 -1.5631930771
 -1.5600880697
 -1.5638998484
 -1.5570066603
 -1.5576859012
 -1.5704213212
 -1.5630662207
 -1.5642816085
 -1.5619161352
 -1.5578952750
 -1.5587661146
 -1.5666165017
 -1.5558494868
 -1.5596361094
 -1.5618681075
 -1.5586999469
 -1.5642262339
 -1.5553883324
 -1.5632874512
 -1.5642879229
 -1.5625935618
 -1.5585222094
 -1.5527289155
 -1.5629635442
 -1.5570679789
 -1.5567561309
 -1.5597008127
 -1.5602449651
 -1.5589425285
 -1.5618168042
 -1.5719100838
 -1.5610893216
 -1.5591685601
 -1.5558795267
 -1.5557153477
 -1.5600529548
 -1.5693467914
 -1.5573431882
 -1.5634563022
 -1.5619347983
 -1.5630339206
 -1.5663649681
 -1.5616441054
 -1.5624804751
 -1.5631771902
 -1.5645928666
 -1.5632705320
 -1.5620391474
 -1.5582560644
 -1.5583244998
 -1.5611887216
 -1.5584472254
 -1.5597736557
 -1.5652708041
 -1.5660153005
 -1.5580031747
 -1.5575736474
 -1.5593644342
 -1.5561603248
 -1.5611314357
 -1.5607797615
 -1.5605981521
 -1.5622533498
 -1.5673989458
 -1.5625723145
 -1.5607457455
 -1.5549179064
 -1.5657661197
 -1.5641198152
 -1.5613439452
 -1.5617699954
 -1.5684418118
 -1.5594053694
 -1.5585502005
 -1.5637530523
 -1.5557468003
 -1.5732964111
 -1.5591419694
 -1.5555722685
 -1.5564562082
 -1.5644304174
 -1.5583082840
 -1.5602773766
 -1.5706960688
 -1.5680929261
 -1.5636170023
 -1.5636821595
 -1.5725354501
 -1.5646901568
 -1.5593287035
 -1.5592991403
 -1.5685427410
 -1.5640504058
 -1.5626126589
 -1.5649824374
 -1.5641371156
 -1.5599745306
 -1.5617444410
 -1.5615861257
 -1.5650366559
 -1.5597978859
 -1.5555857786
 -1.5627620081
 -1.5575337369
 -1.5669332821
 -1.5646094685
 -1.5586153505
 -1.5667890354
 -1.5663183975
 -1.5638169758
 -1.5587761206
 -1.5604128961
 -1.5648730811
