 -1.5673555942
 -1.5606969588
 -1.5614877631
 -1.5556593906
 -1.5579341749
 -1.5546681351
 -1.5675354559
 -1.5585119256
 -1.5695922331
 -1.5607697889
 -1.5626705728
 -1.5475135807
 -1.5627206156
 -1.5631660286
 -1.5606122412
 -1.5715239030
 -1.5626794144
 -1.5610516763
 -1.5655195148
 -1.5639115288
 -1.5513557547
 -1.5573179032
 -1.5595834945
 -1.5549121390
 -1.5626334620
 -1.5530927700
 -1.5574479083
 -1.5601389700
 -1.5604678517
 -1.5622303487
 -1.5503946640
 -1.5585772107
 -1.5567612954
 -1.5578241206
 -1.5595473917
 -1.5668137672
 -1.5631756232
 -1.5610853239
 -1.5537645888
 -1.5558614331
 -1.5751728540
 -1.5702264500
 -1.5708892931
 -1.5622835470
 -1.5597712254
 -1.5688138922
 -1.5567798657
 -1.5525393629
 -1.5570115322
 -1.5767054984
 -1.5608641802
 -1.5574522814
 -1.5665473453
 -1.5544836549
 -1.5628423721
 -1.5618766350
 -1.5708300119
 -1.5564598284
 -1.5593457423
 -1.5646602654
 -1.5511132391
 -1.5549522330
 -1.5645810929
 -1.5703559850
 -1.5567120303
 -1.5702157319
 -1.5582564052
 -1.5665849730
 -1.5593522357
 -1.5573650858
 -1.5759963047
 -1.5647148251
 -1.5704141467
 -1.5564575365
 -1.5592950725
 -1.5656967233
 -1.5598918768
 -1.5589113276
 -1.5526510283
 -1.5615637243
 -1.5633900505
 -1.5519975749
 -1.5588077653
 -1.5606334018
 -1.5716601463
 -1.5582490002
 -1.5632453537
 -1.5657573226
 -1.5549350859
 -1.5579569606
 -1.5583029078
 -1.5636571798
 -1.5565458591
 -1.5527011867
 -1.5560953514
 -1.5606555228
 -1.5669886441
 -1.5640641508
 -1.5659942428
 -1.5611442199
 -1.5663700233
 -1.5592534258
 -1.5720965607
 -1.5647674988
 -1.5716090804
 -1.5629160346
 -1.5640959857
 -1.5562424656
 -1.5602987303
 -1.5642446087
 -1.5563958269
 -1.5525074299
 -1.5510317057
 -1.5681699298
 -1.5625700699
 -1.5682368860
 -1.5592785457
 -1.5503672438
 -1.5651222905
 -1.5539245737
 -1.5711645358
 -1.5661932707
 -1.5641743264
 -1.5565266071
 -1.5697998480
 -1.5626295531
 -1.5550615405
 -1.5714124941
 -1.5655553134
 -1.5667834579
 -1.5721449298
 -1.5556022135
 -1.5512920905
 -1.5572832484
 -1.5574876245
 -1.5589375710
 -1.5696648491
 -1.5677022797
 -1.5604921557
 -1.5566613608
 -1.5567586914
 -1.5649366598
 -1.5717296163
 -1.5607313322
 -1.5595815101
 -1.5603445823
 -1.5649185995
 -1.5515455292
 -1.5607257508
 -1.5640047968
 -1.5609161640
 -1.5644046875
 -1.5622193709
 -1.5595584693
 -1.5577121190
 -1.5575076285
 -1.5574678206
 -1.5587873613
 -1.5762670453
 -1.5701914581
 -1.5659703885
 -1.5658577704
 -1.5654577239
 -1.5580646522
 -1.5613920480
 -1.5499694891
 -1.5688290683
 -1.5677978352
 -1.5618304709
 -1.5612560301
 -1.5677158920
 -1.5707352980
 -1.5598040243
 -1.5646989348
 -1.5688098755
 -1.5701875556
 -1.5665784840
 -1.5584232684
 -1.5566117105
 -1.5630000095
 -1.5593098571
 -1.5639362330
 -1.5551070040
 -1.5565116886
 -1.5627066946
 -1.5531399576
 -1.5606085013
 -1.5664340325
 -1.5584274819
 -1.5690841310
 -1.5593510504
 -1.5503997907
 -1.5627796291
 -1.5562374842
 -1.5662010874
 -1.5667044338
 -1.5703472335
 -1.5630097819
 -1.5695748401
 -1.5605612810
 -1.5652737091
 -1.5593738662
 -1.5637611037
 -1.5561032275
 -1.5593169424
 -1.5627957039
 -1.5639690117
 -1.5617577279
 -1.5623889218
 -1.5578995458
 -1.5725072659
 -1.5661291238
 -1.5545079933
 -1.5580442695
 -1.5592697635
 -1.5705620387
 -1.5558900438
 -1.5727992315
 -1.5619014455
 -1.5685141246
 -1.5681354324
 -1.5639181241
 -1.5616554074
 -1.5482827353
 -1.5615632038
 -1.5725859087
 -1.5580508324
 -1.5529938632
 -1.5629149411
 -1.5562383730
 -1.5597560387
 -1.5590223592
 -1.5492292594
 -1.5637026309
 -1.5618710399
 -1.5579597387
 -1.5625208427
 -1.5697687818
 -1.5619613241
 -1.5591525628
 -1.5568147053
 -1.5616027579
 -1.5641244144
 -1.5584159137
 -1.5627357735
 -1.5566040468
 -1.5766610758
 -1.5580099639
 -1.5660563897
 -1.5585881824
 -1.5547313809
 -1.5715277786
 -1.5568807465
 -1.5609918893
 -1.5622854592
 -1.5588260372
 -1.5706959915
 -1.5508977382
 -1.5643304663
 -1.5660190749
 -1.5525789959
 -1.5528304311
 -1.5596098655
 -1.5649239286
 -1.5570018389
 -1.5684582304
 -1.5746992698
 -1.5538075131
 -1.5639310331
 -1.5580066191
 -1.5633912032
 -1.5658368509
 -1.5598892323
 -1.5628067897
 -1.5625453791
 -1.5626024990
 -1.5697886716
 -1.5480037359
 -1.5599467936
 -1.5673481824
 -1.5539817763
 -1.5537146891
 -1.5555129366
 -1.5579372190
 -1.5582886140
 -1.5503179404
 -1.5612050668
 -1.5664926906
 -1.5684430440
 -1.5538333319
 -1.5610196189
 -1.5573524029
 -1.5613143403
 -1.5637499150
 -1.5579181511
 -1.5545884216
 -1.5519748617
 -1.5580325934
 -1.5566439378
 -1.5556511351
 -1.5563263666
 -1.5699321582
 -1.5477994843
 -1.5687774072
 -1.5494582031
 -1.5633286242
 -1.5648808663
 -1.5486275223
 -1.5567599684
 -1.5628497917
 -1.5641787859
 -1.5664107644
 -1.5491780068
 -1.5659945840
 -1.5481106823
 -1.5622669720
 -1.5469831287
 -1.5588511842
 -1.5674682415
 -1.5566720534
 -1.5555237868
 -1.5623988813
 -1.5642736963
 -1.5526056294
 -1.5632272903
 -1.5673653832
 -1.5680499235
 -1.5676274576
 -1.5621393475
 -1.5580369516
 -1.5569294524
 -1.5577584517
 -1.5578614936
 -1.5758248698
 -1.5667996387
 -1.5634250094
 -1.5640949899
 -1.5508812016
 -1.5617436378
 -1.5536551931
 -1.5566694107
 -1.5567855551
 -1.5642760241
 -1.5510333421
 -1.5673802123
 -1.5703800214
 -1.5629748412
 -1.5660734354
 -1.5636767295
 -1.5565492539
 -1.5676884998
 -1.5674683561
 -1.5525266853
 -1.5598022206
 -1.5680428453
 -1.5583621938
 -1.5568952628
 -1.5589972693
 -1.5605390631
 -1.5591995997
 -1.5559744014
 -1.5606569664
 -1.5584667042
 -1.5665910709
 -1.5570725113
 -1.5547656290
 -1.5549730814
 -1.5510793238
 -1.5679049495
 -1.5600747263
 -1.5640629984
 -1.5603403885
 -1.5581317622
 -1.5606190890
 -1.5616607300
 -1.5648488346
 -1.5616938968
 -1.5595001488
 -1.5567775519
 -1.5610782769
 -1.5694791127
 -1.5546208321
 -1.5611124329
 -1.5515514089
 -1.5493918407
 -1.5579048872
 -1.5672133355
 -1.5626712562
 -1.5505558400
 -1.5624364871
 -1.5699050901
 -1.5656825631
 -1.5670307237
 -1.5683750785
 -1.5554259311
 -1.5605635301
 -1.5575537518
 -1.5602092203
 -1.5585205408
 -1.5662278183
 -1.5605920123
 -1.5509021920
 -1.5677562486
 -1.5569391774
 -1.5623416513
 -1.5635157119
 -1.5540316731
 -1.5511512765
 -1.5604925160
 -1.5677491353
 -1.5721498427
 -1.5631025799
 -1.5588957802
 -1.5616652508
 -1.5607592523
 -1.5563110465
 -1.5545639332
 -1.5628572224
 -1.5612985482
 -1.5672182307
 -1.5512360327
 -1.5665975832
 -1.5620307786
 -1.5697918824
 -1.5603472862
 -1.5770305547
 -1.5577897613
 -1.5679103175
 -1.5639055621
 -1.5558772894
 -1.5605714255
 -1.5452197203
 -1.5524824408
 -1.5559529189
 -1.5484833661
 -1.5550149512
 -1.5557183278
 -1.5663327952
 -1.5633972411
 -1.5519428061
 -1.5667275049
 -1.5592997963
 -1.5687516009
 -1.5558961448
 -1.5528756088
 -1.5596080596
 -1.5549220316
 -1.5662196591
 -1.5510431545
 -1.5573338339
 -1.5530137637
 -1.5638140988
 -1.5624663911
 -1.5618567767
 -1.5666491462
 -1.5553859997
 -1.5677932673
 -1.5641731151
 -1.5644950335
 -1.5613660992
 -1.5657638494
 -1.5582928331
 -1.5568148139
 -1.5731082900
 -1.5690217576
 -1.5707122397
 -1.5612148483
 -1.5694442462
 -1.5610992079
 -1.5575056524
 -1.5522039090
 -1.5674546455
 -1.5675213384
 -1.5626031906
 -1.5699279898
 -1.5709799609
 -1.5528701380
 -1.5598013994
 -1.5678105082
 -1.5582222824
 -1.5544056115
 -1.5568739367
 -1.5631818388
 -1.5575703113
 -1.5640263572
 -1.5640036855
 -1.5643077935
 -1.5471518857
 -1.5634304095
 -1.5583660130
 -1.5615004098
 -1.5592798749
 -1.5569331779
 -1.5630578495
 -1.5673379728
 -1.5595813044
 -1.5597127856
 -1.5513190297
 -1.5694793490
 -1.5573109779
 -1.5672771038
 -1.5624097806
 -1.5664709671
 -1.5579324398
 -1.5696625701
 -1.5576560242
 -1.5671234215
 -1.5464548877
 -1.5591645004
 -1.5567689607
 -1.5544793518
 -1.5554724379
 -1.5650499514
 -1.5553146044
 -1.5511812046
 -1.5643926462
 -1.5779749404
 -1.5591083199
 -1.5630613582
 -1.5536418541
 -1.5591953249
 -1.5508417616
 -1.5486917262
 -1.5526023460
 -1.5652423480
 -1.5678560396
 -1.5586718444
 -1.5615945390
 -1.5601174230
 -1.5571759039
 -1.5496115384
 -1.5593172431
 -1.5690927912
 -1.5653281047
 -1.5557659623
 -1.5617287491
 -1.5519783361
 -1.5510364408
 -1.5617942500
 -1.5567230350
 -1.5549423680
 -1.5625696112
 -1.5501668949
 -1.5638151658
 -1.5654200167
 -1.5645143429
 -1.5697536381
 -1.5591638465
 -1.5568454841
 -1.5688476629
 -1.5606623611
 -1.5646473259
 -1.5567393919
 -1.5504915094
 -1.5633803847
 -1.5514920950
 -1.5656733574
 -1.5622701107
 -1.5665604819
 -1.5559001212
 -1.5652528300
 -1.5691553232
 -1.5669475037
 -1.5672579249
 -1.5637401060
 -1.5593477274
 -1.5518461124
 -1.5585100119
 -1.5588240265
 -1.5604854754
 -1.5558065744
 -1.5618495426
 -1.5474981897
 -1.5619942670
 -1.5665485772
 -1.5659349526
 -1.5622146686
 -1.5598868186
 -1.5580823254
 -1.5621527390
 -1.5630590574
 -1.5570980807
 -1.5642325695
 -1.5402080853
 -1.5574465732
 -1.5568292063
 -1.5656453585
 -1.5691851997
 -1.5546340081
 -1.5583362787
 -1.5635617117
 -1.5485753683
 -1.5542166419
 -1.5699826352
 -1.5519198917
 -1.5531603571
 -1.5538374282
 -1.5668608382
 -1.5652618589
 -1.5665803559
 -1.5671624804
 -1.5634618869
 -1.5624473584
 -1.5609372178
 -1.5566388722
 -1.5630708007
 -1.5628492594
 -1.5537336195
 -1.5637104196
 -1.5668229330
 -1.5026846003
 -1.5633798557
 -1.5579919087
 -1.5628267837
 -1.5607135814
 -1.5639598652
 -1.5577720734
 -1.5569031364
 -1.5592236315
 -1.5528476535
 -1.5737409144
 -1.5667836756
 -1.5611354013
 -1.5610947200
 -1.5569190294
 -1.5633457471
 -1.5703462967
 -1.5587561217
 -1.5714260104
 -1.5528422111
 -1.5643925704
 -1.5625040257
 -1.5645677490
 -1.5658817444
 -1.5645849965
 -1.5629811788
 -1.5674702871
 -1.5546347572
 -1.5645018025
 -1.5575601766
 -1.5592731100
 -1.5608806649
 -1.5560788049
 -1.5573948305
 -1.5742138185
 -1.5669297343
 -1.5589319437
 -1.5597249613
 -1.5672458521
 -1.5530810560
 -1.5619292065
 -1.5709990569
 -1.5605249616
 -1.5698148973
 -1.5568908527
 -1.5589751163
 -1.5573007762
 -1.5542946157
 -1.5593696319
 -1.5685302087
 -1.5512875422
 -1.5599668435
 -1.5821896451
 -1.5579277156
 -1.5650788308
 -1.5648789867
 -1.5644921380
 -1.5534462393
 -1.5688803838
 -1.5583031745
 -1.5564043668
 -1.5646267188
 -1.5690392035
 -1.5582228194
 -1.5615239979
 -1.5612129603
 -1.5577790421
 -1.5674784431
 -1.5629043024
 -1.5733948334
 -1.5514291531
 -1.5552809953
 -1.5674912495
 -1.5571180345
 -1.5580868621
 -1.5509549312
 -1.5628540940
 -1.5583776290
 -1.5617112979
 -1.5610724234
 -1.5545134973
 -1.5665901346
 -1.5526124571
 -1.5562118276
 -1.5669641524
 -1.5618438263
 -1.5592830537
 -1.5532099155
 -1.5605308892
 -1.5624574159
 -1.5617304128
 -1.5783249773
 -1.5561629713
 -1.5688040522
 -1.5671266110
 -1.5705893234
 -1.5717630302
 -1.5605175434
 -1.5655234149
 -1.5669769931
 -1.5524218631
 -1.5543742079
 -1.5612056124
 -1.5662294592
 -1.5632655088
 -1.5546992206
 -1.5586243757
 -1.5683734267
 -1.5545954618
 -1.5589229801
 -1.5514971810
 -1.5583470042
 -1.5563533674
 -1.5605068112
 -1.5589036778
 -1.5558475288
 -1.5649078392
 -1.5722167715
 -1.5609438204
 -1.5540799766
 -1.5615867589
 -1.5525621874
 -1.5752590104
 -1.5634600905
 -1.5703616026
 -1.5598614066
 -1.5642643588
 -1.5604289151
 -1.5573436075
 -1.5464559973
 -1.5683776666
 -1.5543850648
 -1.5520432199
 -1.5561504228
 -1.5650775316
 -1.5597963039
 -1.5542898059
 -1.5607246716
 -1.5513226858
 -1.5879394370
 -1.5809518030
 -1.5661106299
 -1.5494788692
 -1.5629151799
 -1.5572396417
 -1.5552768057
 -1.5520975980
 -1.5718137458
 -1.5599281615
 -1.5609067927
 -1.5633792144
 -1.5619709648
 -1.5585764456
 -1.5703962156
 -1.5657355950
 -1.5567149853
 -1.5577946078
 -1.5627776359
 -1.5649005494
 -1.5645459591
 -1.5631415713
 -1.5561116561
 -1.5570227469
 -1.5535553378
 -1.5638152041
 -1.5614540353
 -1.5567196060
 -1.5591640935
 -1.5634841859
 -1.5562135610
 -1.5617120391
 -1.5622121919
 -1.5651921897
 -1.5603813468
 -1.5506446932
 -1.5549226451
 -1.5688857056
 -1.5628478425
 -1.5614244995
 -1.5605746023
 -1.5658833859
 -1.5685857251
 -1.5637892738
 -1.5560978831
 -1.5566577982
 -1.5601160145
 -1.5631290910
 -1.5687281471
 -1.5645370291
 -1.5615763930
 -1.5611808983
 -1.5547096860
 -1.5643468876
 -1.5648615740
 -1.5629348785
 -1.5602916411
 -1.5691442697
 -1.5621204743
 -1.5612849950
 -1.5580158028
 -1.5631913752
 -1.5654729179
 -1.5593683996
 -1.5655429161
 -1.5532369024
 -1.5526633045
 -1.5593061846
 -1.5608475792
 -1.5619375890
 -1.5651628384
 -1.5567276062
 -1.5565179097
 -1.5579104540
 -1.5609817780
 -1.5671360167
 -1.5575190899
 -1.5715054963
 -1.5616625071
 -1.5530507043
 -1.5545858297
 -1.5612410184
 -1.5624666765
 -1.5555884541
 -1.5626137378
 -1.5610529836
 -1.5702039232
 -1.5607062361
 -1.5633175190
 -1.5598624920
 -1.5658389942
 -1.5547736499
 -1.5560888030
 -1.5574958814
 -1.5605359877
 -1.5552751940
 -1.5682616049
 -1.5636183564
 -1.5597731767
 -1.5603977356
 -1.5604434229
 -1.5627163802
 -1.5623511772
 -1.5575323535
 -1.5642301651
 -1.5612255194
 -1.5639952258
 -1.5692072923
 -1.5634000091
 -1.5565687535
 -1.5585443046
 -1.5591799956
 -1.5625254907
 -1.5534411994
 -1.5668595749
 -1.5614574202
 -1.5638584956
 -1.5579339041
 -1.5623977859
 -1.5669652255
 -1.5574772085
 -1.5578091634
 -1.5606156030
 -1.5618493866
 -1.5487032293
 -1.5621047316
 -1.5553492385
 -1.5649093583
 -1.5590772403
 -1.5559334294
 -1.5552020479
 -1.5498271148
 -1.5664113405
 -1.5669679086
 -1.5606836597
 -1.5539010862
 -1.5638428946
 -1.5518713109
 -1.5588819274
 -1.5506899743
 -1.5630778819
 -1.5741159972
 -1.5689128213
 -1.5693327309
 -1.5668770318
 -1.5608874970
 -1.5540810251
 -1.5534562707
 -1.5550854098
 -1.5640730164
 -1.5643689393
 -1.5668334660
 -1.5645883096
 -1.5620126298
 -1.5583437366
 -1.5695283163
 -1.5586129247
 -1.5657061756
 -1.5627488419
 -1.5646640322
 -1.5643832045
 -1.5515184710
 -1.5500238743
 -1.5543501848
 -1.5526056841
 -1.5493129123
 -1.5675813640
 -1.5503286979
 -1.5578917745
 -1.5654651403
 -1.5717230261
 -1.5555042019
 -1.5635045741
 -1.5558544434
 -1.5497934695
 -1.5548687770
 -1.5586144006
 -1.5572315030
 -1.5504387858
 -1.5686409675
 -1.5564201715
 -1.5548978884
 -1.5592210432
 -1.5637481155
 -1.5747517268
 -1.5655117524
 -1.5526279565
 -1.5613388272
 -1.5610459891
 -1.5578816484
 -1.5652036341
 -1.5652443187
 -1.5491000871
 -1.5560454181
 -1.5555452263
 -1.5602882798
 -1.5609980179
 -1.5579629282
 -1.5694772082
 -1.5646020149
 -1.5654499837
 -1.5593095429
 -1.5568682798
 -1.5544278798
 -1.5679685322
 -1.5629773845
 -1.5590010950
 -1.5571217831
 -1.5561053632
 -1.5632121106
 -1.5515714195
 -1.5622524110
 -1.5598350905
 -1.5488095097
 -1.5655497117
 -1.5649119464
 -1.5583715808
 -1.5582731325
 -1.5683177135
 -1.5664857776
 -1.5649480778
 -1.5650134422
 -1.5653511000
 -1.5568594710
 -1.5711232358
 -1.5665781448
 -1.5686729318
 -1.5604386324
 -1.5665347285
 -1.5634297727
 -1.5543860710
 -1.5616165308
 -1.5633541198
 -1.5611409067
 -1.5610293645
 -1.5584967735
 -1.5625891480
 -1.5602813818
 -1.5639025939
 -1.5576394748
 -1.5525847432
 -1.5570193588
 -1.5556783994
 -1.5601862898
 -1.5565201120
 -1.5531985453
 -1.5608975216
 -1.5499170461
 -1.5688657648
 -1.5654297181
 -1.5646746349
