 -1.5646192495
 -1.5608194064
 -1.5638714815
 -1.5562401489
 -1.5720967927
 -1.5657921919
 -1.5585896241
 -1.5632327509
 -1.5688650840
 -1.5594162089
 -1.5628831899
 -1.5637851391
 -1.5625881554
 -1.5584187518
 -1.5624096202
 -1.5583329240
 -1.5565494473
 -1.5543912296
 -1.5720919948
 -1.5583042371
 -1.5578196353
 -1.5639013601
 -1.5662798063
 -1.5601321112
 -1.5627771053
 -1.5611394556
 -1.5645961551
 -1.5622926265
 -1.5655314549
 -1.5646805985
 -1.5557326732
 -1.5635203530
 -1.5697339531
 -1.5699652982
 -1.5728235871
 -1.5597879562
 -1.5638144033
 -1.5620569415
 -1.5696227361
 -1.5658879269
 -1.5623967753
 -1.5697469314
 -1.5615740350
 -1.5645644206
 -1.5648526866
 -1.5634238283
 -1.5659529583
 -1.5567418478
 -1.5571803931
 -1.5584423657
 -1.5543754463
 -1.5610418076
 -1.5611048026
 -1.5614620783
 -1.5596160964
 -1.5555919901
 -1.5705316654
 -1.5603147970
 -1.5661610696
 -1.5639914342
 -1.5656744859
 -1.5606158590
 -1.5639675737
 -1.5537409367
 -1.5554855508
 -1.5653183458
 -1.5669732043
 -1.5618022311
 -1.5660916041
 -1.5627816310
 -1.5622853247
 -1.5709746649
 -1.5649439605
 -1.5663423805
 -1.5714401510
 -1.5571832159
 -1.5566303512
 -1.5665266283
 -1.5594779829
 -1.5595776943
 -1.5690106732
 -1.5617998464
 -1.5622291395
 -1.5717318958
 -1.5563413102
 -1.5621032190
 -1.5644460484
 -1.5636730715
 -1.5559655347
 -1.5670065666
 -1.5590703155
 -1.5631184148
 -1.5639337042
 -1.5570346757
 -1.5581137621
 -1.5754873489
 -1.5659443506
 -1.5598094826
 -1.5640226470
 -1.5626474536
 -1.5588592314
 -1.5639130681
 -1.5571248769
 -1.5578760392
 -1.5596816410
 -1.5600885637
 -1.5592468789
 -1.5654033541
 -1.5492079918
 -1.5596718543
 -1.5640586339
 -1.5599410088
 -1.5597957244
 -1.5638814871
 -1.5656466844
 -1.5616974791
 -1.5618972501
 -1.5546686012
 -1.5672699405
 -1.5620693780
 -1.5628783599
 -1.5556551550
 -1.5628820711
 -1.5640944815
 -1.5657059031
 -1.5657073770
 -1.5679134377
 -1.5584159968
 -1.5628501845
 -1.5709232177
 -1.5626275321
 -1.5624838412
 -1.5610308995
 -1.5603444628
 -1.5632191643
 -1.5678734489
 -1.5547306951
 -1.5602932212
 -1.5602869294
 -1.5638976922
 -1.5616637645
 -1.5648837442
 -1.5592084656
 -1.5642644708
 -1.5669210686
 -1.5602979491
 -1.5633741265
 -1.5613892118
 -1.5506140561
 -1.5607548485
 -1.5644850264
 -1.5651101003
 -1.5667477782
 -1.5710449720
 -1.5628088968
 -1.5584664577
 -1.5568921563
 -1.5658296194
 -1.5591574761
 -1.5599500136
 -1.5592166844
 -1.5567599565
 -1.5576740272
 -1.5533903109
 -1.5544269271
 -1.5532617289
 -1.5628833094
 -1.5654867059
 -1.5597233712
 -1.5643602806
 -1.5569280782
 -1.5599135946
 -1.5584031644
 -1.5558208487
 -1.5591945136
 -1.5677630162
 -1.5598731509
 -1.5631456687
 -1.5592756399
 -1.5636049939
 -1.5587569505
 -1.5599342836
 -1.5573574176
 -1.5638562892
 -1.5600855596
 -1.5638206834
 -1.5644031629
 -1.5639226005
 -1.5679026290
 -1.5548118357
 -1.5641787134
 -1.5619868355
 -1.5632890064
 -1.5617487410
 -1.5643852844
 -1.5646966536
 -1.5632774735
 -1.5669383820
 -1.5573757419
 -1.5515701472
 -1.5604602142
 -1.5585910279
 -1.5655065762
 -1.5596611362
 -1.5614529656
 -1.5573231153
 -1.5653553851
 -1.5754716942
 -1.5633236380
 -1.5640003907
 -1.5676120632
 -1.5639998819
 -1.5667763051
 -1.5600419579
 -1.5573392978
 -1.5557325408
 -1.5681264722
 -1.5686548216
 -1.5724352780
 -1.5597533643
 -1.5586664675
 -1.5580924964
 -1.5632191276
 -1.5698440836
 -1.5563129684
 -1.5641075921
 -1.5664279621
 -1.5620850826
 -1.5650209927
 -1.5625917741
 -1.5600146845
 -1.5677178398
 -1.5593413341
 -1.5553044257
 -1.5557063244
 -1.5562595049
 -1.5674444036
 -1.5628695284
 -1.5601237024
 -1.5585561925
 -1.5561106613
 -1.5567656285
 -1.5688957419
 -1.5703562210
 -1.5622015519
 -1.5635261344
 -1.5624673041
 -1.5696993198
 -1.5589752628
 -1.5639666418
 -1.5700225560
 -1.5635407011
 -1.5596998785
 -1.5642225525
 -1.5633637432
 -1.5645206148
 -1.5568304714
 -1.5556686094
 -1.5709269593
 -1.5680577601
 -1.5638556475
 -1.5638715494
 -1.5618735824
 -1.5587198626
 -1.5696684078
 -1.5608443955
 -1.5596761869
 -1.5662924415
 -1.5625259712
 -1.5654535123
 -1.5667985495
 -1.5562537049
 -1.5635312473
 -1.5649179457
 -1.5598906396
 -1.5592628542
 -1.5607364498
 -1.5610218377
 -1.5544428616
 -1.5542691150
 -1.5610779637
 -1.5669487868
 -1.5599117894
 -1.5625108927
 -1.5652964837
 -1.5573269399
 -1.5584196690
 -1.5636861132
 -1.5599454956
 -1.5583741439
 -1.5581371195
 -1.5631744014
 -1.5644954614
 -1.5705524519
 -1.5595518099
 -1.5629009658
 -1.5613188455
 -1.5641984493
 -1.5626322194
 -1.5638251257
 -1.5635944590
 -1.5639204290
 -1.5525102012
 -1.5620986593
 -1.5566151507
 -1.5382393206
 -1.5629319786
 -1.5616711796
 -1.5593197528
 -1.5583717199
 -1.5650951835
 -1.5619084114
 -1.5616121971
 -1.5671823600
 -1.5613110051
 -1.5616231972
 -1.5590390271
 -1.5569547933
 -1.5689236322
 -1.5592251856
 -1.5607946068
 -1.5644371926
 -1.5682258734
 -1.5583487022
 -1.5608635236
 -1.5566373162
 -1.5600396549
 -1.5646883777
 -1.5591409610
 -1.5569256566
 -1.5630822130
 -1.5652570690
 -1.5568666993
 -1.5602259347
 -1.5620693820
 -1.5614457654
 -1.5652611630
 -1.5610379594
 -1.5581993962
 -1.5624812872
 -1.5562200970
 -1.5559329728
 -1.5667935349
 -1.5564413691
 -1.5671027492
 -1.5683639734
 -1.5675718298
 -1.5607042150
 -1.5561610195
 -1.5566110962
 -1.5720199666
 -1.5631776654
 -1.5570397716
 -1.5636712598
 -1.5593237729
 -1.5574650418
 -1.5647370215
 -1.5621624584
 -1.5603579785
 -1.5555878690
 -1.5617139234
 -1.5736071645
 -1.5610733542
 -1.5581471314
 -1.5672666943
 -1.5540818777
 -1.5617654734
 -1.5646760295
 -1.5519541034
 -1.5526064137
 -1.5663176021
 -1.5655929763
 -1.5528297438
 -1.5652375675
 -1.5546007434
 -1.5608173724
 -1.5699698887
 -1.5592649817
 -1.5579304708
 -1.5605195389
 -1.5544808710
 -1.5561980803
 -1.5632736507
 -1.5540565058
 -1.5671461682
 -1.5673773388
 -1.5566336997
 -1.5615071890
 -1.5783698346
 -1.5601362197
 -1.5550072819
 -1.5706310451
 -1.5652931506
 -1.5634152267
 -1.5592858930
 -1.5612966693
 -1.5631796475
 -1.5648317197
 -1.5658486383
 -1.5700700728
 -1.5635089327
 -1.5681250930
 -1.5660970766
 -1.5687913263
 -1.5644316906
 -1.5573470130
 -1.5607539893
 -1.5520215171
 -1.5615657561
 -1.5627066343
 -1.5637802507
 -1.5689927407
 -1.5605910964
 -1.5649655552
 -1.5632148908
 -1.5569983098
 -1.5593798903
 -1.5595841867
 -1.5611869635
 -1.5597815007
 -1.5703395263
 -1.5624771921
 -1.5564171685
 -1.5600946024
 -1.5591027623
 -1.5636997375
 -1.5635562218
 -1.5519500255
 -1.5594955685
 -1.5599364827
 -1.5586376067
 -1.5648499664
 -1.5579446861
 -1.5639813370
 -1.5596942501
 -1.5594982111
 -1.5681814121
 -1.5602902457
 -1.5570901978
 -1.5650788610
 -1.5616639802
 -1.5663307806
 -1.5629985258
 -1.5614309082
 -1.5634975219
 -1.5578741725
 -1.5684862100
 -1.5757970217
 -1.5635026789
 -1.5580775942
 -1.5565229725
 -1.5634747013
 -1.5664277841
 -1.5615470458
 -1.5586504652
 -1.5644911961
 -1.5576117309
 -1.5584006492
 -1.5653151124
 -1.5642612094
 -1.5685249151
 -1.5628545692
 -1.5618682086
 -1.5649165486
 -1.5718130401
 -1.5592319068
 -1.5565325986
 -1.5677034994
 -1.5610071088
 -1.5602595448
 -1.5595264305
 -1.5593795029
 -1.5584954192
 -1.5653034536
 -1.5571316233
 -1.5617282151
 -1.5628643648
 -1.5599712416
 -1.5562378495
 -1.5653762027
 -1.5555728589
 -1.5644300617
 -1.5623544145
 -1.5605611272
 -1.5599122706
 -1.5619222592
 -1.5612948995
 -1.5624981151
 -1.5601905529
 -1.5670596004
 -1.5654818291
 -1.5656794382
 -1.5568825026
 -1.5558919713
 -1.5551906544
 -1.5589125116
 -1.5652528368
 -1.5606870268
 -1.5566449523
 -1.5604076487
 -1.5525990083
 -1.5602117040
 -1.5623866729
 -1.5649375113
 -1.5570708933
 -1.5670178096
 -1.5588615193
 -1.5606114796
 -1.5595070478
 -1.5641938338
 -1.5665120006
 -1.5610819667
 -1.5672622390
 -1.5631291684
 -1.5607434540
 -1.5582492340
 -1.5632976571
 -1.5629028431
 -1.5630957152
 -1.5529015804
 -1.5562927186
 -1.5632818039
 -1.5550848740
 -1.5677636172
 -1.5649884210
 -1.5631176675
 -1.5600666052
 -1.5595958442
 -1.5629220338
 -1.5581644937
 -1.5652545031
 -1.5611840117
 -1.5519018973
 -1.5734797696
 -1.5590610134
 -1.5656002818
 -1.5525280236
 -1.5644551676
 -1.5610803090
 -1.5595275972
 -1.5606482851
 -1.5591092860
 -1.5671947574
 -1.5623974227
 -1.5587724352
 -1.5697753109
 -1.5636471862
 -1.5603453239
 -1.5562766979
 -1.5609927472
 -1.5770209395
 -1.5620500629
 -1.5633913144
 -1.5575181405
 -1.5649738559
 -1.5655790234
 -1.5599965253
 -1.5674337586
 -1.5593716304
 -1.5635173414
 -1.5557451068
 -1.5601698946
 -1.5652409704
 -1.5713289063
 -1.5624821442
 -1.5612811483
 -1.5551455211
 -1.5691202082
 -1.5624362408
 -1.5657467172
 -1.5573327865
 -1.5653730413
 -1.5593192670
 -1.5637689624
 -1.5643481985
 -1.5640060762
 -1.5732614179
 -1.5573695410
 -1.5612659456
 -1.5724517263
 -1.5647365117
 -1.5669711621
 -1.5615649252
 -1.5656261547
 -1.5625639626
 -1.5612327769
 -1.5671676713
 -1.5534060858
 -1.5614048612
 -1.5752971149
 -1.5556953915
 -1.5567213829
 -1.5577340412
 -1.5535675583
 -1.5594627845
 -1.5609523273
 -1.5603283419
 -1.5554212662
 -1.5668548314
 -1.5629558505
 -1.5578636642
 -1.5631295394
 -1.5694708345
 -1.5555274852
 -1.5670583454
 -1.5574866267
 -1.5550600033
 -1.5699962929
 -1.5580139292
 -1.5669898737
 -1.5564004850
 -1.5619626911
 -1.5686065659
 -1.5612193275
 -1.5562195044
 -1.5612687075
 -1.5659486918
 -1.5593588799
 -1.5648184806
 -1.5651301178
 -1.5586443966
 -1.5541960037
 -1.5660653063
 -1.5672239955
 -1.5610903573
 -1.5637910098
 -1.5593447778
 -1.5643697970
 -1.5682077603
 -1.5544934744
 -1.5618193502
 -1.5651603974
 -1.5660021584
 -1.5674097078
 -1.5595496578
 -1.5620380578
 -1.5640336750
 -1.5687398598
 -1.5645777589
 -1.5602520200
 -1.5566993215
 -1.5659070356
 -1.5597763261
 -1.5656170699
 -1.5655929026
 -1.5704959471
 -1.5528544120
 -1.5649006824
 -1.5688650005
 -1.5637923216
 -1.5636392210
 -1.5678288587
 -1.5606180832
 -1.5565067638
 -1.5596846667
 -1.5666730023
 -1.5653795771
 -1.5663384845
 -1.5663514474
 -1.5591420193
 -1.5615716885
 -1.5632909043
 -1.5605695919
 -1.5641826573
 -1.5630052295
 -1.5626862252
 -1.5637881116
 -1.5645984053
 -1.5648614364
 -1.5622267815
 -1.5640456264
 -1.5562999677
 -1.5536488823
 -1.5670021615
 -1.5707522662
 -1.5602457685
 -1.5564253280
 -1.5646303907
 -1.5556631227
 -1.5595817684
 -1.5631514434
 -1.5660401854
 -1.5540318169
 -1.5656724481
 -1.5596622280
 -1.5597209044
 -1.5436674891
 -1.5559912812
 -1.5615187158
 -1.5600470336
 -1.5653251745
 -1.5559741020
 -1.5660490979
 -1.5599316118
 -1.5600071616
 -1.5588120644
 -1.5561824311
 -1.5600969996
 -1.5673675253
 -1.5640078569
 -1.5598767124
 -1.5556990240
 -1.5643099549
 -1.5605366345
 -1.5673381719
 -1.5581470498
 -1.5625109339
 -1.5585799863
 -1.5628656288
 -1.5638831945
 -1.5555174108
 -1.5669298802
 -1.5630077992
 -1.5616798091
 -1.5554364328
 -1.5604876285
 -1.5599281136
 -1.5642226643
 -1.5611658819
 -1.5630926360
 -1.5608439768
 -1.5579799508
 -1.5646014768
 -1.5666980786
 -1.5691804629
 -1.5734540250
 -1.5614933241
 -1.5596975279
 -1.5607651856
 -1.5564094368
 -1.5619412572
 -1.5633061361
 -1.5591536219
 -1.5615171310
 -1.5706514019
 -1.5645788709
 -1.5606691395
 -1.5708739988
 -1.5508438396
 -1.5563904319
 -1.5556263715
 -1.5592944085
 -1.5641003727
 -1.5631624957
 -1.5718185023
 -1.5602213217
 -1.5658787695
 -1.5641744338
 -1.5583443850
 -1.5557320155
 -1.5620263176
 -1.5668016245
 -1.5554737677
 -1.5708254215
 -1.5551058286
 -1.5630177639
 -1.5669419197
 -1.5612318566
 -1.5676599219
 -1.5651556517
 -1.5619443431
 -1.5668603895
 -1.5605702010
 -1.5562327817
 -1.5670032760
 -1.5707623466
 -1.5630213375
 -1.5664232570
 -1.5541561762
 -1.5575270775
 -1.5583781530
 -1.5517210426
 -1.5634725946
 -1.5596670869
 -1.5689915221
 -1.5712031693
 -1.5611711563
 -1.5587790473
 -1.5658817754
 -1.5598786592
 -1.5640725227
 -1.5673337412
 -1.5579508677
 -1.5614090591
 -1.5604901614
 -1.5653641655
 -1.5681670289
 -1.5690353839
 -1.5633885344
 -1.5623703977
 -1.5587020276
 -1.5581855040
 -1.5641596778
 -1.5702306023
 -1.5605367334
 -1.5593352332
 -1.5628105390
 -1.5634748808
 -1.5625237093
 -1.5580829049
 -1.5606078761
 -1.5617026331
 -1.5706521870
 -1.5556606535
 -1.5599358546
 -1.5681944320
 -1.5559562874
 -1.5593734111
 -1.5567487417
 -1.5577546463
 -1.5654144089
 -1.5645277487
 -1.5582002455
 -1.5578865093
 -1.5559444212
 -1.5540801530
 -1.5636317099
 -1.5593994432
 -1.5562278971
 -1.5620913487
 -1.5623393409
 -1.5652033013
 -1.5659165531
 -1.5691003145
 -1.5645614824
 -1.5713797242
 -1.5592150690
 -1.5555347078
 -1.5622159458
 -1.5610522519
 -1.5680090409
 -1.5582669397
 -1.5566480730
 -1.5676779265
 -1.5550662476
 -1.5630520771
 -1.5541438672
 -1.5687515568
 -1.5594325362
 -1.5576001464
 -1.5430746055
 -1.5530995953
 -1.5637542403
 -1.5612141515
 -1.5745416156
 -1.5652529201
 -1.5660268947
 -1.5565074112
 -1.5646379936
 -1.5627143188
 -1.5597006981
 -1.5619701761
 -1.5614912600
 -1.5602304121
 -1.5582547348
 -1.5572892447
 -1.5683034320
 -1.5557547448
 -1.5578157948
 -1.5645842467
 -1.5653448856
 -1.5604143675
 -1.5561729885
 -1.5650287557
 -1.5592179581
 -1.5509167971
 -1.5678902416
 -1.5600208428
 -1.5736487154
 -1.5651855800
 -1.5622419825
 -1.5662287409
 -1.5590844368
 -1.5646949565
 -1.5499698056
 -1.5664134355
 -1.5658304905
 -1.5605500811
 -1.5664071328
 -1.5538545750
 -1.5561913198
 -1.5643199985
 -1.5602894777
 -1.5619398367
 -1.5591325201
 -1.5618622030
 -1.5554495993
 -1.5630554437
 -1.5631068965
 -1.5568061498
 -1.5593491158
 -1.5616331895
 -1.5595090494
 -1.5632399128
 -1.5540608150
 -1.5658075118
 -1.5543255736
 -1.5634940594
 -1.5643707002
 -1.5618087578
 -1.5578979493
 -1.5651761748
 -1.5641714911
 -1.5626785369
 -1.5621834030
 -1.5616424274
 -1.5620484223
 -1.5669462976
 -1.5631502981
 -1.5636250913
 -1.5694893262
 -1.5603479249
 -1.5529789110
 -1.5539495753
 -1.5628145811
 -1.5610038827
 -1.5603841866
 -1.5664380312
 -1.5635240260
 -1.5689697644
 -1.5595434681
 -1.5689313915
 -1.5564528354
 -1.5594210839
 -1.5569681393
 -1.5654291570
 -1.5620862833
 -1.5636808850
 -1.5596717977
 -1.5676648502
 -1.5570073753
 -1.5658619576
 -1.5645230848
 -1.5602910315
 -1.5661795271
 -1.5721162157
 -1.5621073402
 -1.5586470737
 -1.5667834979
 -1.5641769379
 -1.5662906549
 -1.5609216443
 -1.5595469740
 -1.5653554743
 -1.5644090519
 -1.5610216270
 -1.5689810745
 -1.5683419033
 -1.5635035975
 -1.5542609306
 -1.5645138355
 -1.5590318844
 -1.5552545319
 -1.5690401069
 -1.5644719577
 -1.5646458685
 -1.5658945209
 -1.5656387979
 -1.5650196633
 -1.5664164101
 -1.5581563062
 -1.5647425896
 -1.5646325919
 -1.5642106560
 -1.5654530455
 -1.5587477784
 -1.5652345333
 -1.5632307245
 -1.5604186492
 -1.5490632074
 -1.5644274100
 -1.5577837890
 -1.5570915950
 -1.5603243036
 -1.5562230888
 -1.5344819484
 -1.5621956616
 -1.5645387547
 -1.5603477521
 -1.5585107229
 -1.5589629604
 -1.5607005121
 -1.5686524679
 -1.5613645545
 -1.5529498109
 -1.5570608199
 -1.5567188189
 -1.5560217256
 -1.5616877733
 -1.5562955486
 -1.5621714521
 -1.5561052766
 -1.5559622485
 -1.5595860898
 -1.5685695993
 -1.5617995617
 -1.5581676170
 -1.5628279972
 -1.5715221417
 -1.5642308390
