 -1.5628668811
 -1.5583550850
 -1.5591355665
 -1.5641511794
 -1.5599826187
 -1.5579659714
 -1.5557117734
 -1.5569544040
 -1.5701279902
 -1.5622834888
 -1.5657618206
 -1.5643403712
 -1.5656085195
 -1.5641860515
 -1.5581122675
 -1.5625638458
 -1.5599976898
 -1.5595863081
 -1.5653945172
 -1.5608407326
 -1.5683176391
 -1.5729300247
 -1.5585016769
 -1.5572548228
 -1.5648668966
 -1.5605980192
 -1.5611776451
 -1.5700986294
 -1.5600916183
 -1.5539954049
 -1.5605202276
 -1.5646868006
 -1.5540079773
 -1.5625754389
 -1.5640843518
 -1.5525192540
 -1.5631310397
 -1.5592982578
 -1.5626402721
 -1.5495612390
 -1.5634251761
 -1.5572757592
 -1.5583757568
 -1.5708416308
 -1.5635108014
 -1.5661671223
 -1.5654759087
 -1.5651525920
 -1.5632722985
 -1.5688665835
 -1.5637187406
 -1.5628422179
 -1.5544139145
 -1.5639989176
 -1.5609637953
 -1.5590366428
 -1.5660674728
 -1.5649816174
 -1.5740882567
 -1.5532569807
 -1.5624736730
 -1.5641287733
 -1.5594247120
 -1.5585156512
 -1.5643999874
 -1.5646616913
 -1.5612761185
 -1.5690782163
 -1.5667440848
 -1.5656556437
 -1.5592516616
 -1.5545357530
 -1.5585634201
 -1.5622213679
 -1.5612030451
 -1.5805947271
 -1.5594044195
 -1.5676724840
 -1.5607353108
 -1.5600470699
 -1.5604727681
 -1.5569955755
 -1.5523291009
 -1.5506979732
 -1.5685521765
 -1.5692601312
 -1.5662442326
 -1.5632579714
 -1.5586548554
 -1.5734268285
 -1.5648368521
 -1.5678958422
 -1.5613253612
 -1.5694357563
 -1.5511257528
 -1.5621722845
 -1.5552071626
 -1.5640416867
 -1.5570611349
 -1.5576581925
 -1.5675621085
 -1.5658928969
 -1.5642877418
 -1.5676770158
 -1.5633968318
 -1.5581740912
 -1.5645492739
 -1.5610501949
 -1.5582546849
 -1.5633330698
 -1.5632388128
 -1.5605072044
 -1.5587069703
 -1.5555010720
 -1.5644562085
 -1.5604063087
 -1.5728361016
 -1.5586327039
 -1.5658742450
 -1.5581590123
 -1.5670590177
 -1.5566594016
 -1.5592339661
 -1.5576812273
 -1.5592723359
 -1.5661322965
 -1.5548153784
 -1.5542381074
 -1.5564636755
 -1.5654544829
 -1.5559169080
 -1.5626173418
 -1.5660080460
 -1.5652461232
 -1.5710556233
 -1.5520248918
 -1.5635314836
 -1.5566737627
 -1.5626526446
 -1.5695354477
 -1.5655638044
 -1.5515503728
 -1.5626500481
 -1.5566891515
 -1.5558666261
 -1.5608864145
 -1.5592333998
 -1.5593843878
 -1.5620423128
 -1.5604552469
 -1.5586801406
 -1.5670997080
 -1.5573695694
 -1.5550678860
 -1.5678623905
 -1.5559915816
 -1.5705683637
 -1.5576814328
 -1.5626496461
 -1.5611260363
 -1.5548242654
 -1.5642985109
 -1.5574584677
 -1.5635249265
 -1.5613101845
 -1.5607440809
 -1.5614486002
 -1.5661708646
 -1.5635189245
 -1.5603471447
 -1.5650226598
 -1.5614784065
 -1.5651160765
 -1.5660216761
 -1.5598871723
 -1.5568638531
 -1.5608212263
 -1.5523556271
 -1.5684439194
 -1.5620435558
 -1.5699901281
 -1.5573981368
 -1.5574733839
 -1.5617650229
 -1.5572756739
 -1.5639095831
 -1.5586444240
 -1.5668208241
 -1.5695845492
 -1.5653586458
 -1.5510785752
 -1.5626553872
 -1.5621855186
 -1.5602103387
 -1.5683177199
 -1.5595181091
 -1.5633755304
 -1.5582490316
 -1.5557633650
 -1.5512901219
 -1.5639701368
 -1.5585289865
 -1.5622440551
 -1.5575362044
 -1.5575904917
 -1.5562669392
 -1.5537575271
 -1.5611284804
 -1.5640499815
 -1.5609066541
 -1.5642677234
 -1.5587101512
 -1.5645689479
 -1.5636341911
 -1.5649116679
 -1.5574173059
 -1.5623439097
 -1.5605968414
 -1.5622028970
 -1.5568087450
 -1.5630644703
 -1.5679950127
 -1.5555089523
 -1.5605364935
 -1.5693959321
 -1.5527380204
 -1.5569734420
 -1.5616056286
 -1.5610665612
 -1.5571034177
 -1.5645320136
 -1.5501300929
 -1.5536631670
 -1.5629477654
 -1.5589219146
 -1.5627508568
 -1.5646872848
 -1.5535879271
 -1.5723346457
 -1.5717991579
 -1.5737154501
 -1.5646252250
 -1.5643088919
 -1.5702820290
 -1.5591754449
 -1.5568658787
 -1.5674122798
 -1.5625551045
 -1.5582887653
 -1.5726944809
 -1.5560000809
 -1.5586205977
 -1.5694244926
 -1.5606252111
 -1.5544047250
 -1.5620441270
 -1.5639871524
 -1.5563317070
 -1.5604405891
 -1.5593736495
 -1.5651492294
 -1.5570315454
 -1.5519443973
 -1.5625798424
 -1.5608972111
 -1.5508133976
 -1.5613465851
 -1.5695003359
 -1.5628834132
 -1.5649465346
 -1.5611336116
 -1.5594125752
 -1.5655090475
 -1.5616769110
 -1.5720025682
 -1.5631139395
 -1.5640317423
 -1.5676846046
 -1.5660318451
 -1.5627183833
 -1.5580258402
 -1.5593828822
 -1.5729004355
 -1.5541126391
 -1.5630802464
 -1.5566173229
 -1.5652434589
 -1.5616749775
 -1.5695742391
 -1.5653628936
 -1.5623731957
 -1.5528329049
 -1.5598001103
 -1.5684451212
 -1.5552809114
 -1.5633415860
 -1.5565950733
 -1.5556205447
 -1.5612698108
 -1.5647400123
 -1.5523585687
 -1.5514402909
 -1.5639705739
 -1.5637923659
 -1.5542195117
 -1.5596811928
 -1.5615852695
 -1.5587523942
 -1.5612795754
 -1.5607040972
 -1.5583307489
 -1.5686947856
 -1.5555379277
 -1.5530766888
 -1.5639070919
 -1.5637389489
 -1.5556626793
 -1.5634097826
 -1.5560050962
 -1.5586246470
 -1.5684643156
 -1.5595860871
 -1.5634538908
 -1.5651396872
 -1.5649322411
 -1.5538487025
 -1.5611078078
 -1.5594822959
 -1.5574806952
 -1.5660943439
 -1.5670652588
 -1.5601545016
 -1.5604028457
 -1.5635169608
 -1.5692032427
 -1.5537124253
 -1.5621678823
 -1.5504556998
 -1.5545502848
 -1.5589187898
 -1.5614899904
 -1.5741164149
 -1.5652030925
 -1.5685301316
 -1.5589332186
 -1.5687138548
 -1.5582823655
 -1.5661994308
 -1.5654411768
 -1.5697450770
 -1.5573205572
 -1.5611111711
 -1.5622772599
 -1.5636490474
 -1.5574923655
 -1.5695813747
 -1.5544720257
 -1.5646970210
 -1.5609765974
 -1.5668110144
 -1.5697331378
 -1.5653020127
 -1.5573713785
 -1.5702574787
 -1.5642741459
 -1.5665072978
 -1.5585135957
 -1.5639461249
 -1.5600555226
 -1.5698158801
 -1.5624440548
 -1.5619313950
 -1.5674821933
 -1.5561048219
 -1.5630463695
 -1.5582161397
 -1.5734317923
 -1.5609265048
 -1.5625756455
 -1.5627647914
 -1.5728853151
 -1.5637148025
 -1.5638715295
 -1.5662804085
 -1.5604488009
 -1.5638939288
 -1.5597104896
 -1.5646171964
 -1.5581625779
 -1.5631359361
 -1.5693037256
 -1.5560687478
 -1.5578853734
 -1.5537799477
 -1.5613330548
 -1.5653900424
 -1.5523721809
 -1.5639647933
 -1.5596749299
 -1.5595528465
 -1.5648644119
 -1.5626973462
 -1.5555934208
 -1.5622883032
 -1.5628902227
 -1.5641279847
 -1.5703366758
 -1.5548939853
 -1.5585844731
 -1.5666923206
 -1.5553385708
 -1.5569120653
 -1.5559992664
 -1.5604453007
 -1.5642510316
 -1.5584218386
 -1.5580683709
 -1.5678164588
 -1.5598853452
 -1.5616963938
 -1.5507960020
 -1.5587331021
 -1.5553805457
 -1.5613191240
 -1.5617089466
 -1.5654463980
 -1.5585411232
 -1.5511733417
 -1.5709181099
 -1.5637681741
 -1.5619815427
 -1.5676037693
 -1.5696510695
 -1.5694101569
 -1.5634810970
 -1.5650623572
 -1.5649654417
 -1.5597558962
 -1.5615529828
 -1.5691613089
 -1.5571707807
 -1.5589710501
 -1.5619920031
 -1.5556424336
 -1.5609244620
 -1.5646597844
 -1.5595148325
 -1.5603566002
 -1.5666680384
 -1.5547736509
 -1.5610702465
 -1.5677989445
 -1.5635582455
 -1.5580012320
 -1.5638226709
 -1.5674045813
 -1.5704505581
 -1.5540538092
 -1.5568268283
 -1.5627723649
 -1.5616820501
 -1.5602194622
 -1.5605313436
 -1.5469582652
 -1.5635733092
 -1.5567683297
 -1.5541815756
 -1.5606847130
 -1.5582640018
 -1.5483865521
 -1.5629109760
 -1.5608195120
 -1.5530909479
 -1.5592140660
 -1.5602459631
 -1.5620350931
 -1.5607275114
 -1.5701784651
 -1.5686183402
 -1.5578907328
 -1.5721172787
 -1.5655485156
 -1.5573726287
 -1.5656019518
 -1.5577238857
 -1.5574070494
 -1.5584816745
 -1.5518948350
 -1.5586753283
 -1.5637770615
 -1.5645955291
 -1.5651195168
 -1.5627734791
 -1.5600933010
 -1.5671725254
 -1.5611815782
 -1.5641778691
 -1.5662975721
 -1.5602098372
 -1.5496209088
 -1.5617900820
 -1.5662171202
 -1.5639246121
 -1.5649481158
 -1.5618334867
 -1.5682037520
 -1.5601404633
 -1.5701483997
 -1.5630120480
 -1.5627674724
 -1.5555122813
 -1.5526073844
 -1.5593392435
 -1.5609266520
 -1.5549589078
 -1.5565727918
 -1.5660638064
 -1.5690061024
 -1.5714310133
 -1.5580578798
 -1.5634800421
 -1.5526329250
 -1.5655189394
 -1.5604029877
 -1.5673404429
 -1.5703991708
 -1.5635007207
 -1.5540144315
 -1.5559130120
 -1.5605585085
 -1.5601531221
 -1.5642351008
 -1.5704747506
 -1.5645070237
 -1.5608404205
 -1.5575527553
 -1.5658848328
 -1.5611248227
 -1.5620625185
 -1.5627215240
 -1.5610522366
 -1.5679833628
 -1.5543670858
 -1.5660777510
 -1.5635471296
 -1.5564872159
 -1.5617578368
 -1.5584724168
 -1.5617322297
 -1.5515632136
 -1.5633070924
 -1.5665943981
 -1.5622421817
 -1.5544396617
 -1.5601355447
 -1.5738261791
 -1.5565815669
 -1.5655256386
 -1.5630487330
 -1.5584975937
 -1.5662962442
 -1.5642075138
 -1.5553727149
 -1.5623609162
 -1.5677600260
 -1.5642747497
 -1.5688680671
 -1.5670797501
 -1.5711423404
 -1.5656545325
 -1.5616502776
 -1.5618242962
 -1.5637134798
 -1.5642045463
 -1.5649945833
 -1.5616177841
 -1.5552966424
 -1.5637181581
 -1.5565906164
 -1.5639062294
 -1.5661848667
 -1.5588445831
 -1.5617322072
 -1.5527085961
 -1.5629724998
 -1.5587692397
 -1.5615795874
 -1.5557774872
 -1.5549942045
 -1.5685260937
 -1.5555487820
 -1.5698948923
 -1.5655435036
 -1.5677986392
 -1.5694220344
 -1.5624502818
 -1.5564711055
 -1.5707446358
 -1.5625753305
 -1.5641723828
 -1.5646915432
 -1.5494426070
 -1.5590132629
 -1.5522661348
 -1.5504733887
 -1.5666630020
 -1.5605418193
 -1.5611205801
 -1.5666802049
 -1.5519117624
 -1.5613590938
 -1.5613533284
 -1.5507870444
 -1.5578234681
 -1.5550218539
 -1.5581454761
 -1.5459456274
 -1.5665226655
 -1.5691055519
 -1.5581747623
 -1.5583215716
 -1.5643258346
 -1.5605815845
 -1.5654710177
 -1.5651355269
 -1.5595869408
 -1.5570703780
 -1.5647354235
 -1.5577092142
 -1.5552722327
 -1.5635556258
 -1.5624753974
 -1.5521485560
 -1.5711601538
 -1.5586044531
 -1.5663847243
 -1.5624369643
 -1.5513025667
 -1.5611332163
 -1.5605152189
 -1.5504221854
 -1.5578372672
 -1.5717149305
 -1.5535037358
 -1.5650157947
 -1.5549159319
 -1.5555016029
 -1.5658745725
 -1.5664456847
 -1.5613545232
 -1.5592437946
 -1.5611678344
 -1.5688300583
 -1.5650701676
 -1.5557264363
 -1.5683148299
 -1.5671768509
 -1.5599326139
 -1.5588035571
 -1.5588697860
 -1.5632240361
 -1.5572750608
 -1.5664877837
 -1.5553131386
 -1.5624962065
 -1.5615045187
 -1.5598995939
 -1.5616383983
 -1.5621791809
 -1.5602314108
 -1.5641101548
 -1.5689941762
 -1.5637678565
 -1.5620555248
 -1.5644950889
 -1.5653660093
 -1.5670327844
 -1.5524356547
 -1.5682586483
 -1.5580469197
 -1.5588870315
 -1.5555504062
 -1.5592561139
 -1.5611179015
 -1.5655203878
 -1.5488578251
 -1.5688959123
 -1.5652807499
 -1.5606579043
 -1.5651951494
 -1.5614935048
 -1.5577924463
 -1.5562809234
 -1.5568744443
 -1.5570985022
 -1.5557431182
 -1.5560394265
 -1.5583984054
 -1.5534701579
 -1.5605541179
 -1.5670995220
 -1.5570236253
 -1.5670122527
 -1.5677464465
 -1.5578289420
 -1.5547874149
 -1.5667171957
 -1.5606667603
 -1.5579264234
 -1.5620314682
 -1.5658523107
 -1.5576612762
 -1.5585207239
 -1.5590592937
 -1.5620363792
 -1.5612389345
 -1.5685575380
 -1.5568281084
 -1.5582401387
 -1.5585876216
 -1.5614356268
 -1.5586998720
 -1.5579113497
 -1.5609052140
 -1.5557735270
 -1.5551670923
 -1.5555987997
 -1.5583347500
 -1.5681827649
 -1.5606669182
 -1.5653235719
 -1.5652264122
 -1.5592092785
 -1.5629514560
 -1.5671828906
 -1.5609447728
 -1.5672445611
 -1.5648326309
 -1.5569360673
 -1.5638045298
 -1.5565076293
 -1.5671779214
 -1.5699373131
 -1.5573281211
 -1.5672741398
 -1.5550048934
 -1.5567727624
 -1.5664615839
 -1.5612767840
 -1.5598085721
 -1.5664539025
 -1.5691127681
 -1.5625546402
 -1.5610328928
 -1.5608131796
 -1.5597045680
 -1.5663650334
 -1.5590918625
 -1.5621549675
 -1.5598914444
 -1.5600098817
 -1.5627638500
 -1.5543429660
 -1.5524580700
 -1.5549918740
 -1.5556822772
 -1.5592570484
 -1.5627011418
 -1.5645952350
 -1.5643902600
 -1.5716638073
 -1.5586660795
 -1.5606602517
 -1.5610517902
 -1.5686582693
 -1.5715158230
 -1.5735735116
 -1.5585249220
 -1.5593618736
 -1.5539488339
 -1.5706378597
 -1.5565889885
 -1.5686703518
 -1.5627819241
 -1.5632103940
 -1.5654086220
 -1.5623811728
 -1.5651159852
 -1.5672178158
 -1.5642749689
 -1.5654751949
 -1.5648220787
 -1.5714004484
 -1.5612444729
 -1.5581753072
 -1.5649860602
 -1.5634197025
 -1.5529439915
 -1.5550537985
 -1.5623208133
 -1.5603785618
 -1.5603031953
 -1.5622008073
 -1.5577177599
 -1.5628392342
 -1.5606775218
 -1.5634851269
 -1.5592612107
 -1.5649485957
 -1.5622408612
 -1.5716270964
 -1.5561972828
 -1.5658376275
 -1.5605474484
 -1.5560979819
 -1.5594814792
 -1.5559776369
 -1.5589264947
 -1.5698463465
 -1.5505347707
 -1.5617418622
 -1.5650109221
 -1.5674432583
 -1.5608707402
 -1.5598954578
 -1.5665851224
 -1.5626990346
 -1.5580200270
 -1.5608314308
 -1.5519252403
 -1.5628431544
 -1.5654844194
 -1.5651945541
 -1.5646753910
 -1.5679628486
 -1.5619557219
 -1.5618896066
 -1.5561979570
 -1.5529899324
 -1.5614390633
 -1.5495892610
 -1.5609670641
 -1.5572759182
 -1.5630417416
 -1.5591725026
 -1.5545262983
 -1.5649663138
 -1.5526759103
 -1.5637407279
 -1.5545990225
 -1.5640127003
 -1.5667105720
 -1.5608838583
 -1.5559925640
 -1.5544698131
 -1.5591300687
 -1.5609760023
 -1.5581606511
 -1.5612090306
 -1.5617990841
 -1.5647884635
 -1.5614653268
 -1.5588977215
 -1.5676763470
 -1.5549113204
 -1.5623211921
 -1.5581799437
 -1.5629377119
 -1.5515557770
 -1.5612443392
 -1.5660360212
 -1.5588463003
 -1.5640791370
 -1.5630319395
 -1.5554591963
 -1.5549751836
 -1.5581023475
 -1.5549962669
 -1.5571939525
 -1.5642645142
 -1.5594549137
 -1.5615688939
 -1.5596280009
 -1.5660815803
 -1.5609788564
 -1.5601448569
 -1.5628287950
 -1.5592277188
 -1.5524309504
 -1.5533970225
 -1.5637438104
 -1.5583511527
 -1.5578649552
 -1.5597949163
 -1.5570934035
 -1.5570498947
 -1.5596354336
 -1.5591245425
 -1.5583849616
 -1.5578378949
 -1.5535521153
 -1.5722817095
 -1.5566029582
 -1.5635607313
 -1.5636842748
 -1.5560420867
 -1.5611456146
 -1.5622682430
 -1.5621567360
 -1.5593157727
 -1.5531121766
 -1.5661312222
 -1.5536326526
 -1.5562724608
 -1.5629439529
 -1.5683144987
 -1.5657730487
 -1.5585610748
 -1.5682179807
 -1.5661899440
 -1.5624386253
 -1.5699124389
 -1.5638180796
 -1.5594688659
 -1.5587423579
 -1.5590084299
 -1.5582333119
 -1.5632148650
 -1.5602433068
 -1.5535788147
 -1.5638927631
 -1.5598435500
 -1.5555023426
 -1.5626829919
 -1.5669986301
 -1.5635724642
 -1.5649457271
 -1.5505781044
 -1.5598553284
 -1.5694338147
 -1.5685639386
 -1.5611294884
 -1.5558009516
 -1.5610944846
 -1.5605348216
 -1.5655605539
 -1.5683298005
 -1.5642040807
 -1.5596837314
 -1.5661592666
 -1.5651047648
 -1.5703724751
 -1.5569480300
 -1.5591449587
 -1.5697837253
 -1.5685735793
 -1.5593663311
 -1.5687934435
 -1.5571164218
 -1.5623810065
 -1.5603035826
 -1.5660254530
 -1.5586700578
 -1.5677680577
 -1.5702050218
 -1.5512353922
 -1.5622744797
 -1.5637383460
 -1.5598308040
 -1.5626611584
 -1.5537837446
 -1.5610408302
 -1.5586242978
 -1.5585565159
 -1.5582943837
 -1.5645969180
 -1.5637179208
 -1.5616816071
 -1.5588918319
 -1.5709295046
 -1.5600657458
 -1.5587358770
 -1.5672138300
 -1.5615888553
 -1.5650334098
 -1.5641599011
 -1.5596539409
 -1.5618753315
 -1.5723717960
 -1.5426239317
 -1.5557743035
 -1.5664767223
 -1.5583274973
 -1.5674007973
 -1.5656906673
 -1.5578323535
 -1.5600550659
 -1.5639494873
 -1.5548533728
 -1.5570463446
