 -1.5634174407
 -1.5418953656
 -1.5568954944
 -1.5693238805
 -1.5712072331
 -1.5617753811
 -1.5568093224
 -1.5320567963
 -1.5656515461
 -1.5636021383
 -1.5752810655
 -1.5569910873
 -1.5512532820
 -1.5610243948
 -1.5506105093
 -1.5506948561
 -1.5797674954
 -1.5662066005
 -1.5596413838
 -1.5446925583
 -1.5483448005
 -1.5444825683
 -1.5505548968
 -1.5594488721
 -1.5498834358
 -1.5508162769
 -1.5646827772
 -1.5482520715
 -1.5709231135
 -1.5707671960
 -1.5483886603
 -1.5607213932
 -1.5862080593
 -1.5609207361
 -1.5566379216
 -1.5537156859
 -1.5580418265
 -1.5421699214
 -1.5734801526
 -1.5488262036
 -1.5647840660
 -1.5499847518
 -1.5669898953
 -1.5641060781
 -1.5558845941
 -1.5583898265
 -1.5560013658
 -1.5495380955
 -1.5625478355
 -1.5307074716
 -1.5487552981
 -1.5425834552
 -1.5285665470
 -1.5764482769
 -1.5598738258
 -1.5592139105
 -1.5685089625
 -1.5823796026
 -1.5604870995
 -1.5575960867
 -1.5496050368
 -1.5735359236
 -1.5538425784
 -1.5648403791
 -1.5567114170
 -1.5684063133
 -1.5601534443
 -1.5581533164
 -1.5533167496
 -1.5775198996
 -1.5503834050
 -1.5389121232
 -1.5626655195
 -1.5531826151
 -1.5740919080
 -1.5727995638
 -1.5595310721
 -1.5686693360
 -1.5553869581
 -1.5565926202
 -1.5468495681
 -1.5572786833
 -1.5461537979
 -1.5703563808
 -1.5553556769
 -1.5524635612
 -1.5486830166
 -1.5646889174
 -1.5694423379
 -1.5464688689
 -1.5473348481
 -1.5760874682
 -1.5791442741
 -1.5654920894
 -1.5324053254
 -1.5503454060
 -1.5619681191
 -1.5661122679
 -1.5678196167
 -1.5805271645
 -1.5553650953
 -1.5529688908
 -1.5600352358
 -1.5574909433
 -1.5487288989
 -1.5691953226
 -1.5554577664
 -1.5489078373
 -1.5601504686
 -1.5652731289
 -1.5697176205
 -1.5586324404
 -1.5776841814
 -1.5408768997
 -1.5166815225
 -1.5532427931
 -1.5681233172
 -1.5620594255
 -1.5566641159
 -1.5621690780
 -1.5442653779
 -1.5788918306
 -1.5510419030
 -1.5540889119
 -1.5581172123
 -1.5346467139
 -1.5618735641
 -1.5592822270
 -1.5386380170
 -1.5557673025
 -1.5452916983
 -1.5824753043
 -1.5465217263
 -1.5784271811
 -1.5603906006
 -1.5561779601
 -1.5319801042
 -1.5660305942
 -1.5698350987
 -1.5733234952
 -1.5824178136
 -1.5444800975
 -1.5743218103
 -1.5517137170
 -1.5504854454
 -1.5646468731
 -1.5477878492
 -1.5826454247
 -1.5671379807
 -1.5582361462
 -1.5506387414
 -1.5488254192
 -1.5565355113
 -1.5593982585
 -1.5692631928
 -1.5770267557
 -1.5765230109
 -1.5518603267
 -1.5396084839
 -1.5470740535
 -1.5511248304
 -1.5532324734
 -1.5665972746
 -1.5635258014
 -1.5677815140
 -1.5466215702
 -1.5514521436
 -1.5773718786
 -1.5613130166
 -1.5587678437
 -1.5825062894
 -1.5594985430
 -1.5561549294
 -1.5623326941
 -1.5679951604
 -1.5668298098
 -1.5458867425
 -1.5719283728
 -1.5586064291
 -1.5601676736
 -1.5792605806
 -1.5532352434
 -1.5646087541
 -1.5454965836
 -1.5472327955
 -1.5545290853
 -1.5709548998
 -1.5680319262
 -1.5750100333
 -1.5577668246
 -1.5652284725
 -1.5592549353
 -1.5641454049
 -1.5580327473
 -1.5609680199
 -1.5632894767
 -1.5601995706
 -1.5661747724
 -1.5776217877
 -1.5783435762
 -1.5569386401
 -1.5560701753
 -1.5541598237
 -1.5606358290
 -1.5532412625
 -1.5610613791
 -1.5558222513
 -1.5560441343
 -1.5567955130
 -1.5468587770
 -1.5591585204
 -1.5640190776
 -1.5399029746
 -1.5652205645
 -1.5507287743
 -1.5761095406
 -1.5569607410
 -1.5687376794
 -1.5654530199
 -1.5561068640
 -1.5746907017
 -1.5656980746
 -1.5682973238
 -1.5640816606
 -1.5567999087
 -1.5775339141
 -1.5490270518
 -1.5523063348
 -1.5816360671
 -1.5524653434
 -1.5736676742
 -1.5583187464
 -1.5553836470
 -1.5643741798
 -1.5492907095
 -1.5768056843
 -1.5547272505
 -1.5572699482
 -1.5572449985
 -1.5650490496
 -1.5634951520
 -1.5513630674
 -1.5666438153
 -1.5554985549
 -1.5751724602
 -1.5554036518
 -1.5465624880
 -1.5558173462
 -1.5551142845
 -1.5548171897
 -1.5715999540
 -1.5525221123
 -1.5545490126
 -1.5607700305
 -1.5717563767
 -1.5595093518
 -1.5805583444
 -1.5654811894
 -1.5581310949
 -1.5590575150
 -1.5521661859
 -1.5526533649
 -1.5632413399
 -1.5717765664
 -1.5480989477
 -1.5547290701
 -1.5530120564
 -1.5609657321
 -1.5538645981
 -1.5665200755
 -1.5590087381
 -1.5495853565
 -1.5406585268
 -1.5616272248
 -1.5520095380
 -1.5598253734
 -1.5544315256
 -1.5692610037
 -1.5568231053
 -1.5691869575
 -1.5532810164
 -1.5439786838
 -1.5705340384
 -1.5563287968
 -1.5590087207
 -1.5594211010
 -1.5589799943
 -1.5671647775
 -1.5697023561
 -1.5410611226
 -1.5799149100
 -1.5590995646
 -1.5328205420
 -1.5540905811
 -1.5683555399
 -1.5492994187
 -1.5677061421
 -1.5532398967
 -1.5594385966
 -1.5611557140
 -1.5497665820
 -1.5448715359
 -1.5505600412
 -1.5669635089
 -1.5612053728
 -1.5467727920
 -1.5472939078
 -1.5529597151
 -1.5709389564
 -1.5636746654
 -1.5751635657
 -1.5774842605
 -1.5592063489
 -1.5628316169
 -1.5543860181
 -1.5565688964
 -1.5694407675
 -1.5368601891
 -1.5607057477
 -1.5583961937
 -1.5478128657
 -1.5569277658
 -1.5683472331
 -1.5489646469
 -1.5650122321
 -1.5623482649
 -1.5624814739
 -1.5702258697
 -1.5680573509
 -1.5690147527
 -1.5734976432
 -1.5470533859
 -1.5686970111
 -1.5545586414
 -1.5552166471
 -1.5435973029
 -1.5566439644
 -1.5383581608
 -1.5535984752
 -1.5537791246
 -1.5698069639
 -1.5689249362
 -1.5579256627
 -1.5729056940
 -1.5660663337
 -1.5462578444
 -1.5749320771
 -1.5564867957
 -1.5503703170
 -1.5643498169
 -1.5649892094
 -1.5574789052
 -1.5610455448
 -1.5624405373
 -1.5683821673
 -1.5508726985
 -1.5707928739
 -1.5551872061
 -1.5678606525
 -1.5639130520
 -1.5172806099
 -1.5614518739
 -1.5802635889
 -1.5663971117
 -1.5579245707
 -1.5612746908
 -1.5642276288
 -1.5467631318
 -1.5502798275
 -1.5607775523
 -1.5553521505
 -1.5424474863
 -1.5543520079
 -1.5630075735
 -1.5618152370
 -1.5545519595
 -1.5556113805
 -1.5597850730
 -1.5547968454
 -1.5424516425
 -1.5763533953
 -1.5288992879
 -1.5510218947
 -1.5480612950
 -1.5683217742
 -1.5615781742
 -1.5549308398
 -1.5573238401
 -1.5490662983
 -1.5474408724
 -1.5534809716
 -1.5695572985
 -1.5542184817
 -1.5533990100
 -1.5526023306
 -1.5615035753
 -1.5641320082
 -1.5467164424
 -1.5591843222
 -1.5720430582
 -1.5441785200
 -1.5484195986
 -1.5642837192
 -1.5593868450
 -1.5645467114
 -1.5637161817
 -1.5822176466
 -1.5637405653
 -1.5506401678
 -1.5488545386
 -1.5594490219
 -1.5666430418
 -1.5677428823
 -1.5574949826
 -1.5716745795
 -1.5644510300
 -1.5499503970
 -1.5667457569
 -1.5603131407
 -1.5702990195
 -1.5539804598
 -1.5661231077
 -1.5585517308
 -1.5718880078
 -1.5593880242
 -1.5827841634
 -1.5564312850
 -1.5579115636
 -1.5613388282
 -1.5671008177
 -1.5648271421
 -1.5594689996
 -1.5500490603
 -1.5658140573
 -1.5577898741
 -1.5701400334
 -1.5641639354
 -1.5414743468
 -1.5450636926
 -1.5544780148
 -1.5628162408
 -1.5638515237
 -1.5575113462
 -1.5449881815
 -1.5594468154
 -1.5827795538
 -1.5501910344
 -1.5424696327
 -1.5342298215
 -1.5453139654
 -1.5688009562
 -1.5834392954
 -1.5644198135
 -1.5641291165
 -1.5647182077
 -1.5522882621
 -1.5488911401
 -1.5455650237
 -1.5557610572
 -1.5718382443
 -1.5537344926
 -1.5743149396
 -1.5636178729
 -1.5668826544
 -1.5500242363
 -1.5627898121
 -1.5608536474
 -1.5562567179
 -1.5467291685
 -1.5354568237
 -1.5521234796
 -1.5568440178
 -1.5643674337
 -1.5508228557
 -1.5598547050
 -1.5563910875
 -1.5483572170
 -1.5516611124
 -1.5628783218
 -1.5614768537
 -1.5422661194
 -1.5671922544
 -1.5465974294
 -1.5670033800
 -1.5617630548
 -1.5529189598
 -1.5618159227
 -1.5474811243
 -1.5519790675
 -1.5544466810
 -1.5574426029
 -1.5638908110
 -1.5589625760
 -1.5532637234
 -1.5443749609
 -1.5587410216
 -1.5673056175
 -1.5744352671
 -1.5478261783
 -1.5706212428
 -1.5491325880
 -1.5674817805
 -1.5451350527
 -1.5483756365
 -1.5667649663
 -1.5636299417
 -1.5609133652
 -1.5601949912
 -1.5639033185
 -1.5590221860
 -1.5505724434
 -1.5638790697
 -1.5551631837
 -1.5697487977
 -1.5641562446
 -1.5613950897
 -1.5663336736
 -1.5567900574
 -1.5628467257
 -1.5788222787
 -1.5594084095
 -1.5547886284
 -1.5483933769
 -1.5669442239
 -1.5637611444
 -1.5515281013
 -1.5598368894
 -1.5773588946
 -1.5677728427
 -1.5504995119
 -1.5526559149
 -1.5583913308
 -1.5752886539
 -1.5597172820
 -1.5694237289
 -1.5780569220
 -1.5680503472
 -1.5521626133
 -1.5718467971
 -1.5493944127
 -1.5736089988
 -1.5504788361
 -1.5425663164
 -1.5506712916
 -1.5727379605
 -1.5714361683
 -1.5651428701
 -1.5509706751
 -1.5515662112
 -1.5787639290
 -1.5488443644
 -1.5563965761
 -1.5655547946
 -1.5564409965
 -1.5563761518
 -1.5540238535
 -1.5506437168
 -1.5762732810
 -1.5656215135
 -1.5636191087
 -1.5647970852
 -1.5496794843
 -1.5820119635
 -1.5619219029
 -1.5624251320
 -1.5728069051
 -1.5677291881
 -1.5463120184
 -1.5523197925
 -1.5712715521
 -1.5624196603
 -1.5492586446
 -1.5545157037
 -1.5632789664
 -1.5724008746
 -1.5558047914
 -1.5576772956
 -1.5677512187
 -1.5699691471
 -1.5535177590
 -1.5677622354
 -1.5581688057
 -1.5646284117
 -1.5541783197
 -1.5567589196
 -1.5630964438
 -1.5595438028
 -1.5718650693
 -1.5706902104
 -1.5523950859
 -1.5604535160
 -1.5404781562
 -1.5595889355
 -1.5446695862
 -1.5548781065
 -1.5690935929
 -1.5700179026
 -1.5387194167
 -1.5531958196
 -1.5407119253
 -1.5627807033
 -1.5644665179
 -1.5569962762
 -1.5575355950
 -1.5718599012
 -1.5463900673
 -1.5399165214
 -1.5427734006
 -1.5580447577
 -1.5553226562
 -1.5548465602
 -1.5668541370
 -1.5784348842
 -1.5613190087
 -1.5543293467
 -1.5617373404
 -1.5426356595
 -1.5605623331
 -1.5470696930
 -1.5667116583
 -1.5505376242
 -1.5570947386
 -1.5612846804
 -1.5702691624
 -1.5707412723
 -1.5622677805
 -1.5406542789
 -1.5417232758
 -1.5451589803
 -1.5648681796
 -1.5457465454
 -1.5542439150
 -1.5696057093
 -1.5524023142
 -1.5642858180
 -1.5726026250
 -1.5737719187
 -1.5479275542
 -1.5608276557
 -1.5742810981
 -1.5517559968
 -1.5636279625
 -1.5832034372
 -1.5515347647
 -1.5573835351
 -1.5692927372
 -1.5563654838
 -1.5689389290
 -1.5692148242
 -1.5392089934
 -1.5645460708
 -1.5776969741
 -1.5560882723
 -1.5429772650
 -1.5654065589
 -1.5595705941
 -1.5677810434
 -1.5509851349
 -1.5722757659
 -1.5611577477
 -1.5516997305
 -1.5585726128
 -1.5697332622
 -1.5573480590
 -1.5628858753
 -1.5712780850
 -1.5735120658
 -1.5517709987
 -1.5658654137
 -1.5750804514
 -1.5590585514
 -1.5525786562
 -1.5734281417
 -1.5518247782
 -1.5659338537
 -1.5576359724
 -1.5693852266
 -1.5634222049
 -1.5433845540
 -1.5646218011
 -1.5367346091
 -1.5552168483
 -1.5665304985
 -1.5576943780
 -1.5456808387
 -1.5583154730
 -1.5772105757
 -1.5407494992
 -1.5742346464
 -1.5670761211
 -1.5683656170
 -1.5733612320
 -1.5856724413
 -1.5720336363
 -1.5667426936
 -1.5534620833
 -1.5510842171
 -1.5569624847
 -1.5280419826
 -1.5550123432
 -1.5555260502
 -1.5540900766
 -1.5536553002
 -1.5615146283
 -1.5657028539
 -1.5593875543
 -1.5600113412
 -1.5523251799
 -1.5533867012
 -1.5513650457
 -1.5853198141
 -1.5889892153
 -1.5891203691
 -1.5911022865
 -1.5536515524
 -1.5420749748
 -1.5411296525
 -1.5407505777
 -1.5475738463
 -1.5508666821
 -1.5633556156
 -1.5623795288
 -1.5675334835
 -1.5494988693
 -1.5645796216
 -1.5306688119
 -1.5551921474
 -1.5476192670
 -1.5581053499
 -1.5599461388
 -1.5638070967
 -1.5503760300
 -1.5512136601
 -1.5638732150
 -1.5629567195
 -1.5620823577
 -1.5634198684
 -1.5453658446
 -1.5647309396
 -1.5542104425
 -1.5716825083
 -1.5677093014
 -1.5631617514
 -1.5641728338
 -1.5414130291
 -1.5579405864
 -1.5743001735
 -1.5577453722
 -1.5465106003
 -1.5618400096
 -1.5585596236
 -1.5652422435
 -1.5669996492
 -1.5716039555
 -1.5861315103
 -1.5699496344
 -1.5611787777
 -1.5584572358
 -1.5597412713
 -1.5661939559
 -1.5656206164
 -1.5712945694
 -1.5504208298
 -1.5630833944
 -1.5235034187
 -1.5583919706
 -1.5594325427
 -1.5481987789
 -1.5613115804
 -1.5374275655
 -1.5630015693
 -1.5552172327
 -1.5479557318
 -1.5651267802
 -1.5528169942
 -1.5570442141
 -1.5508048039
 -1.5697152100
 -1.5522169734
 -1.5694366108
 -1.5463396872
 -1.5538050225
 -1.5501889907
 -1.5556628634
 -1.5586077109
 -1.5653032582
 -1.5480694504
 -1.5572900843
 -1.5563480724
 -1.5346773741
 -1.5767469442
 -1.5688629214
 -1.5700388644
 -1.5687436343
 -1.5721246917
 -1.5514080440
 -1.5558625207
 -1.5328655981
 -1.5431886175
 -1.5602799560
 -1.5453806094
 -1.5341113920
 -1.5488888929
 -1.5786655846
 -1.5656246844
 -1.5603023434
 -1.5797333216
 -1.5529785742
 -1.5486162045
 -1.5584847263
 -1.5608061024
 -1.5498968442
 -1.5439969167
 -1.5621384029
 -1.5497162377
 -1.5491112962
 -1.5635727258
 -1.5442230565
 -1.5595139361
 -1.5616121347
 -1.5550470362
 -1.5554038717
 -1.5702718924
 -1.5531514829
 -1.5441660228
 -1.5649746680
 -1.5638305966
 -1.5610999413
 -1.5520383215
 -1.5668825436
 -1.5314461535
 -1.5716173209
 -1.5823609395
 -1.5558731910
 -1.5578155138
 -1.5733015945
 -1.5513830655
 -1.5760069956
 -1.5613431972
 -1.5539372099
 -1.5594091297
 -1.5637675105
 -1.5697073734
 -1.5620362081
 -1.5565000458
 -1.5612185947
 -1.5591296174
 -1.5781935972
 -1.5764446681
 -1.5500965227
 -1.5587179595
 -1.5587881854
 -1.5525277051
 -1.5745068351
 -1.5545973877
 -1.5645853219
 -1.5458904622
 -1.5481303197
 -1.5670788459
 -1.5576265109
 -1.5411080342
 -1.5576997633
 -1.5658216160
 -1.5497206154
 -1.5671820701
 -1.5556956183
 -1.5482692884
 -1.5569146584
 -1.5651428970
 -1.5557281791
 -1.5662459614
 -1.5752553901
 -1.5610787184
 -1.5543738340
 -1.5513574559
 -1.5684428591
 -1.5544393152
 -1.5413766529
 -1.5522333965
 -1.5567547335
 -1.5671743164
 -1.5636803240
 -1.5553367232
 -1.5616924092
 -1.5547648460
 -1.5758595320
 -1.5828743273
 -1.5659041880
 -1.5409193385
 -1.5562254758
 -1.5611738325
 -1.5541243719
 -1.5768750347
 -1.5617227075
 -1.5664512733
 -1.5642720298
 -1.5629310935
 -1.5772240418
 -1.5716092714
 -1.5481104170
 -1.5591395933
 -1.5472560675
 -1.5497874196
 -1.5841367277
 -1.5457108934
 -1.5466853824
 -1.5598402089
 -1.5551329403
 -1.5582920693
 -1.5481903509
 -1.5699591867
 -1.5647900946
 -1.5662526724
 -1.5699571034
 -1.5598997486
 -1.5367715968
 -1.5793350391
 -1.5748516594
 -1.5794827373
 -1.5409935416
 -1.5526143186
 -1.5587249927
 -1.5381668798
 -1.5514385193
 -1.5591022062
 -1.5579932009
 -1.5628149726
 -1.5435397043
 -1.5674977176
 -1.5584607410
 -1.5511703268
 -1.5536825301
 -1.5843506637
 -1.5742275359
 -1.5683154198
 -1.5562811804
 -1.5559163396
 -1.5571149874
 -1.5604601924
 -1.5767348263
 -1.5668407525
 -1.5494856242
 -1.5317187182
 -1.5568590099
 -1.5556638467
 -1.5629736996
 -1.5571543351
 -1.5552658134
 -1.5520550271
 -1.5502896535
 -1.5564452992
 -1.5568186101
 -1.5559326044
 -1.5524580038
 -1.5594090494
 -1.5512650473
 -1.5724186549
 -1.5910983343
 -1.5665384425
 -1.5531249840
 -1.5392530350
 -1.5706922010
 -1.5422303009
 -1.5739498818
 -1.5540677069
 -1.5486700352
 -1.5524149322
 -1.5392775035
 -1.5610589339
 -1.5470618855
 -1.5533058202
 -1.5535321414
 -1.5703947115
 -1.5937069413
 -1.5562852189
 -1.5545499084
 -1.5595253302
 -1.5531684231
 -1.5542080295
 -1.5688973317
 -1.5495465180
 -1.5788784721
 -1.5572771485
 -1.5439324763
 -1.5779593654
 -1.5686495603
 -1.5499883856
 -1.5652219606
 -1.5615201315
 -1.5414639469
 -1.5569452159
 -1.5634758789
 -1.5636790478
 -1.5532132082
 -1.5414394826
 -1.5471864388
 -1.5532116096
 -1.5626457934
 -1.5539030469
 -1.5810157606
