 -1.5606267911
 -1.5641336045
 -1.5648146090
 -1.5607040991
 -1.5584002400
 -1.5711140786
 -1.5612057808
 -1.5588325524
 -1.5575943675
 -1.5592852603
 -1.5650162879
 -1.5652718902
 -1.5471712793
 -1.5626366924
 -1.5555987576
 -1.5622525247
 -1.5600295206
 -1.5625692912
 -1.5676699448
 -1.5540375722
 -1.5522108203
 -1.5546069228
 -1.5642342333
 -1.5511442859
 -1.5611632888
 -1.5484862640
 -1.5466244176
 -1.5577896023
 -1.5567758278
 -1.5569710789
 -1.5716938042
 -1.5542284536
 -1.5510535513
 -1.5621107945
 -1.5737968987
 -1.5777756226
 -1.5611275879
 -1.5569847580
 -1.5557599541
 -1.5615832408
 -1.5631684392
 -1.5543054172
 -1.5787487791
 -1.5535248687
 -1.5580533791
 -1.5614717608
 -1.5592557015
 -1.5745655017
 -1.5706414105
 -1.5568184882
 -1.5718422468
 -1.5518643306
 -1.5613749451
 -1.5685592365
 -1.5710533609
 -1.5623263661
 -1.5532753072
 -1.5649579982
 -1.5552891571
 -1.5477685814
 -1.5598076028
 -1.5793303400
 -1.5549567451
 -1.5666076811
 -1.5584158403
 -1.5575235726
 -1.5494473284
 -1.5562255186
 -1.5485790495
 -1.5689384612
 -1.5525586982
 -1.5591811429
 -1.5729604705
 -1.5536008267
 -1.5649837881
 -1.5580022326
 -1.5476787952
 -1.5468256623
 -1.5579438972
 -1.5562958207
 -1.5682992873
 -1.5707622619
 -1.5714442770
 -1.5526340085
 -1.5595433599
 -1.5541284687
 -1.5590455211
 -1.5723427407
 -1.5640910103
 -1.5492314988
 -1.5583528790
 -1.5718190136
 -1.5501978164
 -1.5552613998
 -1.5516604692
 -1.5666132384
 -1.5553110202
 -1.5564219541
 -1.5747850884
 -1.5608490224
 -1.5611056242
 -1.5487994815
 -1.5547798625
 -1.5659833095
 -1.5517487384
 -1.5723730259
 -1.5650570523
 -1.5575188403
 -1.5630418267
 -1.5540907250
 -1.5652530250
 -1.5532157585
 -1.5650833142
 -1.5517073921
 -1.5622603727
 -1.5506529952
 -1.5600882505
 -1.5612056052
 -1.5674047462
 -1.5669464967
 -1.5643236538
 -1.5667931554
 -1.5644135736
 -1.5519377818
 -1.5614167938
 -1.5678460569
 -1.5765019035
 -1.5657039154
 -1.5579382784
 -1.5689794960
 -1.5477030159
 -1.5590626016
 -1.5654430350
 -1.5547629522
 -1.5574851552
 -1.5616664237
 -1.5578494525
 -1.5599827513
 -1.5607666208
 -1.5506861919
 -1.5612492594
 -1.5534337978
 -1.5698962150
 -1.5425330615
 -1.5651084800
 -1.5542315409
 -1.5558519124
 -1.5598678000
 -1.5705015649
 -1.5506580759
 -1.5592852720
 -1.5593199898
 -1.5506688987
 -1.5740277109
 -1.5659469822
 -1.5642685354
 -1.5588399570
 -1.5540000563
 -1.5620357442
 -1.5597074840
 -1.5646638318
 -1.5620968602
 -1.5621060733
 -1.5598809413
 -1.5652279950
 -1.5553372345
 -1.5666012509
 -1.5567267063
 -1.5686821147
 -1.5475646020
 -1.5798544658
 -1.5528302942
 -1.5591296449
 -1.5644064958
 -1.5565544685
 -1.5563457840
 -1.5596332367
 -1.5548761924
 -1.5709432092
 -1.5592165141
 -1.5731458267
 -1.5646569428
 -1.5685268339
 -1.5609538100
 -1.5644417766
 -1.5543854260
 -1.5795980427
 -1.5638520492
 -1.5598358833
 -1.5469724161
 -1.5487081790
 -1.5567880939
 -1.5541018099
 -1.5729770457
 -1.5616454727
 -1.5624931706
 -1.5586369945
 -1.5584472838
 -1.5631715178
 -1.5762419139
 -1.5547230872
 -1.5676038070
 -1.5591054739
 -1.5706758543
 -1.5650359854
 -1.5688855724
 -1.5669589111
 -1.5506328487
 -1.5581683565
 -1.5702290095
 -1.5591833605
 -1.5653180708
 -1.5647684203
 -1.5609122465
 -1.5729003965
 -1.5543662866
 -1.5655718432
 -1.5684110223
 -1.5623613062
 -1.5590088981
 -1.5577253927
 -1.5660385257
 -1.5560823331
 -1.5574258630
 -1.5590255714
 -1.5694114896
 -1.5584495703
 -1.5760849991
 -1.5643708742
 -1.5698035925
 -1.5707874148
 -1.5603387357
 -1.5627315778
 -1.5602368667
 -1.5545508527
 -1.5462090483
 -1.5557915271
 -1.5515773522
 -1.5577103908
 -1.5518149591
 -1.5684257336
 -1.5404239681
 -1.5662064105
 -1.5693677979
 -1.5594290876
 -1.5513593226
 -1.5559376959
 -1.5587250549
 -1.5598536413
 -1.5497944790
 -1.5577971860
 -1.5565900142
 -1.5578891846
 -1.5467157339
 -1.5389496409
 -1.5521365969
 -1.5602549156
 -1.5559402423
 -1.5634846576
 -1.5524332832
 -1.5486098277
 -1.5648410257
 -1.5526023687
 -1.5524716442
 -1.5619381568
 -1.5530068832
 -1.5690364635
 -1.5760425913
 -1.5590971388
 -1.5510458832
 -1.5513249198
 -1.5434372995
 -1.5539651831
 -1.5518902794
 -1.5572351064
 -1.5699187906
 -1.5698498258
 -1.5449678259
 -1.5549785299
 -1.5734987010
 -1.5693915333
 -1.5475023448
 -1.5576590061
 -1.5751583587
 -1.5581497249
 -1.5596302285
 -1.5599129647
 -1.5586450979
 -1.5595953829
 -1.5604245477
 -1.5638125219
 -1.5572551310
 -1.5526410007
 -1.5564130525
 -1.5743950478
 -1.5543507942
 -1.5558451869
 -1.5603209358
 -1.5584284830
 -1.5597711842
 -1.5612312568
 -1.5524338227
 -1.5507812618
 -1.5636194120
 -1.5666087870
 -1.5603745642
 -1.5562341975
 -1.5569360548
 -1.5576034615
 -1.5587876495
 -1.5592076865
 -1.5597438974
 -1.5652866307
 -1.5659097165
 -1.5734240300
 -1.5615370195
 -1.5651648570
 -1.5563140129
 -1.5508794797
 -1.5516153404
 -1.5659457907
 -1.5552841740
 -1.5690465528
 -1.5692836461
 -1.5530390031
 -1.5636622501
 -1.5669914858
 -1.5532220743
 -1.5637139528
 -1.5398866606
 -1.5500354471
 -1.5444743648
 -1.5622504088
 -1.5630414098
 -1.5558274736
 -1.5722225299
 -1.5575080292
 -1.5765721506
 -1.5618825790
 -1.5577786923
 -1.5804766719
 -1.5736731193
 -1.5807900072
 -1.5684285573
 -1.5631557010
 -1.5678767234
 -1.5598501291
 -1.5669958667
 -1.5651746831
 -1.5534142257
 -1.5500067559
 -1.5588599600
 -1.5691624788
 -1.5499766591
 -1.5593966703
 -1.5612448738
 -1.5695095309
 -1.5518139304
 -1.5650081415
 -1.5529672145
 -1.5617756618
 -1.5484340972
 -1.5698335076
 -1.5634770437
 -1.5635791718
 -1.5524617124
 -1.5703776347
 -1.5597076868
 -1.5528844095
 -1.5610353518
 -1.5625112304
 -1.5646542265
 -1.5736814096
 -1.5640011691
 -1.5584458983
 -1.5699349134
 -1.5634568138
 -1.5540584996
 -1.5731896552
 -1.5585366787
 -1.5526384464
 -1.5643023269
 -1.5528162184
 -1.5656304522
 -1.5622453782
 -1.5457131224
 -1.5675623761
 -1.5614561598
 -1.5582347982
 -1.5652056888
 -1.5477545551
 -1.5636469485
 -1.5602949878
 -1.5668777048
 -1.5614945474
 -1.5660852453
 -1.5683736080
 -1.5591789327
 -1.5656880057
 -1.5519789619
 -1.5669411132
 -1.5517430417
 -1.5512869667
 -1.5533359099
 -1.5553243247
 -1.5608480982
 -1.5548539322
 -1.5667366014
 -1.5500462040
 -1.5550992465
 -1.5599523587
 -1.5567612663
 -1.5691047603
 -1.5532768325
 -1.5750583146
 -1.5523585009
 -1.5844881848
 -1.5651629918
 -1.5553675553
 -1.5626649604
 -1.5626174234
 -1.5635616525
 -1.5511498890
 -1.5625946202
 -1.5622632035
 -1.5643069970
 -1.5612259118
 -1.5489893063
 -1.5637877552
 -1.5707887797
 -1.5561066584
 -1.5613725815
 -1.5654759752
 -1.5634592283
 -1.5467393869
 -1.5507039507
 -1.5588238501
 -1.5742894044
 -1.5614695909
 -1.5602797203
 -1.5492575596
 -1.5636714519
 -1.5568957347
 -1.5626011579
 -1.5558994567
 -1.5707136740
 -1.5665175412
 -1.5677599894
 -1.5683767565
 -1.5628818692
 -1.5644529095
 -1.5675394219
 -1.5630115411
 -1.5605667918
 -1.5475190880
 -1.5530919205
 -1.5640728199
 -1.5557301650
 -1.5562740611
 -1.5577659891
 -1.5578591562
 -1.5514351013
 -1.5687260196
 -1.5578124478
 -1.5610620764
 -1.5618186306
 -1.5660968957
 -1.5646567219
 -1.5562627302
 -1.5723563985
 -1.5568381149
 -1.5671926117
 -1.5607494932
 -1.5611207774
 -1.5583453666
 -1.5682058296
 -1.5638417572
 -1.5648185215
 -1.5593382273
 -1.5517541867
 -1.5525695346
 -1.5727643355
 -1.5568268297
 -1.5646892886
 -1.5767009791
 -1.5672294175
 -1.5605336527
 -1.5679795751
 -1.5650500936
 -1.5738620436
 -1.5583398429
 -1.5477873678
 -1.5663366202
 -1.5556968657
 -1.5676820681
 -1.5506670397
 -1.5631583495
 -1.5637379954
 -1.5535221074
 -1.5569079781
 -1.5740192737
 -1.5639791205
 -1.5612084207
 -1.5688043882
 -1.5391276322
 -1.5627551406
 -1.5517998546
 -1.5594630264
 -1.5522362074
 -1.5645977652
 -1.5671706251
 -1.5648400696
 -1.5678485025
 -1.5559090362
 -1.5637179476
 -1.5588911210
 -1.5645566504
 -1.5609787823
 -1.5555662088
 -1.5605368438
 -1.5495124924
 -1.5545118795
 -1.5611381166
 -1.5606582570
 -1.5562121621
 -1.5550560078
 -1.5670207703
 -1.5584719675
 -1.5580071641
 -1.5636792029
 -1.5699270607
 -1.5573378959
 -1.5452359051
 -1.5610323529
 -1.5655177155
 -1.5618792503
 -1.5607725396
 -1.5600486458
 -1.5610946814
 -1.5686754140
 -1.5525728357
 -1.5536331072
 -1.5474180462
 -1.5645622426
 -1.5547966617
 -1.5678787297
 -1.5573215581
 -1.5629848104
 -1.5558488551
 -1.5603108620
 -1.5504047463
 -1.5621122895
 -1.5545831949
 -1.5620773204
 -1.5512949760
 -1.5551815915
 -1.5627350102
 -1.5612122129
 -1.5661806722
 -1.5528110193
 -1.5585732839
 -1.5549705881
 -1.5648426227
 -1.5648704516
 -1.5557561098
 -1.5725827352
 -1.5659671069
 -1.5548728613
 -1.5599958036
 -1.5512905121
 -1.5683900936
 -1.5608816014
 -1.5603068318
 -1.5698478496
 -1.5572287593
 -1.5618177810
 -1.5640381241
 -1.5540652319
 -1.5504241482
 -1.5643051246
 -1.5594948310
 -1.5593851886
 -1.5513077996
 -1.5530441109
 -1.5626637091
 -1.5587420003
 -1.5659440496
 -1.5814991359
 -1.5314965259
 -1.5571988058
 -1.5451153407
 -1.5479123330
 -1.5519592715
 -1.5539789237
 -1.5552263608
 -1.5449488372
 -1.5549546945
 -1.5660209430
 -1.5733854812
 -1.5589084441
 -1.5453230403
 -1.5522485357
 -1.5644443867
 -1.5436827096
 -1.5589667152
 -1.5706723984
 -1.5587539964
 -1.5742563749
 -1.5641367120
 -1.5605082886
 -1.5621024176
 -1.5644085148
 -1.5522969232
 -1.5649183256
 -1.5583667635
 -1.5623128040
 -1.5538809726
 -1.5589010999
 -1.5754115934
 -1.5479182242
 -1.5592522851
 -1.5589732428
 -1.5639493392
 -1.5631154464
 -1.5575534657
 -1.5684145913
 -1.5516102862
 -1.5579411089
 -1.5538554501
 -1.5549579898
 -1.5472497272
 -1.5504726524
 -1.5756577709
 -1.5630145131
 -1.5868714097
 -1.5682727206
 -1.5508625946
 -1.5487951895
 -1.5624536956
 -1.5552195558
 -1.5493903551
 -1.5423139218
 -1.5542295187
 -1.5538947956
 -1.5478104152
 -1.5581374743
 -1.5465431693
 -1.5468794246
 -1.5564392031
 -1.5597482585
 -1.5530360258
 -1.5677997450
 -1.5595199389
 -1.5601694656
 -1.5732438186
 -1.5624507586
 -1.5537201908
 -1.5774815690
 -1.5613000768
 -1.5773683872
 -1.5503461970
 -1.5640673042
 -1.5525320752
 -1.5441391818
 -1.5714726133
 -1.5444842679
 -1.5595257774
 -1.5741511455
 -1.5614159370
 -1.5582794656
 -1.5597890447
 -1.5604629974
 -1.5621466108
 -1.5647322439
 -1.5645048528
 -1.5502205743
 -1.5639550133
 -1.5600640140
 -1.5470999136
 -1.5659837994
 -1.5538312655
 -1.5784000639
 -1.5628370591
 -1.5629892743
 -1.5464823240
 -1.5614476795
 -1.5585332140
 -1.5641773617
 -1.5486106042
 -1.5597770259
 -1.5613186517
 -1.5579979468
 -1.5529844245
 -1.5526709789
 -1.5498148116
 -1.5542869877
 -1.5665434378
 -1.5737943063
 -1.5611139935
 -1.5477480983
 -1.5715086682
 -1.5790383563
 -1.5546922389
 -1.5617180290
 -1.5539976963
 -1.5622270124
 -1.5514226425
 -1.5641660974
 -1.5548732460
 -1.5752645830
 -1.5470818104
 -1.5382101430
 -1.5537880185
 -1.5617131078
 -1.5572133182
 -1.5625142034
 -1.5571706043
 -1.5843126489
 -1.5497942386
 -1.5577097007
 -1.5550987997
 -1.5663538286
 -1.5595307453
 -1.5550029554
 -1.5490457204
 -1.5565814291
 -1.5592086676
 -1.5547716824
 -1.5813807639
 -1.5556573654
 -1.5657394229
 -1.5691375985
 -1.5738847149
 -1.5561616938
 -1.5445334752
 -1.5600274630
 -1.5511847237
 -1.5538229313
 -1.5667918151
 -1.5573328796
 -1.5570321298
 -1.5536762531
 -1.5847709372
 -1.5730853451
 -1.5460140097
 -1.5634316463
 -1.5630995740
 -1.5565697394
 -1.5770615800
 -1.5621854561
 -1.5677549061
 -1.5622160386
 -1.5658719796
 -1.5624540987
 -1.5646672532
 -1.5621509193
 -1.5510425784
 -1.5565473766
 -1.5567364516
 -1.5544798479
 -1.5625303995
 -1.5561483742
 -1.5559857258
 -1.5681440707
 -1.5597600715
 -1.5720627252
 -1.5613304601
 -1.5647043039
 -1.5554157861
 -1.5602500784
 -1.5731195258
 -1.5528911475
 -1.5581166047
 -1.5604836392
 -1.5479336133
 -1.5616751834
 -1.5600772828
 -1.5644621335
 -1.5481838242
 -1.5586063143
 -1.5545863489
 -1.5728247280
 -1.5615472520
 -1.5416264076
 -1.5692255930
 -1.5570193275
 -1.5565457039
 -1.5660203453
 -1.5678228551
 -1.5821809145
 -1.5524755824
 -1.5625340955
 -1.5539162805
 -1.5494754633
 -1.5541420401
 -1.5484783730
 -1.5710970438
 -1.5551819179
 -1.5500029770
 -1.5670369222
 -1.5743055431
 -1.5671588522
 -1.5559873459
 -1.5599675430
 -1.5617594939
 -1.5706617658
 -1.5530616186
 -1.5572132662
 -1.5699651646
 -1.5504524251
 -1.5671594557
 -1.5582951366
 -1.5623533108
 -1.5605684157
 -1.5723459644
 -1.5533559895
 -1.5579756615
 -1.5563266172
 -1.5395453358
 -1.5673349676
 -1.5671156575
 -1.5565297006
 -1.5528625772
 -1.5508222930
 -1.5731676953
 -1.5607440338
 -1.5588677216
 -1.5601113257
 -1.5532170453
 -1.5534147555
 -1.5483220308
 -1.5691749944
 -1.5693761482
 -1.5581414363
 -1.5650412443
 -1.5548211192
 -1.5457179384
 -1.5558631857
 -1.5479934495
 -1.5670374751
 -1.5590383324
 -1.5719590993
 -1.5699513502
 -1.5521973400
 -1.5631587883
 -1.5772215766
 -1.5558341880
 -1.5687405169
 -1.5558661529
 -1.5613211262
 -1.5740745244
 -1.5493364454
 -1.5562821346
 -1.5631335581
 -1.5571922238
 -1.5546064830
 -1.5486530986
 -1.5605380895
 -1.5597166524
 -1.5499731959
 -1.5538541707
 -1.5679717274
 -1.5501893956
 -1.5516074341
 -1.5697137160
 -1.5544812610
 -1.5620822818
 -1.5588007826
 -1.5696707095
 -1.5634409867
 -1.5508759594
 -1.5459336644
 -1.5506346304
 -1.5561868352
 -1.5708521336
 -1.5622572493
 -1.5582400193
 -1.5655389273
 -1.5475619454
 -1.5481647959
 -1.5566046387
 -1.5709933978
 -1.5615138523
 -1.5561044969
 -1.5654795900
 -1.5607603491
 -1.5529812298
 -1.5569833693
 -1.5642277721
 -1.5520013023
 -1.5719498894
 -1.5656521409
 -1.5556504596
 -1.5641977050
 -1.5594902211
 -1.5802960080
 -1.5507639962
 -1.5653262561
 -1.5536362282
 -1.5747481019
 -1.5582950295
 -1.5612168491
 -1.5518244092
 -1.5562687193
 -1.5683848727
 -1.5480691831
 -1.5539218297
 -1.5624561348
 -1.5539220908
 -1.5616751098
 -1.5516757050
 -1.5554219131
 -1.5667924259
 -1.5555292145
 -1.5663557997
 -1.5706476855
 -1.5526254058
 -1.5769579981
 -1.5625217694
 -1.5612520584
 -1.5727845114
 -1.5529372544
 -1.5715512947
 -1.5593272146
 -1.5507077598
 -1.5702097884
 -1.5696856615
 -1.5584921715
 -1.5616896641
 -1.5712527655
 -1.5653869985
 -1.5621462159
 -1.5509550796
 -1.5470587070
 -1.5535138248
 -1.5624258947
 -1.5521250106
 -1.5562626116
 -1.5620068985
 -1.5606498753
 -1.5621959216
 -1.5671974638
 -1.5552843358
 -1.5663216651
 -1.5605243797
 -1.5501805512
 -1.5768190327
 -1.5638703376
 -1.5568803981
 -1.5771635235
 -1.5569643047
 -1.5582315907
 -1.5544103133
 -1.5567802418
 -1.5641702691
 -1.5472173207
 -1.5625022102
 -1.5578217713
 -1.5583394673
 -1.5642404445
 -1.5612609037
 -1.5460718847
 -1.5713698014
 -1.5502956026
 -1.5497867858
 -1.5501775880
 -1.5535191759
 -1.5482480039
 -1.5563556226
 -1.5573850972
 -1.5583044107
 -1.5656167823
 -1.5527654618
 -1.5662869550
 -1.5587218440
 -1.5518549956
 -1.5572858323
 -1.5614504311
 -1.5725133954
 -1.5538826573
 -1.5630619233
 -1.5506140822
 -1.5621871526
 -1.5541001098
 -1.5627408905
 -1.5616981964
 -1.5621554327
 -1.5543667819
 -1.5645792637
 -1.5614932023
 -1.5734051485
 -1.5506637259
 -1.5647229149
 -1.5677603371
 -1.5706508934
 -1.5429298979
 -1.5528273412
 -1.5677708026
 -1.5694553881
 -1.5551754645
