  0.0994000000	  0.1384157018	 18.1231151077
  0.1037000000	  0.1463520302	 18.1658953016
  0.0972000000	  0.1374681835	 18.2039092077
  0.1038000000	  0.1415128855	 18.2334384144
  0.1026000000	  0.1446977674	 18.2631048100
  0.0978000000	  0.1318986632	 18.2605463816
  0.0995000000	  0.1387626511	 18.3303773556
  0.0961000000	  0.1336826118	 18.1718930223
  0.1028000000	  0.1327616545	 18.3322722011
  0.1002000000	  0.1407235516	 18.3531369539
  0.0961000000	  0.1362554130	 18.0286210751
  0.0996000000	  0.1400786147	 18.0151801136
  0.0998000000	  0.1390576164	 18.0756344302
  0.0977000000	  0.1382766344	 18.1328070272
  0.0984000000	  0.1446321417	 18.1326045788
  0.1006000000	  0.1323347231	 18.2216369264
  0.1014000000	  0.1320538263	 18.0737186900
  0.1025000000	  0.1391483583	 18.1718936657
  0.1011000000	  0.1399672888	 18.2217339597
  0.0988000000	  0.1354297410	 18.2486926264
  0.1030000000	  0.1402464965	 18.0782251386
  0.0991000000	  0.1346252225	 18.2400788588
  0.1053000000	  0.1441722408	 18.2909249233
  0.1037000000	  0.1417887873	 18.1911256982
  0.1025000000	  0.1406981713	 18.0249668582
  0.1001000000	  0.1403914525	 18.0487858179
  0.1024000000	  0.1430810354	 18.2630307880
  0.1014000000	  0.1410698732	 18.2212863928
  0.1023000000	  0.1424887974	 18.1703666025
  0.0962000000	  0.1296538065	 18.3716867899
  0.0971000000	  0.1360197635	 18.3197203158
  0.0979000000	  0.1387537680	 18.0802466915
  0.0984000000	  0.1367681097	 18.1993521427
  0.0980000000	  0.1411950071	 18.0617822009
  0.0980000000	  0.1402825858	 18.0464464069
  0.0987000000	  0.1387961644	 18.1342220001
  0.0991000000	  0.1392682885	 18.0189654974
  0.1027000000	  0.1408439550	 18.3128081442
  0.0998000000	  0.1440224283	 18.2364239525
  0.0998000000	  0.1420128547	 18.1680571371
  0.0968000000	  0.1398534366	 18.0662302097
  0.1027000000	  0.1411407384	 18.2420507640
  0.1020000000	  0.1403263841	 18.2070283574
  0.0949000000	  0.1323957446	 18.0457263044
  0.1011000000	  0.1326943811	 18.1206548689
  0.0997000000	  0.1350184883	 18.2497246242
  0.0980000000	  0.1373227825	 18.1852751162
  0.1003000000	  0.1414095142	 18.1180055557
  0.0999000000	  0.1357014338	 18.2126124312
  0.1020000000	  0.1438493903	 18.2455574067
  0.1006000000	  0.1402341661	 17.9867555469
  0.1000000000	  0.1332665835	 18.1361217336
  0.1040000000	  0.1331595232	 18.2305079167
  0.1018000000	  0.1411425539	 18.2560939503
  0.0982000000	  0.1446502889	 18.2199107735
  0.0994000000	  0.1399556496	 18.0112606724
  0.1023000000	  0.1430933331	 18.1727088613
  0.1007000000	  0.1431423314	 18.0685178768
  0.0991000000	  0.1398998038	 18.0896837459
  0.1000000000	  0.1379251863	 18.1612658982
  0.1007000000	  0.1379701287	 18.1931967586
  0.0990000000	  0.1424970046	 18.2631101981
  0.0983000000	  0.1358372277	 18.0945704748
  0.0971000000	  0.1392134163	 18.1930057119
  0.1008000000	  0.1320124547	 18.2307333734
  0.1022000000	  0.1382684746	 18.2533565066
  0.1018000000	  0.1368672940	 18.2783991385
  0.1013000000	  0.1373096494	 18.0579651613
  0.1023000000	  0.1457261521	 18.2092995861
  0.0990000000	  0.1405895357	 18.3819697709
  0.1009000000	  0.1435636261	 18.1845052455
  0.1026000000	  0.1402977470	 18.2200400337
  0.1010000000	  0.1413756839	 18.1253663568
  0.1017000000	  0.1446137398	 18.1669291205
  0.0992000000	  0.1330967782	 18.2033725840
  0.0976000000	  0.1390295828	 18.2218302399
  0.0970000000	  0.1328839044	 18.2302706402
  0.1004000000	  0.1387361044	 18.1239342170
  0.0995000000	  0.1391357841	 18.2330486865
  0.0957000000	  0.1346397562	 18.1694758693
  0.0986000000	  0.1358955158	 18.0712185053
  0.1009000000	  0.1388599009	 18.2087820009
  0.0994000000	  0.1371058471	 18.1763518457
  0.1017000000	  0.1375121160	 18.3335227378
  0.1012000000	  0.1367160238	 18.3451475830
  0.0955000000	  0.1355777220	 18.1914799990
  0.0995000000	  0.1461922743	 18.1174207986
  0.1015000000	  0.1384907969	 18.0948714594
  0.0992000000	  0.1430904965	 18.0492148738
  0.1012000000	  0.1372316524	 18.2132166448
  0.0987000000	  0.1447914372	 18.1253195725
  0.1031000000	  0.1412444511	 18.2252328971
  0.0988000000	  0.1350913830	 18.0139824257
  0.0984000000	  0.1362453066	 18.2937189427
  0.0985000000	  0.1399411037	 18.2406370546
  0.1032000000	  0.1446607442	 18.2410235354
  0.1021000000	  0.1404164018	 18.2299253958
  0.0986000000	  0.1404968677	 18.2162897778
  0.1002000000	  0.1418043771	 18.1312275232
  0.1010000000	  0.1416673911	 18.2558152224
  0.1042000000	  0.1486854478	 18.2065506237
  0.0962000000	  0.1366732823	 18.2317598247
  0.1010000000	  0.1418982583	 18.1234258113
  0.0988000000	  0.1371939921	 18.3540697073
  0.0999000000	  0.1433008505	 18.1979758440
  0.0994000000	  0.1393133569	 18.3701451252
  0.0994000000	  0.1381092838	 18.0791767350
  0.1044000000	  0.1493853328	 18.2350576832
  0.0983000000	  0.1387016507	 18.2474784221
  0.1046000000	  0.1429034952	 18.1044368357
  0.1006000000	  0.1395296149	 18.1569187258
  0.1007000000	  0.1372261688	 18.2002247550
  0.0995000000	  0.1421834764	 18.0331304416
  0.1004000000	  0.1372680094	 18.1459456484
  0.0996000000	  0.1356754423	 18.0526485019
  0.1012000000	  0.1423272752	 18.2297379833
  0.0965000000	  0.1366730886	 18.3410432498
  0.1013000000	  0.1396701611	 18.1823174365
  0.0992000000	  0.1434833275	 18.1716198144
  0.0990000000	  0.1331533889	 18.1552883921
  0.0977000000	  0.1365196184	 18.1525978474
  0.1015000000	  0.1429930078	 18.0693668700
  0.1032000000	  0.1405384024	 18.2938031779
  0.1005000000	  0.1402701675	 18.0557185487
  0.0973000000	  0.1302958345	 18.0704034243
  0.0976000000	  0.1407853472	 18.2332919306
  0.0999000000	  0.1345388372	 18.2044515564
  0.0990000000	  0.1374964785	 18.1612516194
  0.1032000000	  0.1401739250	 18.2241797257
  0.0941000000	  0.1309963725	 18.1473416364
  0.0973000000	  0.1337594233	 18.0934972179
  0.1018000000	  0.1408982388	 18.2286434645
  0.0999000000	  0.1419172312	 18.2053748552
  0.1013000000	  0.1413634270	 18.1178695655
  0.1004000000	  0.1374774045	 18.2531806979
  0.0999000000	  0.1382276741	 18.1843627401
  0.0985000000	  0.1389493588	 17.9690166041
  0.0977000000	  0.1339055954	 18.0591755043
  0.1033000000	  0.1412553078	 18.2259865594
  0.1033000000	  0.1414047113	 18.3452328673
  0.1026000000	  0.1424139916	 18.3257248160
  0.1016000000	  0.1423061057	 18.2501385483
  0.0998000000	  0.1406045648	 18.2686056693
  0.0993000000	  0.1416821535	 18.2393251970
  0.0991000000	  0.1368911419	 18.1557476345
  0.1007000000	  0.1346224256	 18.2098881741
  0.0991000000	  0.1404324514	 18.0875148212
  0.1001000000	  0.1392141782	 18.2292685315
  0.1009000000	  0.1389740561	 18.1593267232
  0.1008000000	  0.1406150602	 18.2314518684
  0.1008000000	  0.1351832014	 18.3261680856
  0.1036000000	  0.1334144180	 18.2203429761
  0.0997000000	  0.1404396857	 18.0047585112
  0.0994000000	  0.1359656277	 18.1806534865
  0.0974000000	  0.1401508226	 18.1154545923
  0.0961000000	  0.1343149533	 18.0430349362
  0.1002000000	  0.1408962670	 18.0142427202
  0.1016000000	  0.1389401225	 18.2816001630
  0.0991000000	  0.1365778784	 18.2569822861
  0.1018000000	  0.1435436461	 18.1932275125
  0.0985000000	  0.1354977710	 18.1225949363
  0.0996000000	  0.1347679413	 18.2260063284
  0.0990000000	  0.1359016998	 18.2148388437
  0.0985000000	  0.1367782668	 18.1329550461
  0.1022000000	  0.1431037026	 18.1835098418
  0.0980000000	  0.1332385738	 18.1731106742
  0.1014000000	  0.1356084264	 18.2802405416
  0.0999000000	  0.1393530735	 18.2511718839
  0.0986000000	  0.1329606134	 18.1553837179
  0.1030000000	  0.1372544713	 18.0854480507
  0.0988000000	  0.1375961559	 18.1205804978
  0.0992000000	  0.1383155227	 18.3398849369
  0.0994000000	  0.1409069999	 18.2585850242
  0.1013000000	  0.1445982628	 18.2762766468
  0.0978000000	  0.1361224811	 17.9812704772
  0.1024000000	  0.1465403632	 18.1561539833
  0.1007000000	  0.1405744383	 18.2560547631
  0.1003000000	  0.1356991328	 18.2344592028
  0.0986000000	  0.1386221105	 18.1109981853
  0.0966000000	  0.1424130263	 18.1867544796
  0.0991000000	  0.1406898147	 17.9910177221
  0.0992000000	  0.1398803572	 18.1816285619
  0.1016000000	  0.1399324313	 18.2379876451
  0.0996000000	  0.1405167283	 18.1445812273
  0.1014000000	  0.1424459156	 18.1369931801
  0.1000000000	  0.1393928452	 18.1922005540
  0.1059000000	  0.1385544236	 18.1517201157
  0.1021000000	  0.1395384510	 18.1264500024
  0.0979000000	  0.1365639434	 18.2133073377
  0.1011000000	  0.1359743162	 18.0890557112
  0.1025000000	  0.1427235868	 18.2827692855
  0.1016000000	  0.1372970811	 18.1260130232
  0.0988000000	  0.1391577687	 18.1815895635
  0.0989000000	  0.1409242609	 18.2866846748
  0.0989000000	  0.1354855165	 18.2898188039
  0.1004000000	  0.1359971561	 18.1956895005
  0.1001000000	  0.1386728379	 18.2627317712
  0.1039000000	  0.1462147950	 18.0017416099
  0.1006000000	  0.1396518209	 18.2002501767
  0.1011000000	  0.1399458702	 18.0599781752
  0.0969000000	  0.1340747296	 18.1242431780
  0.0999000000	  0.1357526446	 18.2392150362
  0.0966000000	  0.1308474308	 18.2126283800
  0.1000000000	  0.1403995616	 18.1414890240
  0.0985000000	  0.1304642175	 18.2287544389
  0.1003000000	  0.1418008426	 18.0940053872
  0.0990000000	  0.1441779945	 18.0561348835
  0.1014000000	  0.1419047598	 18.1934979945
  0.1015000000	  0.1392491621	 18.0522832925
  0.1015000000	  0.1352196301	 18.2373445912
  0.1018000000	  0.1367165506	 18.2808813725
  0.1012000000	  0.1396809309	 18.0745655730
  0.1043000000	  0.1469905803	 18.0970530209
  0.1043000000	  0.1381915008	 18.1401456630
  0.1000000000	  0.1393761582	 18.0631089990
  0.1017000000	  0.1377797539	 18.0810856150
  0.1041000000	  0.1382237607	 18.2188280351
  0.0994000000	  0.1408654579	 18.1214639500
  0.1044000000	  0.1395843147	 18.2206009795
  0.1011000000	  0.1349728403	 18.1845875010
  0.0981000000	  0.1362495009	 18.0279704949
  0.0945000000	  0.1359866665	 18.1135170495
  0.1023000000	  0.1455945906	 18.0287651368
  0.0974000000	  0.1353987349	 18.1695152673
  0.1000000000	  0.1426940498	 18.0363393998
  0.0981000000	  0.1338446566	 18.1685657715
  0.1001000000	  0.1396585678	 18.0665234764
  0.1012000000	  0.1375365466	 18.0592602620
  0.0991000000	  0.1349452051	 18.1325677657
  0.1021000000	  0.1401214288	 18.2097468572
  0.0985000000	  0.1422612722	 18.3486634523
  0.0985000000	  0.1367740220	 18.2577586321
  0.1025000000	  0.1435257176	 18.3076075997
  0.0949000000	  0.1353053386	 18.0484054932
  0.0983000000	  0.1388499693	 18.1795549016
  0.1000000000	  0.1365822726	 18.2247226177
  0.0983000000	  0.1383720692	 18.1978550959
  0.0989000000	  0.1364148416	 18.2036819058
  0.0997000000	  0.1411102440	 18.1430522604
  0.0983000000	  0.1382639967	 18.2171172638
  0.0964000000	  0.1411733732	 18.0608675653
  0.1015000000	  0.1418900492	 18.0944003630
  0.1008000000	  0.1415967343	 18.2848734253
  0.1004000000	  0.1389353585	 18.0682337498
  0.1020000000	  0.1415196365	 18.1239683693
  0.0990000000	  0.1371188142	 18.1780804178
  0.1001000000	  0.1350626964	 18.1860277395
  0.1006000000	  0.1445700328	 17.9725869955
  0.1002000000	  0.1375553771	 18.1227084446
  0.1015000000	  0.1404108485	 18.2014956922
  0.0990000000	  0.1361359829	 18.0808189377
  0.0979000000	  0.1422548382	 18.2760628499
  0.0999000000	  0.1365562759	 18.2337481255
  0.1007000000	  0.1365236541	 18.2301627139
  0.0983000000	  0.1327296612	 18.1585251186
  0.1012000000	  0.1375753661	 18.1723697191
  0.1005000000	  0.1360131035	 18.3157300770
  0.1023000000	  0.1421217678	 18.1113292577
  0.0962000000	  0.1325310980	 18.1494174911
  0.1018000000	  0.1384445600	 18.0412857021
  0.0991000000	  0.1283603417	 18.2087894642
  0.0967000000	  0.1401674382	 18.0911225841
  0.1029000000	  0.1364199233	 18.1621780675
  0.1006000000	  0.1393052568	 18.3846020631
  0.0967000000	  0.1357681672	 18.0078264826
  0.1013000000	  0.1427079371	 18.2107454763
  0.1004000000	  0.1381904192	 18.0335428798
  0.0981000000	  0.1352561457	 18.2394124604
  0.0999000000	  0.1424936289	 18.2243730682
  0.0993000000	  0.1409523969	 18.0900804933
  0.1003000000	  0.1373501675	 18.0946555081
  0.0972000000	  0.1398901281	 18.1843388832
  0.0970000000	  0.1396491776	 18.0746294878
  0.1020000000	  0.1456201507	 18.1262114620
  0.1005000000	  0.1392177970	 18.0358418571
  0.0998000000	  0.1382711709	 18.3051850271
  0.1023000000	  0.1381146070	 18.1886410226
  0.0972000000	  0.1374400858	 18.0930114554
  0.1008000000	  0.1397057258	 18.2827161882
  0.1026000000	  0.1402294156	 18.2798538343
  0.0991000000	  0.1350951310	 18.2034933574
  0.0992000000	  0.1375995999	 18.1216795208
  0.1008000000	  0.1400438515	 18.2369090260
  0.0992000000	  0.1401927505	 18.0806475546
  0.0989000000	  0.1338113935	 18.1508130197
  0.1010000000	  0.1428076684	 18.0414336991
  0.1007000000	  0.1371059976	 18.0957710964
  0.0996000000	  0.1379209884	 18.0753244844
  0.0994000000	  0.1351132372	 18.1910810971
  0.1011000000	  0.1387349565	 18.1044010585
  0.0992000000	  0.1404522153	 18.1040480284
  0.0990000000	  0.1346962663	 18.3207457326
  0.0999000000	  0.1361505257	 18.2411432053
  0.0992000000	  0.1380432355	 18.2207727086
  0.0991000000	  0.1396313304	 18.0874388843
  0.0944000000	  0.1331946856	 18.1303337829
  0.0972000000	  0.1354884935	 18.0814948680
  0.0992000000	  0.1419312810	 18.0574390057
  0.0989000000	  0.1364710415	 18.2691228846
  0.1010000000	  0.1406017037	 18.2497914027
  0.1006000000	  0.1408356418	 18.4438444665
  0.1034000000	  0.1384570476	 18.2307741064
  0.0984000000	  0.1406959998	 18.1584067827
  0.0977000000	  0.1399563354	 18.0691114074
  0.1019000000	  0.1370504845	 18.2290183297
  0.0993000000	  0.1407635568	 18.0838997022
  0.0990000000	  0.1383816138	 18.2138485384
  0.0987000000	  0.1399268433	 18.1807361207
  0.0994000000	  0.1372817860	 18.0247762804
  0.1001000000	  0.1398538499	 18.0721284329
  0.0971000000	  0.1390364980	 18.0802479980
  0.1007000000	  0.1378870034	 18.2717724321
  0.1003000000	  0.1363506393	 18.2151085840
  0.1004000000	  0.1389710519	 18.0054288079
  0.0942000000	  0.1349493666	 18.0469402156
  0.1024000000	  0.1417369520	 18.1042460636
  0.0987000000	  0.1376216338	 18.1720726634
  0.0997000000	  0.1351674689	 18.2177659279
  0.1019000000	  0.1396747010	 18.3048994428
  0.1001000000	  0.1411157148	 18.2768122007
  0.1001000000	  0.1330497785	 18.2808604127
  0.1011000000	  0.1375528900	 18.1140071781
  0.1016000000	  0.1386406238	 18.1312848355
  0.1009000000	  0.1356275767	 18.2350477656
  0.1016000000	  0.1374338478	 18.3408095529
  0.0968000000	  0.1350331121	 18.1764885872
  0.1025000000	  0.1413832177	 18.1827021562
  0.1025000000	  0.1357120099	 18.3566305898
  0.1032000000	  0.1445848614	 18.1799530936
  0.0965000000	  0.1364982650	 18.2053712606
  0.1002000000	  0.1328663446	 18.3521066454
  0.1011000000	  0.1420917050	 18.0499963717
  0.0971000000	  0.1314520037	 18.2922987057
  0.0998000000	  0.1319476768	 18.1889704701
  0.1022000000	  0.1376012981	 18.0791935166
  0.0960000000	  0.1360905989	 18.0860121400
  0.1039000000	  0.1377448147	 18.2053313743
  0.1021000000	  0.1369373995	 18.1276670850
  0.0988000000	  0.1350643592	 18.3166170733
  0.1048000000	  0.1415122522	 18.2621296557
  0.0974000000	  0.1284421774	 18.2482740738
  0.1022000000	  0.1364877953	 18.3088745546
  0.1014000000	  0.1390080687	 18.1070671163
  0.1008000000	  0.1367107614	 18.1748371383
  0.1006000000	  0.1425639635	 18.0134556702
  0.0998000000	  0.1380665720	 18.1017771608
  0.0990000000	  0.1408215434	 18.1415775937
  0.0974000000	  0.1395026258	 18.0543295424
  0.0995000000	  0.1384384672	 18.3103656835
  0.1037000000	  0.1455716807	 18.2869823664
  0.0971000000	  0.1359995185	 18.2946129929
  0.0998000000	  0.1388973756	 18.0209447588
  0.0964000000	  0.1340948367	 18.2067969603
  0.1044000000	  0.1377514920	 18.2801457378
  0.1018000000	  0.1405448649	 17.9926132499
  0.1017000000	  0.1371438065	 18.1879470998
  0.1008000000	  0.1433453114	 18.0993406149
  0.1017000000	  0.1474562831	 18.1366746924
  0.0996000000	  0.1330745208	 18.2325941483
  0.0999000000	  0.1449599322	 18.1638635804
  0.0956000000	  0.1425636268	 18.0558548762
  0.1015000000	  0.1351959091	 18.3780127996
  0.0987000000	  0.1398104212	 18.0410175878
  0.0989000000	  0.1392817834	 18.2724448169
  0.1038000000	  0.1383465123	 18.2164247643
  0.1017000000	  0.1363792941	 18.0314697556
  0.1021000000	  0.1366857593	 18.2916544411
  0.0978000000	  0.1383619677	 18.1631177277
  0.0968000000	  0.1376848360	 18.2273820508
  0.1029000000	  0.1420798609	 18.3460779147
  0.1009000000	  0.1412359994	 18.2007075805
  0.0969000000	  0.1365143202	 18.2395247637
  0.1024000000	  0.1416429721	 18.0968968732
  0.0992000000	  0.1318463555	 18.0919411319
  0.1008000000	  0.1425667455	 18.0166106914
  0.1044000000	  0.1407399845	 18.0629204426
  0.1006000000	  0.1368853383	 18.3841602582
  0.0988000000	  0.1427417435	 18.0001623242
  0.1027000000	  0.1420063175	 18.1419736852
  0.1001000000	  0.1388993696	 18.2545674514
  0.1003000000	  0.1371438947	 18.3026099338
  0.1034000000	  0.1426963729	 18.1280757742
  0.0983000000	  0.1378497368	 18.1830863778
  0.1034000000	  0.1460281402	 18.1790831540
  0.0986000000	  0.1352512885	 18.1135547729
  0.1002000000	  0.1394825348	 18.0957801785
  0.1016000000	  0.1425645336	 18.2033862995
  0.0971000000	  0.1382102151	 18.1462000334
  0.0994000000	  0.1385312205	 18.1288124107
  0.1019000000	  0.1439122126	 18.0297180458
  0.0978000000	  0.1350015701	 18.1538532538
  0.0982000000	  0.1356875817	 18.2430418177
  0.0987000000	  0.1370062047	 18.0734149133
  0.1000000000	  0.1388807898	 18.2673079047
  0.0998000000	  0.1380473266	 18.2353368111
  0.0953000000	  0.1333115792	 18.1527366595
  0.0987000000	  0.1436311815	 18.1868091087
  0.1016000000	  0.1414358119	 18.0342315471
  0.0982000000	  0.1338846023	 18.3741723717
  0.1039000000	  0.1381603899	 18.2101168572
  0.0964000000	  0.1361663230	 18.0827948297
  0.1024000000	  0.1409494564	 18.0533123860
  0.0995000000	  0.1400973222	 18.1441211432
  0.1022000000	  0.1347198841	 18.2594347501
  0.1037000000	  0.1408545111	 18.1612194981
  0.0998000000	  0.1358841436	 18.3557261592
  0.0985000000	  0.1318906951	 18.1622154274
  0.1007000000	  0.1363757463	 18.2568637209
  0.1011000000	  0.1397744109	 18.2918433838
  0.1015000000	  0.1431739245	 18.1521436151
  0.0995000000	  0.1375239997	 18.3611221399
  0.0984000000	  0.1436302337	 18.2025702959
  0.0975000000	  0.1380955312	 18.2583681482
  0.1024000000	  0.1438330989	 18.2098240315
  0.0979000000	  0.1407142337	 18.1782197543
  0.0993000000	  0.1398604364	 18.1349505046
  0.0998000000	  0.1351832751	 18.1205702079
  0.1021000000	  0.1408453273	 18.1176459992
  0.0995000000	  0.1374846429	 18.1016027896
  0.0983000000	  0.1399044377	 18.1670222933
  0.1015000000	  0.1376316892	 18.2350146765
  0.1023000000	  0.1376003263	 18.2592269380
  0.0980000000	  0.1419391991	 18.2261923769
  0.1003000000	  0.1336480828	 18.2825620283
  0.0977000000	  0.1380119578	 18.2385878775
  0.0955000000	  0.1338930709	 18.1710253367
  0.0947000000	  0.1373165557	 18.0922280957
  0.1004000000	  0.1401330271	 18.0792084515
  0.0966000000	  0.1370006841	 18.1621008708
  0.1003000000	  0.1415978183	 18.1689993036
  0.1001000000	  0.1340243820	 18.2745006002
  0.0986000000	  0.1375186054	 18.2522213673
  0.0996000000	  0.1370266074	 18.1345584489
  0.0990000000	  0.1348422438	 18.1631013918
  0.0992000000	  0.1382378535	 18.0738106880
  0.1010000000	  0.1363795828	 18.1369857913
  0.0962000000	  0.1367830420	 18.1304844826
  0.0998000000	  0.1355298131	 18.1085672646
  0.1013000000	  0.1375956572	 18.2474973733
  0.0991000000	  0.1362706402	 18.1486672837
  0.0991000000	  0.1358987710	 18.2056131962
  0.1030000000	  0.1410079556	 18.1760966580
  0.1004000000	  0.1365665077	 18.2316166162
  0.0969000000	  0.1415503094	 18.1381086674
  0.1053000000	  0.1395886787	 18.1328710574
  0.0987000000	  0.1399820223	 18.3013426327
  0.1001000000	  0.1398480036	 18.1152891011
  0.1025000000	  0.1403377419	 18.0433405996
  0.1012000000	  0.1428193355	 18.1060966564
  0.1042000000	  0.1392001794	 18.0647692571
  0.1033000000	  0.1406178461	 18.0571765076
  0.0961000000	  0.1367601068	 18.2624476577
  0.0999000000	  0.1435237403	 18.0533358307
  0.0995000000	  0.1420057841	 18.2956902563
  0.0979000000	  0.1342933344	 18.2437690987
  0.1016000000	  0.1408728907	 18.3081679022
  0.0981000000	  0.1376198803	 18.2112063325
  0.0975000000	  0.1362229981	 18.3318519968
  0.1002000000	  0.1357966690	 18.1022988168
  0.0984000000	  0.1359320731	 18.2535678741
  0.1007000000	  0.1354180184	 18.1427034034
  0.1014000000	  0.1421774707	 18.0984376806
  0.0983000000	  0.1390968346	 18.2061936243
  0.0991000000	  0.1402976644	 18.0531234452
  0.1036000000	  0.1397311442	 18.1003392825
  0.0994000000	  0.1399077702	 18.1151298325
  0.1002000000	  0.1406670154	 18.2492511433
  0.0985000000	  0.1424058212	 18.2739533187
  0.0995000000	  0.1366253301	 18.2380640553
  0.0988000000	  0.1369640283	 18.1846089663
  0.1002000000	  0.1356436861	 18.3035035710
  0.1006000000	  0.1431600153	 18.0823823921
  0.1021000000	  0.1437096065	 18.4027501131
  0.1027000000	  0.1434464018	 18.1446758032
  0.1019000000	  0.1440684150	 18.1690348552
  0.0995000000	  0.1400826180	 18.3134976435
  0.0998000000	  0.1342079032	 18.3268076036
  0.0998000000	  0.1375777722	 18.1288992890
  0.0994000000	  0.1383976523	 18.0682579499
  0.0959000000	  0.1297093006	 18.3740194405
  0.1039000000	  0.1460609432	 18.2986070480
  0.0973000000	  0.1316273237	 18.2186969526
  0.1022000000	  0.1425627110	 18.1361858607
  0.1024000000	  0.1358034086	 18.2217565019
  0.0982000000	  0.1362331651	 18.2927952007
  0.1001000000	  0.1448689032	 18.1695776837
  0.0976000000	  0.1331633029	 18.0837169897
  0.0991000000	  0.1361579710	 18.2587335693
  0.1002000000	  0.1385446625	 18.1170268451
  0.1000000000	  0.1309640355	 18.2384306967
  0.1004000000	  0.1402441347	 18.1608621800
  0.1003000000	  0.1416838828	 18.2407623839
  0.1011000000	  0.1350115881	 18.2591870105
  0.0991000000	  0.1398891352	 18.0717946960
  0.0998000000	  0.1408651192	 18.1432911661
  0.1008000000	  0.1388376160	 18.2873039949
  0.1015000000	  0.1414130158	 18.2110024025
  0.0972000000	  0.1425474007	 18.1814207857
  0.0977000000	  0.1362281594	 18.2379264453
  0.0994000000	  0.1397152534	 18.3427765100
  0.0992000000	  0.1432011530	 18.0655547308
  0.1007000000	  0.1368124787	 18.3150478083
  0.0984000000	  0.1374008808	 18.2682255941
  0.1019000000	  0.1395860434	 18.2004911184
  0.0995000000	  0.1363136804	 18.2836005741
  0.1013000000	  0.1447390589	 18.0274611756
  0.0975000000	  0.1359256165	 18.2679811514
  0.0984000000	  0.1373803634	 18.1989898937
  0.1001000000	  0.1387671930	 18.2008042653
  0.0992000000	  0.1439594034	 18.1307679272
  0.0988000000	  0.1357683570	 18.1037222843
  0.1003000000	  0.1455951602	 18.1198841492
  0.0995000000	  0.1329905271	 18.2006679932
  0.1015000000	  0.1443026032	 18.1780111960
  0.0995000000	  0.1369483999	 18.1227409879
  0.1010000000	  0.1410115948	 18.1508378210
  0.1001000000	  0.1414128350	 18.1174177836
  0.0999000000	  0.1423776502	 18.1902053340
  0.0988000000	  0.1419562690	 18.0894356613
  0.1036000000	  0.1395315965	 18.1446151187
  0.1015000000	  0.1383143136	 18.1205701757
  0.1013000000	  0.1391563984	 18.1668070997
  0.0964000000	  0.1326226147	 18.2120891114
  0.1013000000	  0.1431144870	 18.1061248832
  0.0970000000	  0.1398449467	 18.2431791912
  0.1001000000	  0.1400441138	 18.2288940157
  0.1008000000	  0.1365346553	 18.1219967048
  0.1035000000	  0.1391244563	 18.2412746306
  0.1000000000	  0.1377965915	 18.0464128291
  0.1002000000	  0.1448470945	 18.2277176398
  0.0971000000	  0.1387869326	 18.1970462599
  0.0975000000	  0.1317364273	 18.1879315741
  0.0995000000	  0.1407191065	 18.3468271701
  0.0966000000	  0.1352065249	 18.2171070804
  0.1024000000	  0.1411645224	 18.1216807886
  0.0965000000	  0.1383731677	 18.0787413426
  0.0977000000	  0.1370119375	 18.0558143310
  0.1007000000	  0.1422198907	 17.9911088000
  0.0990000000	  0.1341005794	 18.1807348317
  0.0991000000	  0.1393476869	 18.2014631138
  0.1000000000	  0.1423712966	 18.1397308832
  0.1010000000	  0.1374496591	 18.2673911143
  0.0986000000	  0.1370765611	 18.2524138049
  0.0999000000	  0.1451299379	 18.0327338930
  0.0958000000	  0.1394041443	 17.9983467566
  0.0995000000	  0.1391597981	 18.2077173125
  0.1017000000	  0.1378762299	 18.3305201401
  0.0992000000	  0.1354614150	 18.0585287088
  0.1019000000	  0.1351240793	 18.2792991805
  0.1001000000	  0.1412470329	 18.2437750869
  0.0973000000	  0.1377889494	 18.0920709209
  0.1059000000	  0.1404746808	 18.1525351091
  0.0997000000	  0.1352680031	 18.1248600539
  0.1008000000	  0.1368290203	 18.1940794070
  0.1010000000	  0.1309192159	 18.3063712962
  0.0999000000	  0.1374774970	 18.1408347151
  0.0998000000	  0.1444160047	 18.1267088218
  0.1005000000	  0.1412888323	 18.0189851455
  0.1014000000	  0.1451806490	 18.1070348889
  0.1007000000	  0.1473396792	 18.3127081427
  0.1011000000	  0.1366396817	 18.2298117920
  0.0956000000	  0.1371404127	 18.1088650839
  0.0975000000	  0.1385656134	 18.2590487535
  0.1009000000	  0.1342671294	 18.2535553727
  0.1006000000	  0.1429254497	 18.2179090767
  0.1002000000	  0.1367209120	 18.2212831148
  0.1022000000	  0.1402760841	 18.3199975553
  0.0978000000	  0.1409968314	 18.0841672380
  0.1014000000	  0.1408347376	 18.1285497103
  0.0994000000	  0.1342737431	 18.2890410711
  0.0977000000	  0.1344354083	 18.2556979554
  0.1021000000	  0.1410946587	 18.2592511119
  0.0951000000	  0.1286651741	 18.2072877555
  0.0992000000	  0.1399372252	 18.1085607644
  0.1006000000	  0.1397502210	 18.3044745849
  0.1013000000	  0.1381362011	 18.2487279475
  0.0964000000	  0.1366982360	 18.0718829191
  0.0988000000	  0.1348858895	 18.1044719838
  0.1017000000	  0.1440426314	 18.2279992068
  0.0983000000	  0.1360648935	 18.3016720592
  0.0991000000	  0.1407865062	 18.2314658377
  0.0997000000	  0.1349642311	 18.1660478652
  0.0975000000	  0.1396166960	 17.9875610711
  0.0999000000	  0.1388500120	 18.1242524536
  0.1020000000	  0.1387175166	 17.9874523417
  0.0999000000	  0.1295707022	 18.3159401042
  0.0988000000	  0.1407003115	 18.1648883961
  0.1004000000	  0.1414824800	 18.3334926931
  0.1014000000	  0.1393784551	 18.2042905465
  0.0986000000	  0.1359596922	 17.9997640180
  0.0985000000	  0.1353324386	 18.2526600586
  0.1035000000	  0.1387226848	 18.2999286089
  0.0960000000	  0.1283697273	 18.4285594301
  0.1049000000	  0.1405098730	 18.2061129560
  0.0983000000	  0.1334556558	 18.1636616284
  0.0977000000	  0.1418325339	 18.0989720950
  0.1027000000	  0.1387713713	 18.1209376307
  0.1022000000	  0.1458056852	 18.0941034168
  0.0963000000	  0.1339465259	 18.4123414609
  0.1015000000	  0.1373215381	 18.3434493066
  0.1008000000	  0.1334891040	 18.1956404618
  0.0986000000	  0.1355071632	 18.2543390998
  0.1017000000	  0.1382714376	 18.2295798882
  0.0981000000	  0.1434267752	 18.2410881230
  0.1002000000	  0.1413709261	 18.2529490564
  0.0992000000	  0.1420446177	 17.9969022154
  0.0977000000	  0.1365184425	 18.3253973013
  0.0984000000	  0.1361934754	 18.2366803064
  0.0994000000	  0.1383954539	 18.3299578154
  0.0987000000	  0.1388195696	 18.1061588681
  0.0984000000	  0.1362943142	 18.2180038038
  0.1009000000	  0.1392464552	 18.2828914491
  0.1013000000	  0.1403816168	 18.1335556707
  0.0967000000	  0.1341530818	 18.2777052017
  0.0990000000	  0.1366280529	 18.0034461164
  0.0996000000	  0.1357657639	 18.1906405624
  0.1019000000	  0.1421960875	 18.2217592530
  0.0994000000	  0.1335553208	 18.2153080996
  0.0988000000	  0.1339988715	 18.0735407408
  0.1021000000	  0.1388810531	 18.2651908315
  0.0991000000	  0.1394950908	 18.0960117603
  0.1045000000	  0.1429711568	 18.2013017405
  0.0978000000	  0.1387338395	 18.0838614867
  0.0979000000	  0.1405426593	 18.3225407917
  0.0988000000	  0.1277761440	 18.1876435167
  0.0983000000	  0.1349026459	 18.1141150937
  0.1008000000	  0.1346441661	 18.1622933961
  0.0998000000	  0.1306737901	 18.2901029707
  0.0964000000	  0.1389639789	 18.0708573350
  0.1004000000	  0.1329808149	 18.1604291744
  0.1012000000	  0.1425228926	 18.0291647743
  0.0997000000	  0.1397262869	 18.2326804341
  0.0987000000	  0.1355638129	 18.0593025708
  0.1052000000	  0.1448177350	 18.1464894481
  0.1009000000	  0.1380937163	 18.2948572497
  0.1018000000	  0.1401583441	 18.1860869857
  0.0997000000	  0.1383116558	 18.0965654595
  0.1003000000	  0.1432292576	 18.1509865508
  0.0993000000	  0.1398077024	 18.1813990869
  0.1013000000	  0.1422417756	 18.2267978306
  0.1001000000	  0.1374500019	 18.0973273931
  0.0983000000	  0.1412797604	 18.3581359031
  0.1000000000	  0.1386563825	 18.1530261332
  0.1000000000	  0.1386810216	 18.2664835799
  0.1005000000	  0.1430725397	 18.1846662592
  0.0987000000	  0.1301683041	 18.2958346439
  0.1030000000	  0.1409356003	 17.8931465094
  0.1024000000	  0.1354885634	 18.3204664832
  0.1007000000	  0.1435757851	 18.0780851037
  0.1024000000	  0.1429793032	 18.2550099106
  0.0972000000	  0.1375632502	 18.2103571708
  0.0992000000	  0.1369509690	 18.3644183064
  0.1018000000	  0.1353820409	 18.2857172560
  0.1067000000	  0.1499126779	 17.9978048295
  0.1017000000	  0.1401368018	 18.1530418467
  0.1018000000	  0.1440791254	 18.2509435030
  0.0976000000	  0.1374584322	 18.1144160329
  0.0995000000	  0.1434156111	 18.0668631013
  0.1023000000	  0.1391119744	 18.2170919337
  0.0982000000	  0.1370591825	 18.3111059784
  0.0972000000	  0.1383135349	 18.0174972229
  0.1013000000	  0.1387897586	 18.1929269923
  0.1012000000	  0.1459586266	 18.3408445799
  0.1007000000	  0.1281151793	 18.3543484365
  0.1027000000	  0.1349973298	 18.2607400797
  0.1029000000	  0.1424257937	 18.2006431937
  0.0989000000	  0.1345162531	 18.2359896047
  0.1027000000	  0.1395502650	 18.1746439197
  0.1000000000	  0.1399705338	 18.0206939763
  0.1012000000	  0.1359106093	 18.2483912460
  0.0992000000	  0.1392497866	 18.2945908101
  0.1017000000	  0.1349573599	 18.3042870191
  0.1013000000	  0.1402918917	 18.0909711410
  0.1008000000	  0.1420318047	 17.9948860301
  0.1050000000	  0.1470623051	 18.1364157683
  0.0969000000	  0.1352521060	 18.2649528425
  0.0970000000	  0.1367894351	 18.2124063111
  0.1012000000	  0.1420496205	 18.1692027738
  0.0988000000	  0.1378200843	 18.1438121620
  0.0984000000	  0.1300045439	 18.2337341814
  0.0987000000	  0.1340383646	 18.2582610730
  0.1007000000	  0.1421536933	 18.1871592327
  0.1024000000	  0.1405727463	 18.3327380697
  0.1017000000	  0.1409593057	 18.1211296859
  0.1026000000	  0.1443506884	 18.2917435504
  0.1024000000	  0.1428341521	 18.3005936959
  0.0996000000	  0.1379041585	 18.2473849877
  0.0991000000	  0.1403828520	 18.2951698506
  0.0981000000	  0.1324863519	 18.1232608067
  0.1001000000	  0.1410105218	 18.1817126972
  0.0990000000	  0.1402988536	 18.0166192573
  0.0999000000	  0.1410149641	 18.2645125721
  0.1027000000	  0.1470053036	 18.2628552189
  0.0975000000	  0.1407456873	 18.2917913454
  0.0975000000	  0.1434608322	 18.1024276485
  0.1003000000	  0.1425584067	 18.1296456247
  0.0987000000	  0.1389570970	 18.3200755797
  0.1005000000	  0.1401703507	 18.2351415992
  0.1008000000	  0.1383749493	 18.1376958621
  0.1008000000	  0.1349088235	 18.0937102255
  0.0948000000	  0.1358599414	 18.2128037141
  0.0985000000	  0.1372766422	 18.2168204302
  0.1007000000	  0.1383741200	 18.1614967661
  0.0996000000	  0.1315309522	 18.1673828058
  0.1013000000	  0.1388959875	 18.1945280169
  0.0998000000	  0.1385355857	 18.2870023838
  0.0995000000	  0.1377307631	 18.3809505047
  0.1016000000	  0.1359226858	 18.1097419803
  0.0976000000	  0.1392551767	 18.1888169981
  0.0988000000	  0.1400879759	 18.2665649548
  0.0959000000	  0.1306440425	 18.2396456548
  0.1015000000	  0.1418331352	 18.1943068504
  0.1019000000	  0.1401240067	 18.1396504857
  0.1050000000	  0.1427412972	 18.1600677623
  0.1002000000	  0.1424589005	 18.1399071923
  0.1013000000	  0.1396477134	 18.1162659408
  0.0971000000	  0.1334435668	 18.1846122011
  0.0977000000	  0.1413436284	 18.1406159589
  0.1011000000	  0.1475966408	 18.2078134440
  0.0992000000	  0.1352722547	 18.1309689655
  0.0967000000	  0.1315165203	 18.3863175569
  0.0996000000	  0.1381981256	 18.2979145046
  0.0951000000	  0.1372603677	 18.2451724154
  0.1019000000	  0.1372016230	 18.1946316771
  0.1009000000	  0.1336689604	 18.2459895015
  0.0982000000	  0.1390630984	 18.2710308670
  0.1025000000	  0.1381028737	 18.3112970349
  0.0999000000	  0.1408204749	 18.0880934758
  0.0976000000	  0.1366160230	 18.1788922108
  0.1022000000	  0.1475974853	 18.1522640058
  0.1014000000	  0.1371290356	 18.2817643856
  0.1004000000	  0.1459913406	 17.9334647773
  0.1020000000	  0.1368316491	 18.4046435816
  0.1006000000	  0.1376840299	 18.2283253455
  0.1020000000	  0.1360928079	 18.1331358207
  0.1028000000	  0.1410816119	 18.1239128980
  0.0991000000	  0.1419496531	 18.0948712799
  0.1000000000	  0.1406704924	 18.2611678185
  0.0994000000	  0.1378447716	 18.2402976971
  0.0983000000	  0.1342532241	 18.1656456342
  0.0994000000	  0.1402626369	 18.1920595290
  0.1009000000	  0.1363169496	 18.3909106743
  0.0976000000	  0.1382721649	 18.2656640216
  0.1022000000	  0.1381125884	 18.1392742889
  0.0991000000	  0.1344454210	 18.0094587272
  0.1001000000	  0.1414595234	 18.1183001719
  0.0986000000	  0.1377444130	 18.1218322421
  0.1014000000	  0.1421363614	 18.2272305989
  0.1030000000	  0.1394751833	 18.1483585373
  0.0973000000	  0.1383589032	 18.2873854476
  0.0992000000	  0.1412546481	 18.2076745182
  0.1000000000	  0.1377537714	 18.1684487237
  0.1032000000	  0.1417712764	 18.2064779571
  0.1001000000	  0.1484004199	 18.0059469313
  0.1013000000	  0.1439115582	 18.0708891745
  0.1017000000	  0.1469854525	 18.1088590455
  0.0975000000	  0.1337940487	 18.2722006491
  0.1008000000	  0.1400467467	 18.2181150488
  0.1018000000	  0.1334245423	 18.1784227568
  0.0973000000	  0.1417620447	 18.1986123019
  0.1010000000	  0.1437002461	 18.1004461526
  0.0973000000	  0.1368480559	 18.1800322597
  0.0977000000	  0.1319891474	 18.3353978433
  0.0983000000	  0.1340920102	 18.0371955754
  0.1002000000	  0.1365162807	 18.3829814993
  0.1032000000	  0.1361151912	 18.2295911451
  0.1007000000	  0.1346801395	 18.2095638591
  0.0959000000	  0.1328882154	 18.1165729244
  0.1013000000	  0.1353882954	 18.3022701435
  0.0980000000	  0.1441406705	 18.2254029948
  0.0987000000	  0.1322608846	 18.3599521118
  0.1015000000	  0.1400137446	 18.2780067851
  0.0983000000	  0.1371183714	 18.1983633861
  0.1009000000	  0.1472956962	 18.1481972920
  0.1030000000	  0.1401789943	 18.4061872595
  0.0993000000	  0.1332673811	 18.2786072755
  0.1000000000	  0.1289654934	 18.1480504951
  0.0976000000	  0.1369049538	 18.2144287604
  0.0995000000	  0.1386132872	 18.3276180846
  0.1013000000	  0.1416813236	 18.1492457249
  0.1016000000	  0.1436217525	 18.1352627158
  0.1008000000	  0.1468269394	 18.2217933328
  0.1013000000	  0.1393291206	 18.2834224208
  0.1012000000	  0.1409141102	 18.1857911450
  0.0991000000	  0.1443431567	 18.2128401006
  0.0994000000	  0.1412167000	 18.2083985850
  0.0998000000	  0.1346834256	 18.1800212654
  0.0993000000	  0.1363035530	 18.1387436301
  0.0998000000	  0.1420941030	 18.1620400847
  0.0985000000	  0.1371403053	 18.2591589189
  0.0991000000	  0.1346244511	 18.1371870922
  0.0981000000	  0.1405225577	 17.8808122320
  0.1023000000	  0.1356142884	 18.2399783180
  0.1010000000	  0.1359702547	 18.2067367073
  0.1031000000	  0.1409229096	 18.1002934954
  0.0982000000	  0.1388120394	 18.0945966857
  0.1002000000	  0.1386948840	 18.3279375980
  0.1040000000	  0.1369693497	 18.3450488246
  0.1003000000	  0.1351288549	 18.0859159634
  0.0998000000	  0.1359160614	 18.2605321323
  0.1010000000	  0.1409891997	 18.0758762263
  0.0977000000	  0.1376435996	 18.2626971856
  0.0978000000	  0.1351699063	 18.1934037028
  0.0976000000	  0.1353312448	 18.1992303082
  0.1028000000	  0.1422203412	 18.2929508882
  0.1024000000	  0.1370427417	 18.2506960615
  0.1034000000	  0.1403967609	 18.2858827633
  0.0997000000	  0.1370078974	 18.3656310856
  0.1011000000	  0.1328895584	 18.3057189029
  0.0977000000	  0.1406516700	 18.2902708963
  0.0987000000	  0.1370826784	 18.3486436652
  0.1010000000	  0.1489849873	 18.1582859901
  0.0996000000	  0.1379423700	 18.1850550956
  0.0987000000	  0.1362539077	 17.9822930813
  0.0976000000	  0.1372306161	 18.0913324773
  0.1061000000	  0.1420048509	 18.2774090565
  0.0985000000	  0.1285481500	 18.4840915126
  0.1019000000	  0.1426628084	 18.2041279255
  0.0975000000	  0.1311811560	 18.1625132340
  0.1003000000	  0.1340377699	 18.3068245012
  0.0987000000	  0.1401254110	 18.2454285523
  0.0965000000	  0.1362087998	 18.1830029505
  0.1003000000	  0.1399409935	 18.2789557678
  0.0984000000	  0.1333757213	 18.1573979926
  0.1021000000	  0.1422284447	 18.1945107468
  0.0982000000	  0.1378506950	 18.0409269494
  0.0988000000	  0.1429598889	 18.1284465943
  0.0994000000	  0.1365521656	 18.2079585796
  0.0962000000	  0.1348866768	 18.1112824783
  0.0975000000	  0.1441856243	 18.2156374378
  0.0973000000	  0.1338240106	 18.2041588899
  0.1034000000	  0.1410076970	 18.1609278317
  0.1002000000	  0.1489172743	 18.2055579151
  0.0984000000	  0.1437824345	 18.1565992756
  0.1007000000	  0.1419658362	 18.1530222367
  0.0997000000	  0.1383436185	 18.2592797211
  0.0984000000	  0.1345192896	 18.1575967410
  0.1013000000	  0.1407095691	 18.0206850334
  0.0971000000	  0.1413688763	 18.3719003735
  0.1026000000	  0.1395645060	 18.2024807038
  0.1019000000	  0.1397309492	 18.1685105068
  0.1021000000	  0.1436197184	 18.0678417440
  0.1006000000	  0.1404053912	 18.1404293514
  0.1016000000	  0.1356912254	 18.1547323840
  0.0998000000	  0.1390197898	 18.1815883736
  0.0962000000	  0.1226401826	 18.2896737011
  0.1000000000	  0.1386351471	 18.3373615189
  0.1002000000	  0.1378746955	 18.2493847794
  0.1037000000	  0.1448011492	 18.2583577609
  0.0989000000	  0.1410527366	 18.1653649333
  0.0972000000	  0.1345985447	 18.1948576737
  0.1049000000	  0.1459486748	 18.1218506160
  0.0984000000	  0.1409334027	 18.2025397587
  0.0967000000	  0.1348109954	 18.1520798795
  0.1006000000	  0.1409077310	 18.1994180761
  0.1031000000	  0.1399673252	 18.2016824944
  0.1028000000	  0.1473379809	 18.0399487766
  0.1005000000	  0.1401473444	 18.1641653132
  0.1004000000	  0.1367202881	 18.2973983367
  0.1006000000	  0.1374387613	 18.1683260833
  0.0983000000	  0.1372524081	 18.0728457639
  0.0984000000	  0.1400481240	 18.1794078646
  0.0997000000	  0.1446455047	 18.2874854216
  0.1004000000	  0.1411355288	 18.0149647456
  0.1001000000	  0.1378657056	 18.0414564345
  0.0971000000	  0.1386147959	 18.0494514350
  0.0963000000	  0.1361620159	 18.2573781843
  0.0997000000	  0.1348575059	 18.2410370225
  0.0976000000	  0.1302463104	 18.1499298951
  0.1008000000	  0.1352317445	 18.2658424016
  0.0989000000	  0.1384942009	 18.2070454847
  0.0989000000	  0.1395329897	 18.2099551128
  0.0999000000	  0.1310582747	 18.1469214506
  0.1013000000	  0.1359300153	 18.2236617772
  0.0984000000	  0.1445634892	 18.2139734589
  0.0995000000	  0.1420670524	 18.2598542682
  0.1005000000	  0.1406151604	 18.2018558458
  0.0991000000	  0.1354519567	 18.1688487231
  0.0987000000	  0.1355102140	 18.2201187492
  0.0997000000	  0.1364167835	 18.2625707066
  0.0959000000	  0.1408468757	 18.2639934448
  0.0995000000	  0.1342680002	 18.4007640807
  0.0990000000	  0.1362862152	 18.2747479453
  0.0996000000	  0.1402117220	 18.2465037127
  0.1006000000	  0.1408049873	 18.1662765120
  0.0994000000	  0.1390698339	 18.3232179786
  0.0991000000	  0.1366037434	 18.0957846237
  0.1003000000	  0.1384093464	 18.3033390954
  0.0994000000	  0.1377431064	 18.1742869100
  0.1011000000	  0.1398280272	 18.1748221980
  0.1008000000	  0.1414703784	 18.0855426373
  0.1014000000	  0.1393738025	 18.1778752540
  0.1014000000	  0.1421618986	 18.3366776585
  0.1017000000	  0.1331399729	 18.2929212996
  0.0995000000	  0.1402876283	 18.2189504593
  0.0967000000	  0.1392977913	 18.1689350413
  0.0986000000	  0.1404535396	 18.1806678891
  0.1010000000	  0.1473043529	 18.0777218375
  0.0985000000	  0.1334405506	 18.0965160567
  0.0990000000	  0.1397944081	 18.1427318873
  0.1016000000	  0.1387015817	 18.1511051563
  0.1002000000	  0.1361370331	 18.1384560128
  0.1027000000	  0.1381075661	 18.2482221919
  0.0997000000	  0.1370553053	 18.0943641359
  0.0975000000	  0.1352708154	 18.2968831643
  0.0969000000	  0.1334093774	 18.1636495334
  0.0984000000	  0.1413822708	 17.9706582035
  0.1009000000	  0.1413220926	 18.3526037749
  0.1024000000	  0.1376381003	 18.1669991028
  0.0994000000	  0.1372452708	 18.2668041679
  0.1004000000	  0.1391718245	 18.3473483096
  0.1002000000	  0.1378206151	 18.1066951407
  0.0965000000	  0.1302851630	 18.2396760837
  0.1011000000	  0.1415567765	 18.1375976054
  0.0998000000	  0.1406393445	 18.1622712311
  0.0995000000	  0.1389268393	 18.2756106995
  0.0986000000	  0.1325056775	 18.2235665454
  0.1038000000	  0.1444692584	 18.0868777890
  0.1001000000	  0.1372632127	 18.1979863983
  0.1022000000	  0.1430315113	 17.9836708050
  0.1026000000	  0.1399439421	 18.1382272241
  0.0961000000	  0.1375725184	 18.1530925914
  0.0998000000	  0.1352279504	 18.2028804740
  0.0992000000	  0.1342348852	 18.2849541140
  0.1033000000	  0.1426541744	 18.2141092231
  0.0991000000	  0.1358522671	 18.3143960005
  0.0985000000	  0.1385577223	 18.1820009698
  0.0999000000	  0.1411713340	 18.2016984078
  0.0973000000	  0.1392826610	 18.1757157992
  0.1015000000	  0.1368638131	 18.2703683764
  0.0985000000	  0.1388833704	 18.2327410867
  0.1000000000	  0.1406043400	 18.3246609153
  0.1041000000	  0.1469291267	 18.1258187002
  0.1012000000	  0.1338746749	 18.2244092088
  0.1034000000	  0.1418571644	 18.0080996229
  0.0993000000	  0.1372560319	 18.0953202572
  0.1035000000	  0.1416097262	 18.2123730524
  0.1000000000	  0.1363545719	 18.1998549977
  0.1031000000	  0.1381817497	 18.3260986355
  0.1019000000	  0.1405505363	 18.1885690972
  0.0998000000	  0.1390205525	 18.1129420881
  0.0992000000	  0.1385970190	 18.1726424965
  0.1014000000	  0.1371539732	 18.1204308295
  0.0996000000	  0.1383791930	 18.4422657881
  0.0971000000	  0.1380264137	 18.2000769837
  0.0944000000	  0.1365576853	 18.2749899627
  0.0967000000	  0.1399739118	 18.1212824346
  0.0986000000	  0.1418438335	 18.3164840471
  0.1028000000	  0.1388550250	 18.3492918608
  0.0990000000	  0.1390740322	 18.1257494002
  0.0988000000	  0.1345077662	 18.1713567381
  0.0988000000	  0.1328568845	 18.1919841837
  0.0989000000	  0.1420721867	 18.1351815117
  0.0980000000	  0.1369297003	 18.1510079093
  0.1017000000	  0.1370360810	 18.3089562149
  0.1006000000	  0.1418195936	 18.0484704798
  0.1003000000	  0.1407287968	 18.0853169046
  0.0992000000	  0.1352244063	 18.1683428289
  0.0992000000	  0.1371648969	 18.2409665710
  0.0949000000	  0.1339513383	 18.1581382542
  0.0985000000	  0.1378054865	 18.2482346013
  0.1021000000	  0.1372409354	 18.1949409302
  0.0995000000	  0.1347999263	 18.2681454571
  0.1004000000	  0.1448707422	 17.9193645931
  0.0962000000	  0.1377585199	 18.1826520315
  0.0986000000	  0.1334635934	 18.2394205212
  0.1010000000	  0.1385037707	 18.0992913973
  0.0979000000	  0.1363912042	 18.2094179671
  0.1018000000	  0.1375577984	 18.1549773109
  0.1012000000	  0.1375091150	 18.0188228597
  0.0996000000	  0.1373702390	 18.0480702459
  0.0977000000	  0.1409909733	 18.1254546405
  0.1001000000	  0.1372951036	 18.2869320618
  0.0994000000	  0.1393261933	 18.0604555247
  0.0980000000	  0.1373657437	 18.2632136710
  0.1003000000	  0.1370999534	 18.0564808488
  0.0980000000	  0.1325878935	 18.1559787338
  0.1027000000	  0.1421803345	 18.1959902014
  0.0994000000	  0.1370150386	 18.1751129590
  0.0972000000	  0.1322984080	 18.2305692452
  0.1023000000	  0.1399568037	 18.1897925545
  0.0975000000	  0.1352168077	 18.3263919854
  0.1015000000	  0.1406967697	 18.1918217108
  0.0993000000	  0.1370855636	 18.1643780369
  0.0992000000	  0.1367310692	 18.0528311131
  0.0954000000	  0.1282829732	 18.2984503748
  0.0959000000	  0.1353779447	 18.1227846717
  0.1047000000	  0.1372520589	 18.3297592970
  0.0997000000	  0.1370036984	 18.1397722835
  0.0996000000	  0.1361248166	 18.1232198945
  0.0975000000	  0.1348623654	 18.1131359778
  0.1000000000	  0.1379940904	 18.1327153981
  0.1024000000	  0.1425912920	 18.1482465755
  0.0980000000	  0.1421784010	 18.1554914817
  0.0991000000	  0.1383968373	 18.1206756515
  0.0984000000	  0.1394920543	 18.1738810509
  0.0986000000	  0.1407760862	 18.2892370556
  0.0993000000	  0.1382349803	 18.0663995687
  0.1005000000	  0.1348906776	 18.2460851586
  0.0995000000	  0.1382861737	 18.1256685694
