  0.1107000000	  0.1439627557	 17.9513381516
  0.1027000000	  0.1295734764	 17.9166573496
  0.0892000000	  0.1135942183	 19.0039503537
  0.0922000000	  0.1182321203	 18.0789269962
  0.0938000000	  0.1277995347	 17.7653786303
  0.1043000000	  0.1486988902	 19.4751427265
  0.0939000000	  0.1430028758	 16.7829267699
  0.1003000000	  0.1231224503	 16.3230198470
  0.1011000000	  0.1447246800	 17.7930167140
  0.0957000000	  0.1241816597	 17.8284171178
  0.1052000000	  0.1460937677	 19.4474087478
  0.0927000000	  0.1399590192	 18.5190692991
  0.1000000000	  0.1580802544	 17.7729130989
  0.0881000000	  0.1255537950	 17.8351195691
  0.0938000000	  0.1094623269	 19.0276585030
  0.1007000000	  0.1131073416	 18.6251442246
  0.1056000000	  0.1340385195	 19.2274411350
  0.1052000000	  0.1499888988	 17.9833383365
  0.1001000000	  0.1405118976	 17.4867566899
  0.1049000000	  0.1546382828	 18.5622350470
  0.0953000000	  0.1182425750	 17.4808832384
  0.0836000000	  0.1099408070	 17.9691596003
  0.1089000000	  0.1400016232	 19.1381858386
  0.1023000000	  0.1525541617	 19.9146606091
  0.0842000000	  0.1457668546	 18.2486113021
  0.0899000000	  0.1078552770	 18.5169491339
  0.0977000000	  0.1434596677	 19.0626932584
  0.1028000000	  0.1441545390	 17.9889624139
  0.1005000000	  0.1637135698	 18.9161180403
  0.0871000000	  0.1252358315	 18.1484363215
  0.0977000000	  0.1490431960	 18.3441759263
  0.1058000000	  0.1536621974	 17.4781612061
  0.1157000000	  0.1841907477	 18.4551347739
  0.1021000000	  0.1458767962	 18.3397216561
  0.0941000000	  0.1430075709	 18.5457916155
  0.0992000000	  0.1471542486	 18.5967011786
  0.1041000000	  0.1424300972	 19.7385865028
  0.0937000000	  0.1273939134	 18.7066439950
  0.1007000000	  0.1282492066	 17.8352462663
  0.1047000000	  0.1484516678	 18.7953239001
  0.1064000000	  0.1531552202	 19.1889088637
  0.0876000000	  0.1327346647	 18.9146174489
  0.1057000000	  0.1637512428	 19.0178392590
  0.0988000000	  0.1713946348	 17.8636079264
  0.1080000000	  0.1242501194	 18.0782721399
  0.1071000000	  0.1521817987	 17.2269164167
  0.1035000000	  0.1395900786	 16.5919680841
  0.0959000000	  0.1183367807	 17.4804473551
  0.0957000000	  0.1379180105	 19.1903497606
  0.0962000000	  0.1342105040	 17.5756472446
  0.1014000000	  0.1419155581	 19.2893002797
  0.1127000000	  0.1409277008	 17.6755856442
  0.1025000000	  0.1502446648	 18.2025794245
  0.1079000000	  0.1498823089	 18.4176293811
  0.1045000000	  0.1461561268	 17.9234812829
  0.0929000000	  0.1059867373	 18.1785461649
  0.0929000000	  0.1410396002	 16.3399593176
  0.0813000000	  0.1207894329	 16.9317632032
  0.0962000000	  0.1637816294	 18.8182480958
  0.1124000000	  0.1706711200	 18.1492914637
  0.0880000000	  0.1261879445	 18.2649032425
  0.0924000000	  0.1269697553	 19.1306842013
  0.1138000000	  0.1563419995	 19.6016223666
  0.0932000000	  0.1360153384	 18.3682867347
  0.1001000000	  0.1309700320	 18.1130772577
  0.0981000000	  0.1334291955	 16.0873719011
  0.1040000000	  0.1461902247	 17.6789839359
  0.0994000000	  0.1286373644	 17.9028282565
  0.1069000000	  0.1268610292	 18.6458214684
  0.1010000000	  0.1625433449	 18.5307746249
  0.0978000000	  0.1561440048	 18.1305804748
  0.0837000000	  0.1085184469	 16.8749983356
  0.1018000000	  0.1547396561	 19.3557850191
  0.0976000000	  0.1586948234	 18.4210858737
  0.1010000000	  0.1490894576	 18.7234174732
  0.1145000000	  0.1678915853	 18.4576027882
  0.0941000000	  0.1207336327	 18.1021499046
  0.1175000000	  0.1675115990	 17.9741532466
  0.1007000000	  0.1615609857	 18.4328980336
  0.0927000000	  0.1585268456	 17.9673733239
  0.0975000000	  0.1302493986	 17.8161273950
  0.0986000000	  0.1483365659	 18.1914387237
  0.1013000000	  0.1363071940	 18.4138068719
  0.0973000000	  0.1332574281	 18.0994226710
  0.1039000000	  0.1468513699	 17.5304500012
  0.0921000000	  0.1062407085	 17.5029926221
  0.0957000000	  0.1266420007	 19.0426476929
  0.1089000000	  0.1595178068	 18.0453623152
  0.0984000000	  0.1371804850	 16.9455178383
  0.1068000000	  0.1339138297	 18.5509021217
  0.0884000000	  0.1079641311	 17.5098602875
  0.1030000000	  0.1199173921	 18.0889545796
  0.1004000000	  0.1430594533	 17.7140622069
  0.0981000000	  0.1502370084	 18.0025303181
  0.0981000000	  0.1459189129	 17.8691229576
  0.1024000000	  0.1371200548	 17.7655398540
  0.0975000000	  0.1227205388	 18.3267876942
  0.1031000000	  0.1538928991	 18.0389060941
  0.1070000000	  0.1582770963	 18.8492852242
  0.1034000000	  0.1535965028	 17.8138175368
  0.1043000000	  0.1426323385	 18.3846473482
  0.0948000000	  0.1478748921	 18.6960222215
  0.1099000000	  0.1472411740	 18.9428891924
  0.1024000000	  0.1571783932	 19.7152742500
  0.0995000000	  0.1400717037	 18.9730491158
  0.1113000000	  0.1545195698	 18.4338493651
  0.1020000000	  0.1502289886	 17.1275167041
  0.1080000000	  0.1525393917	 18.0021226664
  0.0997000000	  0.1235375882	 17.9351456717
  0.0900000000	  0.1196313024	 18.1741549060
  0.1000000000	  0.1432114571	 18.9812197002
  0.0890000000	  0.1291551456	 19.3266547276
  0.0855000000	  0.1003278168	 18.6709955957
  0.1034000000	  0.1537685606	 18.6349641210
  0.0915000000	  0.1206199416	 17.9268360149
  0.0905000000	  0.1267126377	 18.1311490188
  0.0981000000	  0.1557762489	 18.0635756563
  0.1051000000	  0.1417872309	 19.7061146469
  0.0975000000	  0.1257162141	 17.3923380810
  0.0939000000	  0.1412011889	 19.1722143192
  0.0947000000	  0.1208716773	 18.2117455716
  0.1005000000	  0.1503737413	 18.1709788070
  0.0952000000	  0.1358408294	 16.1404741084
  0.0998000000	  0.1570302472	 19.3392084451
  0.0929000000	  0.1159133997	 17.3879631455
  0.1028000000	  0.1183527481	 17.7142499841
  0.1000000000	  0.1362027607	 17.7127346856
  0.1068000000	  0.1278349078	 16.6877235157
  0.1081000000	  0.1618753227	 17.5721209629
  0.1041000000	  0.1440100607	 17.8401658614
  0.0948000000	  0.1579669643	 18.7393759709
  0.0850000000	  0.0980902971	 16.8930894334
  0.0947000000	  0.1370622779	 17.7509415515
  0.0994000000	  0.1436354396	 18.9480791283
  0.1090000000	  0.1613858561	 18.4859927910
  0.0966000000	  0.1514382152	 17.9626827007
  0.0950000000	  0.1250303895	 17.9271247685
  0.1021000000	  0.1151509565	 18.2536483989
  0.0995000000	  0.1362229751	 18.2643395606
  0.0939000000	  0.1262931204	 17.6889982785
  0.1015000000	  0.1447107182	 19.0167563176
  0.1080000000	  0.1497057656	 18.5992979742
  0.0992000000	  0.1419898685	 18.2385062756
  0.0984000000	  0.1405302847	 18.2815838267
  0.0988000000	  0.1267409039	 16.0674311283
  0.1018000000	  0.1767668942	 18.8471100371
  0.0814000000	  0.1000895263	 17.0210199059
  0.1006000000	  0.1554247432	 19.1567044450
  0.0947000000	  0.1178729438	 17.9515947135
  0.0934000000	  0.1253130820	 18.2276492539
  0.0925000000	  0.1421951124	 17.5103210123
  0.0964000000	  0.1450751252	 17.1378344768
  0.0979000000	  0.1460410261	 20.0705253551
  0.1074000000	  0.1552214928	 18.2196066135
  0.1080000000	  0.1522795167	 18.2612745718
  0.1045000000	  0.1437648789	 19.5607849873
  0.1126000000	  0.1715114316	 17.6520455728
  0.0987000000	  0.1438757270	 18.0906577941
  0.1125000000	  0.1639381364	 18.4043754562
  0.0925000000	  0.1453811018	 19.0076783082
  0.1045000000	  0.1453766743	 17.0763845009
  0.1086000000	  0.1447487421	 19.3724920064
  0.0861000000	  0.1221008245	 17.7721573249
  0.0893000000	  0.1091758763	 18.2812205429
  0.0943000000	  0.1304748742	 16.9487981997
  0.0852000000	  0.1255157816	 17.1192755425
  0.0998000000	  0.1286589389	 18.7005941750
  0.1048000000	  0.1674980148	 16.6787480521
  0.1043000000	  0.1329115024	 19.0324714079
  0.0941000000	  0.1232304577	 17.3563251296
  0.1100000000	  0.1329016997	 18.4921190893
  0.1016000000	  0.1417704511	 18.7718535765
  0.1044000000	  0.1408697735	 19.1870386335
  0.1007000000	  0.1331177899	 19.8832739205
  0.0955000000	  0.1283899971	 17.7137782573
  0.1084000000	  0.1305064239	 17.7221073108
  0.0923000000	  0.1184701063	 18.1556615483
  0.0964000000	  0.1159529238	 17.4986767488
  0.1009000000	  0.1378876292	 17.7590526310
  0.0991000000	  0.1543057750	 18.0353918959
  0.0999000000	  0.1543765144	 19.5082800941
  0.1025000000	  0.1529877829	 18.4043134917
  0.0780000000	  0.0959046539	 18.6279649072
  0.1098000000	  0.1494034834	 18.4609664167
  0.1103000000	  0.1588777749	 19.3205742049
  0.0986000000	  0.1150059378	 18.3177132863
  0.1021000000	  0.1367254125	 18.4544532754
  0.0755000000	  0.1042770104	 17.7311954906
  0.1038000000	  0.1506163950	 18.6006989165
  0.0890000000	  0.1195196391	 17.4963499508
  0.0971000000	  0.1412638854	 17.3219970275
  0.1041000000	  0.1550610558	 20.1345190636
  0.1075000000	  0.1477524768	 17.6993397046
  0.0926000000	  0.1124285127	 17.8348678978
  0.1052000000	  0.1415872064	 18.7110713730
  0.1004000000	  0.1291467455	 18.8022930127
  0.1081000000	  0.1433704873	 20.2477885398
  0.0922000000	  0.1459924172	 17.4438430543
  0.1238000000	  0.1661280811	 18.9494314591
  0.0897000000	  0.1252681031	 18.1858506255
  0.1021000000	  0.1490294830	 18.7381730000
  0.0947000000	  0.1154458404	 17.7444819103
  0.0976000000	  0.1288575504	 17.9519129488
  0.1019000000	  0.1407341736	 18.1006072315
  0.0974000000	  0.1475125556	 16.9892814230
  0.0960000000	  0.1390508821	 18.1661714571
  0.1014000000	  0.1583413794	 17.1712287340
  0.0948000000	  0.1248980948	 19.7184504210
  0.0894000000	  0.1303481701	 17.4800732851
  0.0971000000	  0.1220848468	 17.0203303603
  0.0910000000	  0.1281157059	 17.8358177627
  0.0991000000	  0.1447741294	 19.6989620712
  0.0936000000	  0.1433874507	 17.6794208831
  0.1001000000	  0.1399242333	 16.7720464261
  0.0999000000	  0.1348681746	 18.0211687040
  0.1003000000	  0.1496136585	 19.0459058636
  0.0998000000	  0.1172797013	 18.7976152272
  0.1202000000	  0.1722837109	 19.3259598557
  0.1138000000	  0.1732787977	 19.1687076487
  0.0836000000	  0.1192329443	 18.2291152758
  0.1006000000	  0.1453597651	 17.8575326214
  0.0934000000	  0.1178078808	 18.2650349842
  0.0997000000	  0.1401970340	 18.4566123578
  0.0958000000	  0.1300363809	 18.3237622067
  0.0923000000	  0.1180820111	 17.8749648437
  0.1021000000	  0.1409754333	 17.9538947988
  0.1057000000	  0.1577566003	 18.7016943807
  0.1006000000	  0.1587024456	 17.7330215795
  0.0964000000	  0.1378276623	 18.3557185697
  0.1102000000	  0.1256363174	 20.3789653048
  0.1002000000	  0.1411646913	 18.0565852209
  0.1093000000	  0.1403855940	 18.6466686640
  0.1069000000	  0.1692136099	 19.2335837033
  0.1168000000	  0.1642035531	 20.2778208985
  0.1008000000	  0.1549252361	 18.6730325480
  0.1096000000	  0.1239828979	 18.7701749560
  0.0947000000	  0.1294488841	 17.8871450655
  0.1032000000	  0.1613120508	 17.9533313387
  0.1035000000	  0.1385455684	 18.4671459863
  0.0918000000	  0.1047222676	 17.6289991441
  0.0934000000	  0.1203321769	 17.9500239750
  0.0958000000	  0.1372494236	 18.4357796021
  0.0960000000	  0.1445275845	 17.0947060497
  0.1122000000	  0.1690512986	 16.9935045457
  0.0987000000	  0.1523292553	 19.0192402812
  0.1017000000	  0.1376448557	 17.6280316348
  0.1088000000	  0.1779655601	 19.6492452233
  0.1026000000	  0.1588014360	 20.5274031354
  0.1019000000	  0.1604122643	 17.9330520197
  0.0838000000	  0.1045700868	 17.9289731908
  0.0908000000	  0.1289993525	 18.5207875771
  0.0971000000	  0.1276226142	 18.5085779870
  0.1037000000	  0.1335241516	 18.5113885843
  0.1057000000	  0.1531853379	 18.9875681421
  0.1072000000	  0.1617992958	 18.7811589948
  0.1029000000	  0.1413128347	 18.6969737253
  0.0977000000	  0.1366962381	 17.7559137589
  0.0939000000	  0.1194180986	 18.8815520384
  0.0905000000	  0.1255405977	 17.2578289177
  0.0956000000	  0.1157537556	 17.3267064951
  0.0937000000	  0.1298939260	 17.3737001880
  0.0993000000	  0.1375925896	 17.9193259448
  0.0950000000	  0.1036903943	 17.7254500358
  0.1093000000	  0.1579105486	 18.3331985116
  0.1030000000	  0.1444611322	 18.9052324190
  0.0993000000	  0.1475752610	 18.3736360700
  0.1170000000	  0.1585964387	 17.9020072476
  0.1080000000	  0.1560414266	 18.2395899687
  0.0944000000	  0.1302426873	 17.1088389738
  0.1055000000	  0.1564797644	 18.0690692795
  0.0978000000	  0.1418918484	 18.4399305189
  0.1080000000	  0.1594363558	 18.1737761600
  0.1010000000	  0.1235759522	 18.6799147091
  0.1006000000	  0.1299638773	 18.7288655925
  0.1097000000	  0.1571239769	 18.1383025370
  0.1001000000	  0.1471482504	 16.8583756204
  0.0968000000	  0.1222376223	 18.6734585234
  0.0992000000	  0.1280073515	 17.3339945075
  0.1086000000	  0.1427083256	 19.2443252003
  0.0932000000	  0.1283333119	 18.2682768592
  0.0981000000	  0.1191885072	 17.4332179976
  0.1024000000	  0.1348771866	 18.5318613811
  0.0923000000	  0.1469393050	 19.2601598742
  0.0990000000	  0.1216736306	 17.8293764142
  0.1005000000	  0.1268510837	 17.9073366091
  0.1048000000	  0.1459851510	 17.8490004457
  0.0951000000	  0.1449418270	 17.7501430703
  0.1101000000	  0.1777878687	 18.9507315859
  0.1106000000	  0.1608380907	 18.1888819686
  0.0893000000	  0.1343702607	 17.7848456744
  0.1094000000	  0.1296856152	 18.7076707980
  0.1008000000	  0.1496411919	 18.6196813134
  0.0970000000	  0.1244769729	 18.1744193314
  0.1008000000	  0.1181375635	 18.6423761977
  0.1045000000	  0.1416379363	 17.6783425190
  0.0760000000	  0.0941391677	 16.5419239328
  0.0837000000	  0.1205004691	 18.2691462161
  0.1137000000	  0.1802678862	 18.8997226121
  0.0994000000	  0.1477354950	 18.6098990217
  0.1020000000	  0.1462684202	 17.9525664075
  0.1040000000	  0.1408539465	 19.5905388823
  0.1071000000	  0.1613885358	 18.8353127673
  0.0948000000	  0.1388151222	 17.2952813466
  0.0878000000	  0.1183912769	 18.6893964473
  0.1020000000	  0.1448059629	 18.9983817557
  0.0878000000	  0.1155661728	 17.9358397558
  0.0938000000	  0.1419706205	 17.5396930374
  0.0918000000	  0.1129700320	 17.8079712837
  0.1007000000	  0.1370744184	 18.3353534498
  0.1137000000	  0.1715970473	 20.1194274170
  0.0960000000	  0.1473229677	 17.8959872557
  0.0918000000	  0.1269330345	 18.1597725013
  0.1132000000	  0.1548759886	 18.4588368290
  0.1040000000	  0.1526190185	 18.5869830987
  0.1023000000	  0.1419834260	 18.7821859403
  0.0916000000	  0.1305955972	 17.8621673006
  0.1084000000	  0.1656147667	 17.7466240117
  0.1086000000	  0.1542675857	 18.8897977395
  0.0948000000	  0.1448045328	 19.2171008521
  0.1084000000	  0.1526324207	 17.5785936259
  0.0946000000	  0.1226561244	 17.6071349192
  0.1111000000	  0.1574594930	 19.1971255397
  0.0991000000	  0.1324719923	 18.2367916770
  0.1011000000	  0.1451369227	 19.2951348937
  0.1010000000	  0.1241036517	 19.3599241286
  0.1080000000	  0.1614994344	 18.2320785808
  0.0971000000	  0.1680198121	 17.8093221822
  0.1105000000	  0.1379028710	 18.1177475580
  0.0964000000	  0.1457756686	 18.2447280693
  0.1087000000	  0.1523373629	 19.4246359221
  0.0965000000	  0.1336540380	 17.7233494165
  0.0967000000	  0.1554465968	 17.2315223710
  0.0870000000	  0.1119821251	 17.9960812218
  0.1094000000	  0.1524650219	 20.1543107807
  0.0930000000	  0.1466480103	 17.6678813078
  0.1012000000	  0.1463958321	 19.4540529466
  0.0960000000	  0.1260920380	 18.3992938346
  0.0926000000	  0.1268067924	 16.7953493914
  0.1147000000	  0.1672609831	 18.3911465126
  0.0946000000	  0.1241561068	 17.9588467736
  0.1055000000	  0.1571074516	 20.7993187190
  0.0960000000	  0.1402340161	 17.5132710241
  0.1073000000	  0.1585781891	 17.7796296729
  0.1084000000	  0.1391705047	 16.3207916464
  0.1059000000	  0.1510837215	 20.6172819325
  0.1089000000	  0.1609829569	 17.4248167934
  0.0923000000	  0.1197073630	 17.8115557850
  0.1087000000	  0.1538647320	 18.0950833768
  0.1010000000	  0.1273829584	 18.8999466475
  0.1071000000	  0.1481699927	 18.5309386226
  0.1065000000	  0.1468074867	 18.0531623673
  0.0975000000	  0.1251003935	 17.6677292528
  0.0909000000	  0.1446824823	 18.1296471546
  0.1130000000	  0.1360022741	 18.4854607203
  0.0874000000	  0.1286444838	 18.3571723252
  0.0961000000	  0.1452741066	 17.8053089964
  0.1069000000	  0.1247016309	 18.6620462970
  0.1044000000	  0.1462646345	 18.2909699580
  0.0959000000	  0.1335824215	 18.9557927357
  0.1043000000	  0.1320497049	 18.0775121636
  0.1057000000	  0.1418506681	 17.9933665806
  0.1002000000	  0.1264900987	 19.0221145379
  0.0989000000	  0.1416607289	 18.1998101567
  0.1001000000	  0.1434902265	 18.2820466311
  0.0812000000	  0.1138826375	 17.3847712023
  0.0958000000	  0.1447263366	 17.4555759436
  0.0921000000	  0.1310493333	 17.6955743261
  0.1114000000	  0.1493282724	 17.8272588290
  0.0915000000	  0.1272751025	 18.1622956289
  0.1108000000	  0.1400648695	 19.5562760529
  0.1046000000	  0.1684967870	 18.5010538687
  0.1046000000	  0.1489737533	 18.5941093884
  0.1114000000	  0.1516984461	 19.1856233430
  0.1091000000	  0.1444334910	 18.3264420400
  0.1001000000	  0.1377959253	 17.3586976209
  0.0880000000	  0.1112594719	 17.1083232118
  0.0987000000	  0.1553229502	 17.9859718196
  0.0913000000	  0.1238668184	 17.9386125420
  0.1115000000	  0.1749704594	 18.4524177533
  0.1042000000	  0.1240350576	 17.8851125725
  0.0920000000	  0.1367324463	 17.6554012441
  0.0929000000	  0.1264910333	 17.7761196049
  0.1031000000	  0.1245404049	 17.8222938582
  0.1030000000	  0.1455330035	 17.5507815027
  0.1052000000	  0.1412122745	 19.5663990099
  0.1111000000	  0.1692039895	 18.5029489250
  0.0926000000	  0.1522491945	 17.9643440916
  0.1089000000	  0.1224878152	 19.7942502132
  0.1054000000	  0.1386407956	 17.3415548749
  0.1110000000	  0.1468379551	 18.4323433874
  0.1085000000	  0.1366576117	 17.1670307463
  0.0953000000	  0.1433113123	 18.8542377382
  0.0985000000	  0.1418004514	 18.7551871245
  0.0941000000	  0.1190949986	 18.8426596304
  0.0923000000	  0.1262692470	 18.5788885839
  0.1064000000	  0.1408854356	 17.8223328387
  0.0938000000	  0.1191838784	 17.9552858105
  0.1079000000	  0.1425630350	 19.1108359152
  0.1065000000	  0.1302495173	 17.6966759855
  0.1078000000	  0.1494349365	 18.7296750075
  0.1023000000	  0.1371150682	 18.3458248339
  0.0989000000	  0.1451426716	 18.0576298025
  0.0955000000	  0.1459837945	 19.8892233609
  0.1067000000	  0.1542562666	 19.4057344141
  0.1111000000	  0.1605550317	 18.3647885263
  0.0904000000	  0.1250762677	 17.6798997423
  0.0913000000	  0.1152081074	 18.8726340359
  0.0980000000	  0.1438786066	 17.7344067544
  0.0960000000	  0.1436429674	 19.5334454450
  0.0860000000	  0.1125433940	 16.9763052076
  0.0944000000	  0.1172214671	 18.9700812483
  0.1037000000	  0.1439860180	 20.1079055570
  0.1121000000	  0.1512013512	 18.5594524919
  0.0886000000	  0.1286876138	 16.7141999245
  0.0870000000	  0.0993430802	 18.0580338679
  0.0974000000	  0.1319643676	 18.6139827955
  0.1030000000	  0.1247540742	 17.5393230698
  0.0845000000	  0.1245585257	 17.3101368689
  0.1148000000	  0.1335910330	 18.1225560535
  0.1038000000	  0.1624571976	 17.6358433683
  0.0982000000	  0.1324240679	 16.3724163470
  0.1093000000	  0.1264283388	 18.3341147393
  0.0935000000	  0.1425887122	 16.9582840490
  0.1066000000	  0.1389305391	 17.8256234146
  0.0941000000	  0.1258449805	 18.4839113706
  0.1025000000	  0.1403715596	 17.4822765312
  0.0968000000	  0.1600918832	 18.6380942854
  0.0993000000	  0.1542051291	 17.1800865257
  0.0966000000	  0.1129012665	 16.5386016891
  0.0921000000	  0.1318795344	 18.3213509304
  0.1011000000	  0.1171318036	 19.9425012517
  0.0997000000	  0.1239368408	 18.9248757058
  0.1057000000	  0.1565592917	 18.9281993533
  0.1039000000	  0.1526043729	 18.7160867476
  0.1031000000	  0.1514062621	 18.5592544080
  0.0974000000	  0.1367109311	 17.9917979799
  0.1026000000	  0.1369609829	 18.5623282814
  0.1142000000	  0.1537762315	 19.0345122840
  0.1034000000	  0.1146027276	 16.7475639483
  0.1002000000	  0.1224990908	 17.8730262354
  0.0921000000	  0.1169187460	 18.9739358352
  0.0861000000	  0.1063027243	 18.4223273553
  0.0923000000	  0.1273675305	 19.3759636289
  0.0955000000	  0.1479884343	 17.2007365451
  0.0971000000	  0.1503179171	 18.1411745305
  0.0974000000	  0.1293408942	 18.2008143746
  0.1078000000	  0.1463220220	 16.6396755293
  0.0905000000	  0.1126384287	 18.5500431999
  0.1058000000	  0.1313805103	 18.8786955367
  0.1029000000	  0.1356166857	 18.5299854114
  0.0952000000	  0.1616731291	 19.0902846707
  0.1084000000	  0.1487388150	 19.2412756373
  0.1065000000	  0.1430026064	 18.3873791806
  0.0957000000	  0.1490726598	 19.0975571479
  0.0993000000	  0.1228083404	 18.2299826617
  0.0860000000	  0.1116188605	 17.9545269489
  0.1025000000	  0.1345036641	 17.6925609656
  0.0819000000	  0.1019075263	 17.7269127166
  0.1003000000	  0.1317616597	 16.8840834564
  0.1085000000	  0.1650355415	 20.6473057690
  0.1062000000	  0.1559088396	 18.7002423901
  0.0952000000	  0.1410617219	 18.5790149761
  0.0965000000	  0.1305903018	 18.5631194256
  0.0939000000	  0.1339654059	 20.0538526136
  0.1070000000	  0.1380807666	 18.2291254646
  0.0844000000	  0.1277522294	 17.1513017778
  0.0885000000	  0.1285568873	 19.3287388665
  0.1121000000	  0.1563893656	 17.2018185094
  0.0943000000	  0.1277537787	 18.2224890224
  0.0912000000	  0.1178242313	 17.3838723373
  0.1013000000	  0.1648530581	 18.2560414998
  0.0962000000	  0.1427503419	 19.8103728848
  0.0966000000	  0.1121015172	 19.5512773041
  0.0982000000	  0.1321136547	 18.3829647305
  0.0903000000	  0.1272052117	 19.5498037400
  0.1025000000	  0.1409583779	 17.4337879020
  0.1031000000	  0.1632932877	 18.4035737766
  0.1130000000	  0.1622406515	 18.5285591139
  0.1045000000	  0.1437460004	 20.3555615466
  0.1169000000	  0.1569002122	 18.1873984172
  0.0965000000	  0.1432903949	 17.7416764464
  0.1079000000	  0.1535748335	 17.7258355847
  0.0952000000	  0.1445858609	 19.7846242152
  0.0913000000	  0.1245338121	 18.4126081784
  0.0929000000	  0.1053896397	 17.5326769490
  0.1033000000	  0.1332398443	 18.0466335508
  0.0870000000	  0.1110779891	 18.6362929253
  0.0942000000	  0.1107655042	 17.1982902379
  0.1015000000	  0.1191715507	 17.6075971201
  0.0874000000	  0.1099156660	 17.3071033305
  0.1108000000	  0.1511058457	 18.7294156399
  0.1056000000	  0.1539191472	 19.5678400548
  0.1105000000	  0.1654633027	 18.6901133867
  0.0986000000	  0.1457457236	 18.5969154966
  0.0966000000	  0.1328919143	 17.6762948015
  0.0996000000	  0.1316858784	 18.1267568337
  0.1026000000	  0.1515019623	 18.3258754803
  0.0951000000	  0.1359829600	 17.9559319198
  0.1116000000	  0.1360697325	 18.0830377646
  0.0863000000	  0.1258288992	 17.5516622055
  0.0922000000	  0.1283758994	 17.1074881292
  0.1122000000	  0.1570141807	 17.1408723058
  0.0990000000	  0.1397008450	 18.3682997540
  0.0985000000	  0.1599538701	 19.5913751654
  0.0998000000	  0.1578527801	 18.5019174505
  0.0985000000	  0.1248306696	 18.3884011984
  0.1084000000	  0.1608966379	 19.6561367845
  0.1073000000	  0.1656007822	 18.4420162631
  0.1016000000	  0.1378317201	 18.8819339093
  0.0990000000	  0.1394989446	 17.8475610402
  0.0948000000	  0.1423209679	 17.3829718451
  0.1033000000	  0.1418964423	 18.4370749821
  0.1145000000	  0.1686542930	 18.7931342202
  0.1023000000	  0.1394375009	 19.1593774559
  0.0879000000	  0.1233623177	 17.2070772602
  0.0959000000	  0.1399268425	 18.9153933858
  0.0973000000	  0.1310107374	 18.5035694031
  0.0845000000	  0.0863391826	 17.8595793028
  0.1101000000	  0.1249408695	 18.1021405055
  0.0961000000	  0.1098580619	 17.2481465285
  0.0992000000	  0.1498321915	 19.3784171426
  0.1045000000	  0.1518520775	 19.0596369430
  0.1082000000	  0.1377550899	 19.0601829665
  0.1005000000	  0.1595258411	 18.6286459147
  0.0982000000	  0.1291971115	 18.7322032123
  0.1038000000	  0.1666696484	 18.3476408214
  0.1161000000	  0.1454559238	 18.1322624960
  0.0982000000	  0.1404910236	 18.1257309488
  0.1003000000	  0.1376113366	 17.7346552902
  0.0952000000	  0.1497859082	 17.4629845434
  0.1088000000	  0.1528445888	 18.7311274303
  0.1090000000	  0.1760083752	 18.2666970230
  0.0917000000	  0.1312315814	 19.7718233486
  0.0908000000	  0.1450488648	 18.9827358225
  0.1057000000	  0.1467881365	 17.6301974838
  0.1036000000	  0.1445630026	 17.4144467432
  0.1002000000	  0.1345018268	 17.3837089132
  0.0972000000	  0.1329851002	 18.5643537694
  0.1054000000	  0.1498819981	 18.9149290209
  0.0903000000	  0.1253962927	 17.5575044324
  0.1134000000	  0.1610751611	 19.0672808907
  0.0993000000	  0.1240657261	 18.3946578539
  0.0890000000	  0.1229561322	 19.4810548513
  0.0981000000	  0.1421617474	 16.7018283884
  0.1082000000	  0.1486757841	 16.9502499842
  0.0786000000	  0.1058676855	 17.3065963549
  0.1049000000	  0.1491348525	 19.1776483196
  0.0912000000	  0.1409834463	 18.2780084874
  0.0905000000	  0.1258243569	 18.3754100846
  0.0937000000	  0.1402293707	 18.3863356377
  0.0960000000	  0.1373961916	 17.4447622249
  0.1021000000	  0.1455700968	 18.1791153931
  0.1077000000	  0.1689896748	 18.3638444141
  0.1038000000	  0.1534544752	 19.1400143418
  0.0969000000	  0.1379088421	 17.1977589950
  0.0989000000	  0.1472106709	 18.3582791738
  0.0956000000	  0.1419149689	 17.9837804321
  0.1016000000	  0.1555063616	 18.5437376296
  0.0992000000	  0.1418861589	 17.8182571940
  0.1025000000	  0.1357031595	 16.9209963449
  0.0893000000	  0.1260339175	 18.9229860629
  0.0948000000	  0.1401898370	 19.5662377335
  0.0969000000	  0.1411254252	 19.2357535169
  0.0966000000	  0.1352735145	 18.9892445369
  0.0761000000	  0.1001499445	 17.6857688684
  0.0919000000	  0.1369587389	 17.0742456869
  0.0975000000	  0.1353428209	 18.6878350717
  0.1092000000	  0.1252613237	 19.2747202707
  0.1102000000	  0.1414947377	 17.5775866413
  0.0921000000	  0.1274785040	 18.0634078483
  0.0949000000	  0.1448042945	 18.0101994560
  0.0914000000	  0.1136830934	 16.2096956622
  0.0883000000	  0.1157313126	 18.1854073949
  0.0904000000	  0.1205934022	 16.4512064677
  0.1068000000	  0.1522178059	 17.6428133685
  0.1027000000	  0.1540097408	 18.7568053508
  0.0898000000	  0.1320566541	 17.4523034284
  0.0922000000	  0.1248578777	 17.5930418426
  0.1011000000	  0.1566615520	 19.0603017572
  0.0935000000	  0.1239996181	 17.6941321734
  0.0875000000	  0.1201891563	 17.8203546603
  0.1067000000	  0.1551466424	 18.5095208681
  0.0978000000	  0.1460727665	 18.5865243318
  0.0998000000	  0.1301529854	 16.6183410920
  0.1022000000	  0.1241410759	 19.6494205292
  0.1090000000	  0.1682152488	 17.6431446371
  0.1018000000	  0.1515477610	 18.6132729891
  0.0856000000	  0.1288791495	 17.7550109420
  0.0921000000	  0.1134212907	 16.3115136518
  0.0807000000	  0.0989428976	 16.5415038598
  0.0893000000	  0.1376346569	 18.7718572024
  0.1065000000	  0.1420427662	 18.3256289362
  0.0909000000	  0.1111092615	 17.4941244646
  0.0935000000	  0.1099133490	 17.8934655595
  0.0959000000	  0.1156326258	 17.7602576328
  0.0917000000	  0.1196614928	 17.8882775226
  0.1039000000	  0.1353687775	 17.6010862765
  0.1069000000	  0.1356524684	 17.9833139521
  0.0927000000	  0.1283624126	 17.2494701231
  0.0941000000	  0.1286986729	 16.8086533926
  0.1019000000	  0.1445925939	 17.6088199793
  0.1009000000	  0.1420101771	 19.2435509407
  0.1008000000	  0.1629511520	 18.5236842216
  0.0889000000	  0.1237379859	 18.1843223185
  0.0969000000	  0.1283771037	 18.1450894964
  0.0947000000	  0.1308760139	 17.4428423240
  0.0988000000	  0.1365852024	 18.1386489044
  0.0983000000	  0.1291678677	 17.6158859859
  0.0959000000	  0.1402490300	 18.9421420958
  0.1110000000	  0.1368329227	 17.8384440600
  0.0904000000	  0.1275856354	 18.2681415805
  0.1121000000	  0.1618150397	 18.3032371965
  0.0995000000	  0.1464438116	 18.6472342085
  0.0952000000	  0.1350970254	 17.7014101872
  0.0989000000	  0.1361680621	 18.2631364393
  0.0975000000	  0.1669741241	 18.1661548131
  0.0998000000	  0.1206862647	 17.4396716575
  0.1025000000	  0.1594745499	 20.4517112746
  0.1047000000	  0.1397146588	 17.2374147034
  0.0937000000	  0.1242083801	 19.2424561104
  0.1112000000	  0.1561877141	 18.2211689661
  0.0931000000	  0.1212226959	 18.3242363798
  0.1004000000	  0.1348764926	 17.6576563141
  0.1091000000	  0.1388417693	 18.8722005886
  0.1089000000	  0.1462756496	 17.7391728055
  0.0883000000	  0.1329254368	 18.0707774424
  0.1012000000	  0.1534453527	 18.8420625883
  0.0973000000	  0.1256076441	 18.5582146853
  0.0997000000	  0.1392493526	 18.5458541089
  0.1044000000	  0.1483206964	 19.9674169158
  0.0920000000	  0.1217494031	 18.5086999116
  0.0983000000	  0.1461213946	 16.1590262106
  0.0972000000	  0.1125416434	 17.7378669629
  0.0875000000	  0.1211773734	 17.5348176170
  0.0890000000	  0.1154961913	 17.0682538606
  0.0962000000	  0.1339999287	 17.0575411062
  0.0983000000	  0.1299249511	 18.6928632805
  0.0892000000	  0.1315312278	 18.4086294513
  0.1039000000	  0.1333330165	 19.3714465970
  0.0935000000	  0.1005065405	 17.5115758734
  0.0863000000	  0.1223324819	 18.3974866681
  0.1023000000	  0.1446438125	 20.2137303376
  0.0950000000	  0.1427949927	 18.4703035464
  0.0960000000	  0.1520005050	 19.1207886716
  0.0990000000	  0.1333628053	 17.7937756000
  0.0963000000	  0.1379927377	 17.6017445159
  0.0926000000	  0.1448450131	 18.6990326935
  0.0924000000	  0.1233293996	 18.5643551325
  0.0900000000	  0.1148893409	 16.2197691575
  0.0933000000	  0.1329598724	 17.1543706774
  0.0970000000	  0.1499042555	 19.7405039908
  0.1077000000	  0.1232571169	 17.9299734366
  0.1073000000	  0.1577939019	 17.6298891718
  0.0861000000	  0.1350458045	 18.1497230591
  0.1097000000	  0.1675694270	 18.7111325226
  0.1064000000	  0.1450375340	 18.3334957591
  0.0973000000	  0.1403134651	 19.0751026607
  0.1124000000	  0.1729853850	 19.3948377264
  0.0965000000	  0.1445146152	 18.4167366733
  0.0957000000	  0.1270830584	 17.9382994412
  0.0855000000	  0.1151203668	 18.7781099983
  0.0947000000	  0.1351790292	 16.9906745791
  0.0893000000	  0.1312367068	 17.2659240066
  0.0993000000	  0.1149847751	 19.6334133223
  0.1066000000	  0.1534381159	 17.7283743039
  0.1140000000	  0.1756456141	 18.0214902641
  0.0992000000	  0.1263290407	 17.5231783126
  0.1059000000	  0.1491891438	 19.8244997646
  0.1023000000	  0.1594530743	 18.4629402310
  0.1012000000	  0.1328067106	 18.0553586658
  0.0994000000	  0.1493719505	 20.3296875322
  0.0999000000	  0.1386873533	 19.7115318037
  0.1029000000	  0.1385314510	 18.4307730655
  0.0869000000	  0.1310361876	 17.8268879256
  0.1055000000	  0.1358951181	 18.7279165240
  0.1086000000	  0.1579057766	 18.2697201984
  0.1186000000	  0.1692524923	 18.8318998262
  0.1009000000	  0.1412713501	 19.3732002302
  0.0943000000	  0.1389627441	 18.7788177782
  0.1166000000	  0.1568748293	 18.3415980950
  0.0879000000	  0.1062261224	 17.4730926920
  0.0986000000	  0.1347018134	 18.4511341348
  0.0943000000	  0.1220449375	 17.2224079380
  0.1070000000	  0.1533681011	 18.8926436287
  0.0963000000	  0.1440535594	 18.2756003195
  0.1114000000	  0.1461920068	 18.2777246933
  0.0966000000	  0.1444497274	 18.0996052243
  0.0973000000	  0.1414143080	 18.5224200764
  0.0963000000	  0.1103256359	 18.2329910140
  0.1005000000	  0.1514244998	 17.1122511461
  0.1047000000	  0.1526775844	 17.9763116578
  0.1065000000	  0.1404809967	 19.3162407828
  0.1024000000	  0.1441062457	 18.6750263642
  0.1120000000	  0.1807664978	 19.4054554854
  0.1108000000	  0.1475260116	 18.4498547662
  0.1060000000	  0.1458240999	 17.5569689079
  0.0877000000	  0.1127912240	 17.8841612760
  0.1024000000	  0.1526650815	 19.5162253960
  0.1085000000	  0.1354935761	 17.5698282755
  0.1101000000	  0.1677898478	 19.4377442016
  0.1050000000	  0.1631611975	 18.5279544245
  0.0956000000	  0.1136201022	 18.1812795696
  0.1023000000	  0.1381400811	 18.8887073818
  0.0855000000	  0.1020807137	 17.5976750835
  0.1284000000	  0.1581972594	 20.4520892187
  0.0956000000	  0.1620824992	 19.0040822648
  0.1067000000	  0.1348015621	 19.0100671300
  0.0956000000	  0.1245667872	 17.5310124514
  0.0997000000	  0.1447391141	 19.0969488957
  0.1102000000	  0.1630379024	 20.2533319090
  0.1091000000	  0.1581473938	 19.8347028317
  0.1104000000	  0.1377653517	 19.0439357900
  0.1103000000	  0.1373788852	 18.0236185155
  0.0961000000	  0.1401411873	 17.9918780624
  0.0948000000	  0.1310037525	 18.7714871397
  0.1030000000	  0.1432636864	 19.5867265879
  0.0818000000	  0.1129627122	 16.7073424337
  0.1001000000	  0.1344703744	 18.5067801461
  0.1019000000	  0.1403121337	 18.8753634245
  0.0973000000	  0.1547728733	 19.1789819017
  0.1021000000	  0.1602105714	 17.8488657125
  0.1003000000	  0.1432907147	 17.9071256498
  0.1105000000	  0.1645196905	 19.3546557881
  0.0963000000	  0.1108481088	 17.5493045628
  0.1011000000	  0.1374448500	 17.5346687322
  0.1005000000	  0.1309145373	 18.7625320796
  0.0929000000	  0.1347287382	 16.5556781295
  0.0885000000	  0.1167819996	 17.3227079580
  0.0978000000	  0.1405013619	 18.8959890809
  0.1018000000	  0.1548369126	 17.7593504649
  0.0899000000	  0.1433311524	 17.9223787791
  0.1168000000	  0.1640389204	 19.6481583316
  0.1158000000	  0.1773818497	 18.4296295868
  0.1021000000	  0.1341470588	 17.7131122424
  0.1059000000	  0.1394923497	 18.8113108149
  0.0960000000	  0.1494146243	 18.8615119908
  0.1039000000	  0.1510014720	 17.7136129370
  0.1138000000	  0.1625307856	 18.2236230917
  0.0965000000	  0.1382282677	 18.1413719214
  0.0983000000	  0.1473210609	 20.0313472791
  0.1035000000	  0.1454059416	 18.1984778170
  0.1148000000	  0.1662016924	 18.6545260455
  0.0922000000	  0.1178468556	 19.4838314247
  0.1182000000	  0.1643944070	 18.6567900223
  0.1001000000	  0.1593164769	 18.6432809126
  0.1044000000	  0.1494809609	 18.7838722286
  0.1024000000	  0.1327731203	 18.4537270964
  0.1013000000	  0.1479189676	 19.0301355760
  0.0980000000	  0.1300500374	 18.2878687946
  0.1044000000	  0.1410153194	 19.7614769942
  0.0921000000	  0.1291578951	 17.4153198605
  0.0969000000	  0.1340479749	 17.6522618637
  0.1150000000	  0.1400254240	 19.9965161529
  0.1010000000	  0.1450332328	 17.7504788364
  0.1029000000	  0.1344160171	 18.8965284206
  0.1035000000	  0.1293341963	 18.0733572628
  0.0879000000	  0.1318992545	 17.2747098795
  0.1017000000	  0.1255365691	 17.2334861784
  0.1036000000	  0.1667777211	 17.6481719292
  0.0973000000	  0.1148545028	 16.9593960969
  0.1048000000	  0.1459694159	 18.2311154625
  0.0982000000	  0.1291955064	 18.9972224226
  0.0939000000	  0.1276931122	 17.7436489359
  0.1024000000	  0.1400923143	 17.6591189825
  0.0885000000	  0.1056904978	 19.5772846019
  0.1008000000	  0.1368026324	 18.4061109381
  0.0883000000	  0.0981524684	 16.9985465472
  0.0997000000	  0.1501467830	 18.4647157510
  0.0952000000	  0.1406705584	 19.1930670185
  0.0843000000	  0.1169079478	 18.5573272926
  0.1091000000	  0.1506698672	 17.2167975337
  0.1044000000	  0.1449926260	 17.6223474382
  0.1072000000	  0.1804732144	 20.0929980460
  0.0959000000	  0.1257402593	 19.0028381159
  0.0914000000	  0.1454497772	 18.7706355074
  0.0921000000	  0.1303236074	 18.0481807099
  0.1035000000	  0.1634321977	 18.1251701633
  0.1069000000	  0.1397634060	 18.0568997067
  0.0969000000	  0.1580518168	 18.2080513269
  0.1114000000	  0.1607614095	 18.5408057899
  0.0926000000	  0.1495487205	 17.7259467707
  0.0913000000	  0.1312632854	 17.4352405598
  0.1025000000	  0.1333205126	 18.1065628347
  0.1084000000	  0.1618463586	 17.9023577028
  0.0922000000	  0.1340018907	 17.5029218005
  0.0993000000	  0.1241939687	 18.1865126776
  0.0895000000	  0.1253785095	 18.2539623510
  0.1012000000	  0.1510860590	 17.0435565649
  0.1252000000	  0.2027296608	 19.0813782507
  0.0983000000	  0.1362675913	 18.7718290136
  0.0858000000	  0.1192069688	 19.2939112491
  0.1051000000	  0.1575405855	 17.8791925245
  0.0937000000	  0.1339661896	 19.2735309189
  0.0960000000	  0.1559449843	 17.5488714177
  0.0999000000	  0.1512894043	 17.3861776813
  0.1014000000	  0.1497332776	 18.5469580470
  0.0994000000	  0.1346990438	 18.1375719713
  0.0981000000	  0.1388671592	 17.4545040267
  0.1054000000	  0.1522063778	 19.7931793097
  0.1138000000	  0.1616600277	 18.1356868684
  0.1020000000	  0.1172054561	 18.7817881465
  0.0932000000	  0.1365183742	 19.0920682161
  0.1039000000	  0.1418502916	 18.5338772123
  0.1009000000	  0.1290125955	 18.4700537364
  0.1015000000	  0.1197600161	 17.5226324623
  0.0992000000	  0.1351107140	 18.9696821858
  0.1030000000	  0.1414334122	 19.3283018785
  0.0999000000	  0.1364490430	 17.2104240000
  0.0897000000	  0.1224565565	 18.0140181540
  0.0962000000	  0.1214020560	 17.8165149666
  0.0895000000	  0.1251596688	 16.9343607825
  0.1024000000	  0.1312722097	 19.1085345922
  0.0972000000	  0.1285584457	 19.7753580887
  0.0897000000	  0.1293747311	 18.2877509359
  0.1016000000	  0.1338036173	 17.9209146657
  0.0887000000	  0.1239429749	 18.9881567126
  0.1047000000	  0.1501532037	 18.5388274988
  0.1105000000	  0.1345621589	 18.8701627267
  0.0897000000	  0.1301090262	 18.1811199092
  0.0968000000	  0.1295481877	 17.4650709090
  0.1109000000	  0.1707114438	 18.3766765991
  0.1064000000	  0.1609671661	 19.2662125439
  0.0939000000	  0.1458288771	 17.9308760599
  0.0965000000	  0.1444630209	 18.4280500974
  0.0967000000	  0.1458846041	 17.6206235347
  0.0980000000	  0.1423292011	 17.9772381808
  0.0992000000	  0.1437061143	 18.8840129376
  0.1021000000	  0.1467917307	 18.8026793096
  0.1036000000	  0.1386766903	 17.4935869744
  0.0978000000	  0.1441809166	 18.2316187274
  0.0946000000	  0.1204160787	 18.1540713798
  0.1064000000	  0.1288585446	 17.9831615658
  0.0909000000	  0.1400753916	 18.2972167064
  0.1074000000	  0.1468737268	 18.3509747780
  0.1129000000	  0.1639781513	 17.8800355004
  0.0887000000	  0.1332825200	 17.2756486513
  0.1039000000	  0.1470042925	 17.4683741119
  0.0972000000	  0.1283649827	 17.5451189905
  0.1029000000	  0.1545152425	 19.4955860542
  0.1167000000	  0.1718646613	 19.4097577752
  0.1081000000	  0.1723886368	 18.7549243196
  0.1102000000	  0.1607968936	 19.2655881180
  0.0976000000	  0.1150666460	 17.1520747993
  0.0962000000	  0.1471290573	 18.6998207117
  0.1065000000	  0.1617856926	 17.7722850582
  0.0995000000	  0.1455010318	 18.3261671969
  0.1095000000	  0.1609045111	 18.4368043679
  0.0980000000	  0.1257409966	 18.8249220850
  0.0971000000	  0.1346909882	 18.6563675027
  0.1119000000	  0.1799712856	 19.4535583320
  0.1043000000	  0.1403923225	 16.9411037363
  0.1024000000	  0.1573413959	 18.9548044895
  0.0969000000	  0.1241565510	 16.0619405452
  0.1101000000	  0.1609095142	 17.6511842206
  0.0981000000	  0.1393113367	 18.0902110009
  0.0970000000	  0.1505635131	 19.3383924776
  0.1012000000	  0.1234272836	 19.1697528047
  0.0896000000	  0.1149517571	 17.3005254692
  0.1064000000	  0.1386256491	 17.9507250299
  0.1073000000	  0.1673088760	 21.4268942023
  0.0942000000	  0.1271895130	 18.4514837198
  0.1040000000	  0.1443404142	 18.0637529408
  0.0894000000	  0.1242416579	 17.5587505709
  0.0996000000	  0.1341311923	 18.7415042893
  0.1009000000	  0.1389261410	 17.3463306736
  0.0896000000	  0.1099066895	 18.0725149668
  0.0906000000	  0.1402977927	 16.7367047099
  0.1118000000	  0.1676180310	 19.8659444213
  0.1020000000	  0.1433192134	 18.9833910205
  0.0943000000	  0.1384711854	 16.9043228593
  0.0973000000	  0.1239708044	 17.1247684671
  0.0849000000	  0.1271499108	 17.8960939509
  0.1109000000	  0.1554751361	 19.6315541387
  0.1067000000	  0.1460147814	 18.9591886326
  0.1024000000	  0.1518686927	 18.2600398106
  0.0989000000	  0.1314478568	 18.9530312152
  0.1010000000	  0.1257051825	 16.2389506853
  0.1023000000	  0.1460597341	 17.2746455480
  0.1004000000	  0.1500708167	 18.2089747881
  0.1086000000	  0.1576674944	 18.1281509028
  0.0904000000	  0.1346661807	 16.3264778917
  0.1085000000	  0.1445668135	 18.6307041768
  0.1271000000	  0.1535268097	 19.3054796571
  0.0986000000	  0.1312630613	 17.7875230429
  0.0918000000	  0.1321768061	 18.5156209264
  0.1080000000	  0.1632460605	 19.9978767717
  0.0954000000	  0.1363902648	 18.3503219768
  0.1134000000	  0.1781833308	 20.4235518950
  0.1078000000	  0.1602950180	 18.5982154503
  0.1048000000	  0.1462047806	 17.6573896630
  0.0976000000	  0.1170557671	 17.2492391127
  0.0993000000	  0.1369013607	 17.3512698866
  0.0864000000	  0.1082536785	 18.3585978883
  0.0960000000	  0.1370814951	 18.0797676740
  0.0970000000	  0.1396628591	 18.5038189681
  0.0993000000	  0.1420354959	 18.4690916464
  0.0863000000	  0.1136464855	 17.5490785023
  0.1089000000	  0.1449776332	 18.4734039169
  0.1065000000	  0.1678677717	 19.4992598875
  0.0962000000	  0.1400272131	 18.2617115161
  0.0984000000	  0.1216519701	 17.4986526784
  0.0914000000	  0.1462348119	 17.8189127976
  0.1085000000	  0.1567045080	 18.2296513777
  0.0940000000	  0.1267160482	 16.9990337822
  0.1054000000	  0.1395543998	 19.2160597376
  0.0920000000	  0.1355530516	 17.2027582028
  0.0960000000	  0.1343791432	 17.9196800816
  0.1093000000	  0.1717703101	 18.7276959378
  0.0995000000	  0.1317484977	 17.8200145310
  0.0905000000	  0.1395178564	 17.5691856333
  0.0942000000	  0.1270591655	 17.5656479687
  0.0938000000	  0.1182427395	 19.1510004489
  0.0966000000	  0.1367897815	 18.7785198270
  0.0936000000	  0.1281410787	 18.8051041216
  0.0970000000	  0.1506759883	 18.2943658491
  0.1054000000	  0.1470861055	 18.3534510952
  0.1019000000	  0.1392584896	 19.2011624515
  0.0990000000	  0.1321624633	 18.7551320812
  0.1018000000	  0.1449342356	 17.4338929121
  0.1197000000	  0.1525589085	 20.1542897401
  0.1083000000	  0.1459799994	 18.1621959959
  0.0989000000	  0.1343758982	 19.1442415013
  0.1074000000	  0.1702756130	 18.4409460682
  0.0976000000	  0.1499109644	 18.3551143907
  0.1085000000	  0.1516048919	 19.7903222356
  0.1150000000	  0.1606036467	 19.3091159270
  0.0943000000	  0.1238337594	 18.1481466091
  0.0915000000	  0.1349180911	 17.5661524271
  0.0962000000	  0.1456397559	 19.9006194101
  0.0892000000	  0.1151173775	 18.0442820687
  0.1034000000	  0.1588727256	 17.4379747618
  0.0995000000	  0.1219393477	 18.7198208008
  0.0967000000	  0.1294651934	 17.7559984901
  0.1161000000	  0.1513893342	 18.6097653752
  0.1018000000	  0.1321141065	 18.4373701664
  0.1074000000	  0.1302956575	 18.7539976807
  0.1080000000	  0.1391004880	 17.6578228765
  0.0966000000	  0.1275657367	 17.9022789238
  0.1080000000	  0.1592947842	 19.6432023307
  0.0994000000	  0.1289003974	 18.8368838853
  0.1050000000	  0.1405046515	 17.9006490546
  0.1052000000	  0.1547329121	 16.8930772182
  0.0982000000	  0.1587969060	 16.6406655721
  0.0930000000	  0.1356632476	 18.0751223847
  0.0975000000	  0.1416817830	 18.3368396470
  0.1134000000	  0.1528414207	 18.1261037672
  0.0956000000	  0.1405765106	 16.5402445333
  0.0984000000	  0.1315136410	 19.5252321993
  0.0978000000	  0.1521233763	 18.1373514012
  0.1001000000	  0.1350984387	 17.3265826596
  0.1043000000	  0.1569432146	 18.2595928594
  0.0952000000	  0.1353989354	 18.3874834013
  0.1045000000	  0.1397044618	 17.6847313564
  0.1048000000	  0.1418352899	 18.5449941620
  0.1032000000	  0.1462329006	 18.5445595487
  0.1061000000	  0.1369323806	 17.3163563474
  0.0860000000	  0.1182998158	 17.9653417697
  0.0951000000	  0.1366080979	 19.2372751852
  0.0980000000	  0.1401198769	 17.5791956621
  0.1087000000	  0.1659357745	 18.9412406300
  0.1080000000	  0.1497831421	 19.2296987457
  0.1169000000	  0.1774066242	 18.9389044436
  0.0981000000	  0.1243161627	 17.9843671037
  0.1141000000	  0.1529686902	 17.5981077042
  0.1118000000	  0.1314031692	 18.2453401789
  0.0870000000	  0.1205573783	 18.0423419350
  0.1147000000	  0.1560426027	 19.3124930608
  0.0888000000	  0.1452036700	 19.6165035985
  0.0844000000	  0.1023590893	 16.9775203954
  0.0904000000	  0.1371716507	 17.0481139529
  0.1021000000	  0.1360735166	 18.2431959497
  0.1027000000	  0.1155504867	 16.1599150895
  0.0964000000	  0.1418603536	 16.9645744929
  0.1066000000	  0.1723794171	 18.3009564034
  0.1027000000	  0.1609326903	 17.7957366808
  0.0964000000	  0.1370715271	 18.5416732630
  0.1024000000	  0.1384016949	 18.8205783427
  0.1041000000	  0.1517228411	 18.5717128402
  0.1090000000	  0.1483642679	 18.0268509898
  0.0991000000	  0.1476196370	 17.5511943805
  0.0918000000	  0.1296249946	 17.0059677281
  0.0901000000	  0.1279072690	 17.6291916147
  0.1038000000	  0.1417136020	 18.2190889696
  0.0945000000	  0.1512871329	 18.3021461345
  0.0932000000	  0.1139451279	 18.4835253227
  0.1020000000	  0.1382248852	 18.2243382059
  0.1042000000	  0.1281174232	 17.1405104854
  0.0856000000	  0.1206567683	 18.1340188330
  0.1014000000	  0.1468321763	 17.6228382048
  0.1039000000	  0.1491614862	 17.4000641344
  0.1058000000	  0.1519447860	 18.5228907007
  0.0955000000	  0.1206545806	 18.3339514547
  0.1127000000	  0.1577145702	 18.7172379353
  0.0895000000	  0.1323324101	 17.3833909585
  0.0981000000	  0.1395034311	 19.2144419735
  0.1018000000	  0.1575539598	 18.3572342141
  0.0884000000	  0.1297362956	 18.1494465107
  0.0938000000	  0.1192128972	 18.5826246463
  0.0920000000	  0.1308449402	 17.0533726252
  0.0973000000	  0.1371824751	 19.0443520687

