  0.0983865984	  0.9988377773	691.0378314939	333333.0000000000	170213.0000000000	210526.0000000000	 30.0000000000	 48.0000000000	 42.0000000000	  0.0000000000	  0.0000000000	  0.0000000000	  0.0970436521	 25.0614465708	1778449.2281291047	 -2.8797275850	-500.4834764529	62694.1441845920
  0.0999910583	  0.9961577749	685.1295959695	216216.0000000000	145455.0000000000	266667.0000000000	 42.0000000000	 60.0000000000	 36.0000000000	  0.0000000000	  0.0000000000	  0.0000000000	  0.0778772135	 14.8113164574	1000588.1601625085	 12.1807904102	697.4750894669	-21730.0042844517
  0.0985364203	  0.9894163788	680.0781926124	114286.0000000000	210526.0000000000	275862.0000000000	 72.0000000000	 42.0000000000	 30.0000000000	  0.0000000000	  0.0000000000	  0.0000000000	  0.0830847002	 10.9855550636	1112710.0990603804	122.3388140644	169.3408579958	19790.5754915679
  0.1014506069	  1.0040341489	688.2586326162	163265.0000000000	228571.0000000000	195122.0000000000	 54.0000000000	 36.0000000000	 42.0000000000	  0.0000000000	  0.0000000000	  0.0000000000	  0.1173110882	 19.7302656382	583591.7954679598	 40.5292337752	-156.1886635823	49552.3350833900
  0.1007020399	  1.0130528516	684.8576410675	114286.0000000000	153846.0000000000	190476.0000000000	 72.0000000000	 54.0000000000	 48.0000000000	  0.0000000000	  0.0000000000	  0.0000000000	  0.0846539468	 15.1536675751	882863.7507414591	-117.6935971279	-578.1645828333	-63260.6039456146
  0.0995005006	  1.0201237210	687.3725349260	88889.0000000000	137931.0000000000	222222.0000000000	 96.0000000000	 60.0000000000	 42.0000000000	  0.0000000000	  0.0000000000	  0.0000000000	  0.0879939943	 15.2659175416	1015069.9956987988	-293.2559303552	-847.4396718173	40149.0942615014
  0.1038618327	  1.0082380747	682.5448321071	129032.0000000000	250000.0000000000	285714.0000000000	 66.0000000000	 36.0000000000	 30.0000000000	  0.0000000000	  0.0000000000	  0.0000000000	  0.1045014969	 19.6954692111	1197524.0580125269	-89.2056458044	120.1356299250	17392.3012766982
  0.1021836465	  0.9999124023	688.6426624248	156863.0000000000	129032.0000000000	160000.0000000000	 54.0000000000	 66.0000000000	 54.0000000000	  0.0000000000	  0.0000000000	  0.0000000000	  0.0786678902	 12.8835801461	915991.0582601660	-38.5413735537	975.4085976905	121353.7501721061
  0.1003341628	  0.9972495206	687.7677023812	126984.0000000000	148148.0000000000	285714.0000000000	 66.0000000000	 60.0000000000	 30.0000000000	  0.0000000000	  0.0000000000	  0.0000000000	  0.1268792366	 21.6609202336	1001136.2936879989	-99.6080327441	756.9553296610	17489.3686070734
  0.1005919626	  0.9878127288	684.7329999111	91954.0000000000	200000.0000000000	200000.0000000000	 90.0000000000	 42.0000000000	 42.0000000000	  0.0000000000	  0.0000000000	  0.0000000000	  0.0988705646	 17.8683457261	1023186.6525539350	-279.8610881059	255.2749443998	58396.4872415722
  0.1019855386	  1.0164748760	688.3234185055	86022.0000000000	160000.0000000000	210526.0000000000	 96.0000000000	 54.0000000000	 42.0000000000	  0.0000000000	  0.0000000000	  0.0000000000	  0.0846595738	 17.6641047531	856687.9184629893	325.6478020561	518.2981247507	-46138.0869570037
  0.1029257279	  1.0021458384	689.1048368960	121212.0000000000	228571.0000000000	285714.0000000000	 72.0000000000	 36.0000000000	 30.0000000000	  0.0000000000	  0.0000000000	  0.0000000000	  0.1089883966	 24.2858726858	1110794.2189913180	-112.7478666191	-189.3805404588	16610.5688440153
  0.1003872462	  0.9992372273	688.3954956796	103896.0000000000	166667.0000000000	145455.0000000000	 78.0000000000	 54.0000000000	 60.0000000000	  0.0000000000	  0.0000000000	  0.0000000000	  0.0766014571	  7.3594389210	702001.5604853374	162.8849963464	307.3665854553	145627.1230004809
  0.1010310682	  0.9986107868	687.3627352330	105263.0000000000	200000.0000000000	181818.0000000000	 78.0000000000	 42.0000000000	 48.0000000000	  0.0000000000	  0.0000000000	  0.0000000000	  0.0703485829	 18.2997633420	773955.3555374957	145.2723162454	-243.4580045346	71704.3246725607
  0.1004190697	  0.9933383190	685.0135615565	186047.0000000000	173913.0000000000	235294.0000000000	 48.0000000000	 48.0000000000	 36.0000000000	  0.0000000000	  0.0000000000	  0.0000000000	  0.0948866066	 13.5512276313	1211133.0911027722	-23.3096061112	360.5558615623	37928.5756962419
  0.1016300000	  1.0085357908	685.8631824259	250000.0000000000	216216.0000000000	320000.0000000000	 36.0000000000	 42.0000000000	 30.0000000000	  0.0000000000	  0.0000000000	  0.0000000000	  0.1058286861	  6.9774016841	1142918.5114046813	  8.4528274386	114.0006376592	12104.4948831213
  0.0960861177	  1.0096330639	688.2632541386	163265.0000000000	190476.0000000000	242424.0000000000	 54.0000000000	 48.0000000000	 36.0000000000	  0.0000000000	  0.0000000000	  0.0000000000	  0.1278175820	 19.9584838942	912165.8565762041	-42.3184164839	315.1439692563	29114.0314167628
  0.0997879079	  1.0005125131	684.8641682472	129032.0000000000	117647.0000000000	216216.0000000000	 66.0000000000	 72.0000000000	 42.0000000000	  0.0000000000	  0.0000000000	  0.0000000000	  0.0925397312	 12.4549550497	1135245.5672951362	-82.7245907339	-1347.9752318614	-47012.5033574037
  0.0999004371	  0.9853073070	687.4320551030	98765.0000000000	170213.0000000000	205128.0000000000	 84.0000000000	 48.0000000000	 42.0000000000	  0.0000000000	  0.0000000000	  0.0000000000	  0.1207894673	 17.4150775073	1076663.4713773644	-237.3168133213	434.2006322634	54256.6925537483
  0.1029092464	  0.9901705879	690.7996357917	177778.0000000000	177778.0000000000	173913.0000000000	 48.0000000000	 48.0000000000	 48.0000000000	  0.0000000000	  0.0000000000	  0.0000000000	  0.0978538711	 21.8690663048	848096.4768078543	 27.3871963109	-413.5908974255	-91096.8353694638
  0.1011695364	  1.0066147010	689.2747883990	150943.0000000000	133333.0000000000	186047.0000000000	 54.0000000000	 66.0000000000	 48.0000000000	  0.0000000000	  0.0000000000	  0.0000000000	  0.0659825697	 13.1301536172	1169687.9039069929	-41.5193605262	-872.7526655035	83706.6992220058
  0.1015363570	  0.9961327878	688.6842157079	163265.0000000000	119403.0000000000	216216.0000000000	 54.0000000000	 72.0000000000	 42.0000000000	  0.0000000000	  0.0000000000	  0.0000000000	  0.1124789934	 12.4879092627	1197485.5795228491	 40.6086193881	1274.0754953435	46613.6397425084
  0.1020682755	  1.0185148007	687.3634079652	115942.0000000000	163265.0000000000	242424.0000000000	 72.0000000000	 54.0000000000	 36.0000000000	  0.0000000000	  0.0000000000	  0.0000000000	  0.0908535305	  9.1583879239	801872.1127051314	-115.7387397528	-357.6453461053	-26952.7690941615
  0.1023154887	  1.0126980109	689.2197096065	112676.0000000000	296296.0000000000	173913.0000000000	 72.0000000000	 30.0000000000	 48.0000000000	  0.0000000000	  0.0000000000	  0.0000000000	  0.1260184012	 19.3508025626	967000.3979779269	-157.8059350718	 61.1308475522	-93316.1627928628
  0.1000252458	  0.9871253282	684.2812807854	109589.0000000000	380952.0000000000	133333.0000000000	 78.0000000000	 24.0000000000	 66.0000000000	  0.0000000000	  0.0000000000	  0.0000000000	  0.1017829867	 20.6817674767	934235.6747982322	154.9936418412	-27.9476076348	-236008.3934810743
  0.1023259481	  1.0107126741	688.9120105832	93023.0000000000	131148.0000000000	421053.0000000000	 90.0000000000	 66.0000000000	 24.0000000000	  0.0000000000	  0.0000000000	  0.0000000000	  0.0841608413	 12.4362340154	908297.0427151500	248.5886258106	-905.0147066839	-4296.5330603862
  0.0998923337	  0.9832920787	687.4299188439	94118.0000000000	177778.0000000000	153846.0000000000	 90.0000000000	 48.0000000000	 54.0000000000	  0.0000000000	  0.0000000000	  0.0000000000	  0.0795044426	 13.3836447789	868886.2032830374	227.0050282476	-321.8037488567	-138936.7377433152
  0.0990160000	  0.9777549828	684.5353739325	125000.0000000000	275862.0000000000	266667.0000000000	 66.0000000000	 30.0000000000	 36.0000000000	  0.0000000000	  0.0000000000	  0.0000000000	  0.1276399534	 23.8621898116	1699033.6134004572	-107.7625147008	-90.9222418520	28624.8352235944
  0.1032361172	  1.0102759822	690.3454948000	93023.0000000000	210526.0000000000	216216.0000000000	 90.0000000000	 42.0000000000	 42.0000000000	  0.0000000000	  0.0000000000	  0.0000000000	  0.1112846335	 21.8240660572	763948.0330997643	281.2586061487	228.4325079475	40154.8691741134
  0.0998467084	  1.0133014336	684.0596841710	123077.0000000000	160000.0000000000	177778.0000000000	 66.0000000000	 54.0000000000	 48.0000000000	  0.0000000000	  0.0000000000	  0.0000000000	  0.0932061903	 18.3898088154	645160.5255082754	 97.7001322791	557.7827371616	-73124.3541957604
  0.0930277965	  1.0084459497	688.7001625687	112676.0000000000	125000.0000000000	320000.0000000000	 72.0000000000	 66.0000000000	 30.0000000000	  0.0000000000	  0.0000000000	  0.0000000000	  0.0947778813	 15.1514552921	1387067.8077478055	-131.6745822300	-1189.9122484695	-14201.7937543683
  0.1017551412	  1.0065814387	689.6350172406	97561.0000000000	242424.0000000000	173913.0000000000	 84.0000000000	 36.0000000000	 48.0000000000	  0.0000000000	  0.0000000000	  0.0000000000	  0.0815105586	 10.8479175161	800632.5779014431	208.8175292193	-95.4049786583	-87144.9233703959
  0.0976179036	  0.9932365901	689.3052835579	129032.0000000000	112676.0000000000	156863.0000000000	 66.0000000000	 72.0000000000	 54.0000000000	  0.0000000000	  0.0000000000	  0.0000000000	  0.0687424192	  7.9627086189	571130.9131151055	 72.2353492916	-1211.9715240793	-100562.7274672101
  0.1012959346	  0.9971996742	683.5537872778	285714.0000000000	186047.0000000000	242424.0000000000	 30.0000000000	 48.0000000000	 36.0000000000	  0.0000000000	  0.0000000000	  0.0000000000	  0.0786718809	 15.6475578270	1205178.7706105642	 -4.8811407617	302.1880827912	32632.9452262615
  0.0997911876	  0.9932334382	683.3042921922	123077.0000000000	307692.0000000000	160000.0000000000	 66.0000000000	 30.0000000000	 54.0000000000	  0.0000000000	  0.0000000000	  0.0000000000	  0.1064160117	 20.0467986718	1410526.0765745221	104.6521084764	-56.4026272022	148842.6195087038
  0.0979348374	  1.0122978639	689.8539012316	89888.0000000000	140351.0000000000	296296.0000000000	 90.0000000000	 60.0000000000	 30.0000000000	  0.0000000000	  0.0000000000	  0.0000000000	  0.1121217737	 29.8801260282	829427.8129854641	324.7145924801	1129.0116832313	-13587.0203913368
  0.0979028505	  1.0149657417	685.4446792110	97561.0000000000	170213.0000000000	145455.0000000000	 84.0000000000	 48.0000000000	 60.0000000000	  0.0000000000	  0.0000000000	  0.0000000000	  0.1000999541	 31.5315193576	1564649.7471464735	225.2189616303	-581.3850084346	-228724.4163018434
  0.1012120595	  1.0129836854	686.1692962778	108108.0000000000	228571.0000000000	296296.0000000000	 78.0000000000	 36.0000000000	 30.0000000000	  0.0000000000	  0.0000000000	  0.0000000000	  0.1012257022	 15.9541115678	1333480.0028469320	159.3498124854	-146.5019189002	-16436.7839054043
  0.0980985981	  0.9937913702	683.3314422359	111111.0000000000	195122.0000000000	307692.0000000000	 78.0000000000	 42.0000000000	 30.0000000000	  0.0000000000	  0.0000000000	  0.0000000000	  0.0745388904	 10.9688585384	919083.4764747374	-127.3141407323	-202.9785063302	-12522.3153769078
  0.0997673498	  1.0072291208	685.7369898669	148148.0000000000	200000.0000000000	177778.0000000000	 60.0000000000	 42.0000000000	 48.0000000000	  0.0000000000	  0.0000000000	  0.0000000000	  0.0690525022	 17.6198292127	1398950.0121518122	-43.9333893472	240.1041463483	102249.7727773891
  0.1015329856	  1.0249399921	687.2133728158	105263.0000000000	156863.0000000000	222222.0000000000	 78.0000000000	 54.0000000000	 42.0000000000	  0.0000000000	  0.0000000000	  0.0000000000	  0.0817498545	 14.5303882761	1450101.5036112622	-161.5573492311	512.1444474413	-46806.5365602535
  0.1023561221	  0.9997844714	692.6527155212	88889.0000000000	156863.0000000000	166667.0000000000	 96.0000000000	 54.0000000000	 54.0000000000	  0.0000000000	  0.0000000000	  0.0000000000	  0.0614661080	  9.4783035351	842051.7144442353	248.5558691462	420.3850132254	104683.1001778825
  0.1000432667	  0.9991085858	683.8637337935	135593.0000000000	186047.0000000000	200000.0000000000	 60.0000000000	 48.0000000000	 42.0000000000	  0.0000000000	  0.0000000000	  0.0000000000	  0.1281499891	 17.3909096450	1534114.9993161059	 81.7304200922	-319.7359643392	-72256.3135138914
  0.0963848464	  1.0136009777	683.8186612744	126984.0000000000	333333.0000000000	200000.0000000000	 66.0000000000	 30.0000000000	 42.0000000000	  0.0000000000	  0.0000000000	  0.0000000000	  0.1230370265	 29.8795027196	1053378.2616974083	-102.8842796309	-53.0719176636	-61946.3076873595
  0.1000605623	  1.0000495035	684.0550803567	94118.0000000000	333333.0000000000	307692.0000000000	 90.0000000000	 30.0000000000	 30.0000000000	  0.0000000000	  0.0000000000	  0.0000000000	  0.0855175198	 21.1982958579	1424087.5715175555	235.8622561424	-42.5354188117	14627.1499952979
  0.0997258914	  0.9964974229	688.7525331361	108108.0000000000	258065.0000000000	156863.0000000000	 78.0000000000	 36.0000000000	 54.0000000000	  0.0000000000	  0.0000000000	  0.0000000000	  0.0739365828	 16.0749367531	1308653.6453495740	138.8335443950	-92.9284674094	-156587.7303873354
  0.0979843480	  0.9826842465	686.7929056220	153846.0000000000	148148.0000000000	166667.0000000000	 54.0000000000	 60.0000000000	 54.0000000000	  0.0000000000	  0.0000000000	  0.0000000000	  0.0874824637	 14.5684987674	980964.7965548756	 44.0484992945	-642.6873951744	-106632.3598956904
  0.0997818339	  1.0012911249	688.2683243284	114286.0000000000	363636.0000000000	242424.0000000000	 72.0000000000	 24.0000000000	 36.0000000000	  0.0000000000	  0.0000000000	  0.0000000000	  0.0938031446	 24.8908449419	1269139.7056544337	126.8249961521	-37.7171962979	-34075.7096652076
  0.1013367680	  1.0107096615	691.0150665416	142857.0000000000	173913.0000000000	222222.0000000000	 60.0000000000	 48.0000000000	 42.0000000000	  0.0000000000	  0.0000000000	  0.0000000000	  0.1126342182	 41.0775779362	1068443.8097302185	-62.8249273145	-596.5497551588	43616.4114161774
  0.0973149793	  1.0082774593	687.6278264690	105263.0000000000	216216.0000000000	150943.0000000000	 78.0000000000	 42.0000000000	 54.0000000000	  0.0000000000	  0.0000000000	  0.0000000000	  0.0946083986	 26.5351990356	1313686.7968976530	-166.0842966239	234.7840560214	178412.7064892401
  0.0966426933	  1.0065555265	686.2159441170	129032.0000000000	242424.0000000000	210526.0000000000	 66.0000000000	 36.0000000000	 42.0000000000	  0.0000000000	  0.0000000000	  0.0000000000	  0.0870725202	 31.0855597170	1433538.3060116617	 80.4945351370	-166.2782240743	-57910.8602929290
  0.0985309070	  1.0162930180	686.8848304683	96386.0000000000	117647.0000000000	131148.0000000000	 84.0000000000	 72.0000000000	 66.0000000000	  0.0000000000	  0.0000000000	  0.0000000000	  0.1007689169	 14.7623307844	826146.5912122829	238.6293223401	1428.2846593783	234804.1069477393
  0.1016382876	  1.0053544271	690.3896686560	114286.0000000000	228571.0000000000	177778.0000000000	 72.0000000000	 36.0000000000	 48.0000000000	  0.0000000000	  0.0000000000	  0.0000000000	  0.1201456405	 21.3918204429	1222429.6957520803	-142.1613632963	-166.3340149464	95762.1081736286
  0.0996837876	  0.9702958240	684.9941708469	195122.0000000000	150943.0000000000	205128.0000000000	 42.0000000000	 54.0000000000	 42.0000000000	  0.0000000000	  0.0000000000	  0.0000000000	  0.0750137408	 17.4992057315	1040998.4994211089	 17.3380364655	-646.9372385133	-56357.4929169559
  0.0987943936	  1.0059764764	691.2825660820	163265.0000000000	333333.0000000000	190476.0000000000	 54.0000000000	 30.0000000000	 48.0000000000	  0.0000000000	  0.0000000000	  0.0000000000	  0.1191329760	 27.6345737863	1931698.7738551723	-39.5964623879	 53.2920551879	96752.8921945217
  0.1006049120	  0.9849551250	690.2925554736	140351.0000000000	160000.0000000000	173913.0000000000	 60.0000000000	 54.0000000000	 48.0000000000	  0.0000000000	  0.0000000000	  0.0000000000	  0.0945733566	 18.9852803719	1013623.1557955671	 60.3804543105	-562.0423431362	99111.7060191149
  0.0974156728	  1.0016951099	685.3182064862	89888.0000000000	131148.0000000000	186047.0000000000	 90.0000000000	 66.0000000000	 48.0000000000	  0.0000000000	  0.0000000000	  0.0000000000	  0.0998914284	 17.3313444840	1045638.1626899382	302.1376921462	1076.2291306192	-79293.2435140573
  0.1020765052	  0.9827048571	683.1733600125	133333.0000000000	173913.0000000000	222222.0000000000	 66.0000000000	 48.0000000000	 42.0000000000	  0.0000000000	  0.0000000000	  0.0000000000	  0.1120928910	 31.4984766785	805984.2702974709	 78.8601596595	-532.4946742073	36247.0675789943
  0.0973482725	  0.9868765905	686.6729942523	123077.0000000000	258065.0000000000	235294.0000000000	 66.0000000000	 36.0000000000	 36.0000000000	  0.0000000000	  0.0000000000	  0.0000000000	  0.0607929365	 21.8724971649	877707.4751408193	 80.5006007518	107.0180908838	-30573.0164746297
  0.1011038511	  0.9799681387	687.2559594399	222222.0000000000	296296.0000000000	186047.0000000000	 42.0000000000	 30.0000000000	 48.0000000000	  0.0000000000	  0.0000000000	  0.0000000000	  0.1051324123	 21.5106808382	974054.4874408967	-13.4842257692	-69.3420730940	-73733.1524641607
  0.1003925083	  0.9861027265	684.6322361199	119403.0000000000	275862.0000000000	228571.0000000000	 72.0000000000	 30.0000000000	 36.0000000000	  0.0000000000	  0.0000000000	  0.0000000000	  0.0729519940	 14.5062306204	1137400.6540150077	-98.1585504955	 70.6604829300	38291.3253103263
  0.0974373333	  1.0084522874	681.7601418013	125000.0000000000	140351.0000000000	275862.0000000000	 66.0000000000	 60.0000000000	 30.0000000000	  0.0000000000	  0.0000000000	  0.0000000000	  0.1006020122	 16.4141505122	727312.8420273691	-94.3484517621	-828.0279809129	-15766.6218321770
  0.0979036396	  1.0171491705	688.0936091554	108108.0000000000	148148.0000000000	205128.0000000000	 78.0000000000	 60.0000000000	 42.0000000000	  0.0000000000	  0.0000000000	  0.0000000000	  0.0768871365	 12.8301363155	1270459.7353206961	-139.3571285709	590.3502498365	-60186.1791009781
  0.1008826009	  0.9823955028	685.6211964836	111111.0000000000	156863.0000000000	186047.0000000000	 78.0000000000	 54.0000000000	 48.0000000000	  0.0000000000	  0.0000000000	  0.0000000000	  0.0874831907	  9.5676651665	983818.6546769106	134.9623370443	-420.3071043239	72754.5148812451
  0.0973635974	  1.0084189591	687.8794278653	102564.0000000000	173913.0000000000	150943.0000000000	 84.0000000000	 48.0000000000	 54.0000000000	  0.0000000000	  0.0000000000	  0.0000000000	  0.1192202731	 18.4951331268	747132.3888270671	204.3111009721	410.9012869436	-134671.5660229488
  0.0953402977	  0.9956886516	686.1401856884	117647.0000000000	173913.0000000000	173913.0000000000	 72.0000000000	 48.0000000000	 48.0000000000	  0.0000000000	  0.0000000000	  0.0000000000	  0.1434122057	 27.1491855650	1068657.3774170636	140.1897961272	-491.5409013179	101499.8798118090
  0.1014654837	  0.9912749902	686.7828656826	173913.0000000000	135593.0000000000	222222.0000000000	 48.0000000000	 60.0000000000	 42.0000000000	  0.0000000000	  0.0000000000	  0.0000000000	  0.1060025206	 18.8582866248	811858.1049646465	-29.9858690494	-964.0944724451	35887.0568996903
  0.1002950865	  0.9881778698	688.4157877707	131148.0000000000	150943.0000000000	235294.0000000000	 66.0000000000	 54.0000000000	 36.0000000000	  0.0000000000	  0.0000000000	  0.0000000000	  0.0893651293	 11.5182854124	901479.5289454688	 78.6412320249	521.2274515057	30097.2406468044
  0.1036128406	  0.9988608591	686.8617706148	94118.0000000000	160000.0000000000	400000.0000000000	 90.0000000000	 54.0000000000	 24.0000000000	  0.0000000000	  0.0000000000	  0.0000000000	  0.0941735176	 10.7046738422	1267109.3304825793	254.9047151184	-406.9563383698	-5697.4574646733
  0.0995966260	  1.0090610699	681.8334664534	114286.0000000000	216216.0000000000	307692.0000000000	 72.0000000000	 42.0000000000	 30.0000000000	  0.0000000000	  0.0000000000	  0.0000000000	  0.0971019739	 21.8433068853	731593.8996235135	127.2530716820	-210.4738795830	-11135.6370787395
  0.1024731173	  1.0056686609	688.9414855347	106667.0000000000	242424.0000000000	258065.0000000000	 78.0000000000	 36.0000000000	 36.0000000000	  0.0000000000	  0.0000000000	  0.0000000000	  0.0904634985	 24.8549940091	1570673.9389766238	-155.8087981163	150.4276514432	29993.2379706325
  0.1008130877	  0.9998547563	686.0722121710	275862.0000000000	150943.0000000000	173913.0000000000	 30.0000000000	 54.0000000000	 48.0000000000	  0.0000000000	  0.0000000000	  0.0000000000	  0.0729719083	 11.1719387338	887683.5161425751	  5.0338073527	-528.0186552775	91240.0879223943
  0.1010956011	  0.9930441574	691.6726737745	121212.0000000000	266667.0000000000	145455.0000000000	 72.0000000000	 36.0000000000	 60.0000000000	  0.0000000000	  0.0000000000	  0.0000000000	  0.0994345728	 34.0750196062	1212753.6294975714	105.1558412721	-123.2199810395	200959.6157675770
  0.1003552254	  1.0127415437	684.3876585885	205128.0000000000	400000.0000000000	177778.0000000000	 42.0000000000	 24.0000000000	 48.0000000000	  0.0000000000	  0.0000000000	  0.0000000000	  0.0872815279	 17.0425011795	1415887.2327816025	-16.4734252065	-20.8982896527	107908.6045634862
  0.1026350193	  1.0072639565	689.3494966722	108108.0000000000	216216.0000000000	235294.0000000000	 78.0000000000	 42.0000000000	 36.0000000000	  0.0000000000	  0.0000000000	  0.0000000000	  0.0979234940	 17.3484167565	1719838.0490033815	-153.9805946276	-178.3928129525	-42787.6651004128
  0.0982926848	  0.9935899627	688.0890884479	86022.0000000000	275862.0000000000	195122.0000000000	 96.0000000000	 30.0000000000	 42.0000000000	  0.0000000000	  0.0000000000	  0.0000000000	  0.0909833836	 15.9640134727	1257892.1550611185	337.4681287282	-71.9166498149	-73217.2719846983
  0.1017473101	  1.0010620265	684.1247159399	307692.0000000000	195122.0000000000	210526.0000000000	 30.0000000000	 42.0000000000	 42.0000000000	  0.0000000000	  0.0000000000	  0.0000000000	  0.1103085214	 20.6035759760	1143811.5895395959	  4.2820576596	-298.2286995618	-53161.2717851750
  0.1003042496	  0.9957858348	688.8312815164	266667.0000000000	129032.0000000000	275862.0000000000	 36.0000000000	 66.0000000000	 30.0000000000	  0.0000000000	  0.0000000000	  0.0000000000	  0.0892048662	 14.9739873223	937763.2051492939	  6.2296159197	1038.3135961990	18134.2398580178
  0.1005549942	  0.9918007459	686.5195948072	85106.0000000000	222222.0000000000	163265.0000000000	 96.0000000000	 42.0000000000	 54.0000000000	  0.0000000000	  0.0000000000	  0.0000000000	  0.0828057267	  7.5775105871	831886.4648884507	-334.4857234815	-110.2069995889	-106590.8816021340
  0.0985018371	  0.9978269074	688.7294413115	115942.0000000000	156863.0000000000	163265.0000000000	 72.0000000000	 54.0000000000	 54.0000000000	  0.0000000000	  0.0000000000	  0.0000000000	  0.1254411147	 20.8863722203	680349.5999344410	-136.1733496888	-637.1284874211	99444.1154349003
  0.1014731204	  1.0091351364	685.3049017622	106667.0000000000	242424.0000000000	216216.0000000000	 78.0000000000	 36.0000000000	 42.0000000000	  0.0000000000	  0.0000000000	  0.0000000000	  0.0819989710	 10.2257922364	1416957.9078625587	149.0189670099	-93.3209290014	53753.1343854277
  0.1004274041	  1.0087615623	686.2846251365	119403.0000000000	150943.0000000000	400000.0000000000	 72.0000000000	 54.0000000000	 24.0000000000	  0.0000000000	  0.0000000000	  0.0000000000	  0.0555865130	 11.7170409062	1843385.4861652758	 83.7152006570	-525.3322305400	-7570.0480520315
  0.0992374539	  1.0167835556	688.3807794604	109589.0000000000	421053.0000000000	285714.0000000000	 78.0000000000	 24.0000000000	 30.0000000000	  0.0000000000	  0.0000000000	  0.0000000000	  0.0818107547	 15.0766016451	1199442.3544842370	-136.5671112650	-17.3839871095	-17674.7577622893
  0.0993246959	  1.0075017243	685.4342215175	119403.0000000000	166667.0000000000	228571.0000000000	 72.0000000000	 54.0000000000	 36.0000000000	  0.0000000000	  0.0000000000	  0.0000000000	  0.1214486607	 22.2473494359	1372698.4191732521	-125.1871712971	530.8811909454	42927.1287633817
  0.1031823671	  0.9867100165	690.2102550940	93023.0000000000	133333.0000000000	242424.0000000000	 90.0000000000	 66.0000000000	 36.0000000000	  0.0000000000	  0.0000000000	  0.0000000000	  0.0820054210	 11.6201897722	1173467.0898049639	239.2428413388	-818.4304460186	31490.7760189328
  0.0959233360	  1.0134363088	683.8183447043	96386.0000000000	131148.0000000000	242424.0000000000	 84.0000000000	 66.0000000000	 36.0000000000	  0.0000000000	  0.0000000000	  0.0000000000	  0.0647427390	  8.1487425822	852046.1800173074	-193.5925004484	-742.1135663864	27271.6228668490
  0.1023079971	  1.0207233449	692.6487088668	266667.0000000000	166667.0000000000	140351.0000000000	 36.0000000000	 54.0000000000	 60.0000000000	  0.0000000000	  0.0000000000	  0.0000000000	  0.1037056336	 22.6168084080	1115184.1353964270	  7.2495779205	-528.6620144296	212028.4584385805
  0.0968849676	  0.9891116751	687.9080775983	156863.0000000000	140351.0000000000	195122.0000000000	 54.0000000000	 60.0000000000	 42.0000000000	  0.0000000000	  0.0000000000	  0.0000000000	  0.1165380821	 16.8223152087	1116503.9713594168	-46.3068118743	-814.3339586307	-65762.0107850789
  0.0988091667	  0.9843977441	687.3010780419	200000.0000000000	216216.0000000000	150943.0000000000	 42.0000000000	 42.0000000000	 54.0000000000	  0.0000000000	  0.0000000000	  0.0000000000	  0.1115124354	 25.3140678986	950230.0064285427	-20.0316925321	-232.0475691269	150876.7557654626
  0.0980787157	  1.0099829861	683.4143546192	235294.0000000000	190476.0000000000	190476.0000000000	 36.0000000000	 48.0000000000	 48.0000000000	  0.0000000000	  0.0000000000	  0.0000000000	  0.0719239128	 13.8528384190	997834.4824444953	 -8.6882596657	-257.8874270458	68886.7872400115
  0.0967189758	  1.0151687279	687.0933754459	195122.0000000000	190476.0000000000	333333.0000000000	 42.0000000000	 48.0000000000	 30.0000000000	  0.0000000000	  0.0000000000	  0.0000000000	  0.0567688875	 12.7229270844	1066917.8047412348	-15.5147496262	-254.2393806334	10636.7867249616
  0.0969971434	  1.0047273485	686.5185307940	96386.0000000000	186047.0000000000	250000.0000000000	 84.0000000000	 48.0000000000	 36.0000000000	  0.0000000000	  0.0000000000	  0.0000000000	  0.0864635459	 17.1621965980	805221.3337473496	223.2255232773	306.6938026727	23935.1463393375
  0.0985670352	  0.9896428195	685.9734288098	135593.0000000000	500000.0000000000	320000.0000000000	 60.0000000000	 18.0000000000	 30.0000000000	  0.0000000000	  0.0000000000	  0.0000000000	  0.0988714261	 13.2088075313	1453984.6116299005	-69.8446650096	 -8.2190069448	-13574.3357138369
  0.0979828995	  0.9929321144	688.5741807369	115942.0000000000	140351.0000000000	177778.0000000000	 72.0000000000	 60.0000000000	 48.0000000000	  0.0000000000	  0.0000000000	  0.0000000000	  0.0903286248	 13.5133474042	1130393.6445975269	-117.0893625828	-738.7115673865	92862.0296830766
  0.1009768194	  1.0127151947	683.6594969821	93023.0000000000	266667.0000000000	163265.0000000000	 90.0000000000	 36.0000000000	 54.0000000000	  0.0000000000	  0.0000000000	  0.0000000000	  0.0985836327	 21.0117114849	920715.7987255104	-265.0838636013	-97.8486441946	118150.6794218777
  0.1011729985	  0.9935277837	692.3703115254	88889.0000000000	166667.0000000000	170213.0000000000	 96.0000000000	 54.0000000000	 48.0000000000	  0.0000000000	  0.0000000000	  0.0000000000	  0.0730574590	 20.2625001684	1483483.1177401608	272.2797906922	492.7343779785	-122700.5663100306
  0.0994285369	  0.9986413062	690.8846530476	126984.0000000000	222222.0000000000	173913.0000000000	 66.0000000000	 42.0000000000	 48.0000000000	  0.0000000000	  0.0000000000	  0.0000000000	  0.0942576160	 19.7947692025	1346939.1294491708	 90.2984785068	-172.8250320668	-111141.2406531529
  0.1000151876	  0.9961768210	686.5033484234	98765.0000000000	160000.0000000000	380952.0000000000	 84.0000000000	 54.0000000000	 24.0000000000	  0.0000000000	  0.0000000000	  0.0000000000	  0.0940170599	 17.2496076812	1060156.8994168001	211.4170994390	515.4910539280	-6073.0921681622
  0.0974639937	  0.9889732727	684.8632312781	133333.0000000000	121212.0000000000	200000.0000000000	 66.0000000000	 72.0000000000	 42.0000000000	  0.0000000000	  0.0000000000	  0.0000000000	  0.0829874781	 19.5155263618	1670258.0414634054	 68.3898512063	1468.4814206989	72732.6736992040
  0.0998305998	  0.9962611889	687.3969525513	121212.0000000000	150943.0000000000	320000.0000000000	 72.0000000000	 54.0000000000	 30.0000000000	  0.0000000000	  0.0000000000	  0.0000000000	  0.0847623859	 16.7908387802	963151.0901956904	100.2842879374	-658.8560654491	-11189.8872983450
  0.1007263503	  0.9896195917	690.4808871360	109589.0000000000	126984.0000000000	216216.0000000000	 78.0000000000	 66.0000000000	 42.0000000000	  0.0000000000	  0.0000000000	  0.0000000000	  0.0550568679	 10.1985004354	1480641.7458565012	-112.1457224359	928.6549794315	55900.1379574381
  0.0999611958	  0.9996979753	687.9497486250	119403.0000000000	135593.0000000000	275862.0000000000	 72.0000000000	 60.0000000000	 30.0000000000	  0.0000000000	  0.0000000000	  0.0000000000	  0.0782976557	 21.4957875662	1520948.5789677789	-101.5154368704	1071.8955100538	23335.1910143059
  0.0997587118	  1.0051485709	683.1882413981	82474.0000000000	135593.0000000000	275862.0000000000	102.0000000000	 60.0000000000	 30.0000000000	  0.0000000000	  0.0000000000	  0.0000000000	  0.1150576032	 10.6842578612	1001513.3739321044	-447.9735003103	759.5909274657	-19154.8066146291
  0.1030223257	  0.9818775951	688.4618826540	98765.0000000000	173913.0000000000	228571.0000000000	 84.0000000000	 48.0000000000	 36.0000000000	  0.0000000000	  0.0000000000	  0.0000000000	  0.0946046658	 11.6046025973	1391921.3081730062	212.8545800510	313.1621259414	43318.9776602975
  0.1007773333	  0.9855762198	681.4496154204	125000.0000000000	117647.0000000000	163265.0000000000	 66.0000000000	 72.0000000000	 54.0000000000	  0.0000000000	  0.0000000000	  0.0000000000	  0.1203068605	 17.8318141793	525664.4812491592	104.0410487154	1574.3712904408	84185.1073696745
  0.0955500430	  1.0045118683	688.4787101833	98765.0000000000	135593.0000000000	186047.0000000000	 84.0000000000	 60.0000000000	 48.0000000000	  0.0000000000	  0.0000000000	  0.0000000000	  0.1006475058	 25.7787630646	799378.6485032981	219.1258030118	-1166.2991407190	-65594.0543628962
  0.1024234111	  1.0159645654	684.0856566851	86022.0000000000	200000.0000000000	160000.0000000000	 96.0000000000	 42.0000000000	 54.0000000000	  0.0000000000	  0.0000000000	  0.0000000000	  0.0968476208	 13.9555434853	848304.4760372441	-342.8910557084	222.8510954260	121100.0728344505
  0.0954674292	  1.0013903955	681.7650877297	93023.0000000000	228571.0000000000	242424.0000000000	 90.0000000000	 36.0000000000	 36.0000000000	  0.0000000000	  0.0000000000	  0.0000000000	  0.1019610867	 21.9826124094	847072.9994150839	-271.8442540974	-176.3768837023	26752.5084454063
  0.0997047582	  1.0017602953	685.8452802105	112676.0000000000	186047.0000000000	333333.0000000000	 72.0000000000	 48.0000000000	 30.0000000000	  0.0000000000	  0.0000000000	  0.0000000000	  0.0706630482	 17.4317059978	1473204.4201807722	114.2711000173	-306.5575697952	11678.7645071133
  0.1024463624	  0.9963322215	686.8241884341	101266.0000000000	307692.0000000000	222222.0000000000	 84.0000000000	 30.0000000000	 42.0000000000	  0.0000000000	  0.0000000000	  0.0000000000	  0.0889844752	 28.8658863969	1064756.9142073395	191.9075493155	 65.0081778425	42697.0496790205
  0.1013327888	  1.0068105904	688.5009531881	80808.0000000000	166667.0000000000	400000.0000000000	102.0000000000	 54.0000000000	 24.0000000000	  0.0000000000	  0.0000000000	  0.0000000000	  0.1092296335	 39.5696786803	1103160.0153222564	453.9996478488	-710.5630350805	5388.4459150892
  0.1016971967	  1.0007747260	685.7338991798	112676.0000000000	296296.0000000000	163265.0000000000	 72.0000000000	 30.0000000000	 54.0000000000	  0.0000000000	  0.0000000000	  0.0000000000	  0.0843045225	 17.1408641113	1188318.3490211545	-125.7857618146	 58.1775241995	128209.2210072759
  0.0979170370	  1.0352414040	683.3413223262	101266.0000000000	142857.0000000000	170213.0000000000	 84.0000000000	 60.0000000000	 48.0000000000	  0.0000000000	  0.0000000000	  0.0000000000	  0.0774936165	 17.8722277175	1073567.3654120637	179.9556611083	-796.8134492867	-110212.2243935530
  0.0986069401	  0.9822499668	688.1869491948	258065.0000000000	135593.0000000000	181818.0000000000	 36.0000000000	 60.0000000000	 48.0000000000	  0.0000000000	  0.0000000000	  0.0000000000	  0.0701075614	  6.8644857863	1159882.9514560162	  6.5123554635	602.1349485776	86666.1468085032
  0.1017858739	  1.0043819390	682.4052370434	123077.0000000000	142857.0000000000	242424.0000000000	 66.0000000000	 60.0000000000	 36.0000000000	  0.0000000000	  0.0000000000	  0.0000000000	  0.0852769734	 15.5216331865	1398456.4994501213	 91.2364126182	758.4944953013	36254.4134845473
  0.1005344537	  0.9979049278	689.1048251980	421053.0000000000	156863.0000000000	205128.0000000000	 24.0000000000	 54.0000000000	 42.0000000000	  0.0000000000	  0.0000000000	  0.0000000000	  0.0871378464	 12.9876506076	1614859.8311386018	 -1.2799489829	485.1230036124	-66269.6377152860
  0.0984597310	  0.9976413634	687.5395257550	105263.0000000000	258065.0000000000	166667.0000000000	 78.0000000000	 36.0000000000	 54.0000000000	  0.0000000000	  0.0000000000	  0.0000000000	  0.0814613776	 17.7624724971	924356.8544393122	158.9287582962	 99.2339979255	-107239.2261513265
  0.1014483288	  1.0173532016	683.2403180015	145455.0000000000	135593.0000000000	333333.0000000000	 60.0000000000	 60.0000000000	 30.0000000000	  0.0000000000	  0.0000000000	  0.0000000000	  0.0855681448	 11.1616657242	932671.2898124659	-53.5814170290	-752.1986624068	10116.8981841099
  0.1012433333	  1.0027767151	690.6846715676	100000.0000000000	210526.0000000000	250000.0000000000	 84.0000000000	 42.0000000000	 36.0000000000	  0.0000000000	  0.0000000000	  0.0000000000	  0.1029527866	 12.8542020657	644896.8468628002	-209.8067218670	171.8361101354	-21031.0904905988
  0.1022544479	  1.0115929841	685.9500673667	82474.0000000000	190476.0000000000	222222.0000000000	102.0000000000	 48.0000000000	 42.0000000000	  0.0000000000	  0.0000000000	  0.0000000000	  0.0969561714	 21.3466136187	916591.1618202890	407.6290454383	327.1577444405	39451.8285654701
  0.1016969961	  0.9962404675	686.6521036504	96386.0000000000	177778.0000000000	153846.0000000000	 84.0000000000	 48.0000000000	 54.0000000000	  0.0000000000	  0.0000000000	  0.0000000000	  0.1050645247	 27.9499736915	1145849.3376201612	-243.5173068848	-467.7109610483	-160020.0769772583
  0.1008388493	  1.0146428947	682.5151651722	140351.0000000000	205128.0000000000	181818.0000000000	 60.0000000000	 42.0000000000	 48.0000000000	  0.0000000000	  0.0000000000	  0.0000000000	  0.0906727424	 10.1628039751	893525.7760455691	-60.5287715339	-171.4617794517	-75228.5527974850
  0.1007318299	  1.0024242264	686.3115042449	216216.0000000000	148148.0000000000	150943.0000000000	 42.0000000000	 60.0000000000	 54.0000000000	  0.0000000000	  0.0000000000	  0.0000000000	  0.0786683447	 11.2176363837	816634.9692959969	-12.7401329860	-553.2267213959	-142427.3633776661
  0.0998931624	  1.0038117886	689.6373725979	103896.0000000000	163265.0000000000	195122.0000000000	 78.0000000000	 54.0000000000	 42.0000000000	  0.0000000000	  0.0000000000	  0.0000000000	  0.1154623115	 13.5372006192	1231489.1701816141	-193.5482943891	444.4053572365	67877.9997291565
  0.0999571000	  0.9902354154	684.1090624805	90909.0000000000	173913.0000000000	142857.0000000000	 90.0000000000	 48.0000000000	 60.0000000000	  0.0000000000	  0.0000000000	  0.0000000000	  0.0783707620	 15.8197346785	896622.6161817971	-255.2355049995	-371.4464921172	-181528.4607759185
  0.1003941667	  1.0108278356	688.0290942943	200000.0000000000	121212.0000000000	228571.0000000000	 42.0000000000	 72.0000000000	 36.0000000000	  0.0000000000	  0.0000000000	  0.0000000000	  0.0781793562	  9.5324454794	1015252.3362206683	 16.6847848824	1027.6545172961	37858.2907450514
  0.0993038493	  0.9835855213	685.8066616749	153846.0000000000	173913.0000000000	296296.0000000000	 54.0000000000	 48.0000000000	 30.0000000000	  0.0000000000	  0.0000000000	  0.0000000000	  0.1160974770	 16.6220759486	1473341.2116356750	-50.6028501681	387.5967115905	-16939.7768600370
  0.1005236091	  0.9848472088	688.1391202460	210526.0000000000	142857.0000000000	153846.0000000000	 42.0000000000	 60.0000000000	 54.0000000000	  0.0000000000	  0.0000000000	  0.0000000000	  0.1152756837	 21.8960559243	994309.5591767991	 17.0539757876	865.6446081799	147979.7897537998
  0.0973006821	  1.0039649254	685.3103509753	186047.0000000000	320000.0000000000	177778.0000000000	 48.0000000000	 30.0000000000	 48.0000000000	  0.0000000000	  0.0000000000	  0.0000000000	  0.1024082499	 20.2143383990	1621869.1467587235	-24.8930696939	 52.5614554209	-116086.7647212346
  0.0973263893	  0.9840576306	690.6330187731	83333.0000000000	160000.0000000000	150943.0000000000	102.0000000000	 54.0000000000	 54.0000000000	  0.0000000000	  0.0000000000	  0.0000000000	  0.1011016129	 19.8026591655	881413.3174551787	403.3786956135	555.1483138829	150308.0146823810
  0.0985141809	  0.9879550962	691.7363246909	135593.0000000000	258065.0000000000	150943.0000000000	 60.0000000000	 36.0000000000	 54.0000000000	  0.0000000000	  0.0000000000	  0.0000000000	  0.1038312902	 18.1623264976	578326.2490647979	 75.2998876463	-101.9931781357	115684.2938388962
  0.0991171329	  1.0008176250	687.5970417854	117647.0000000000	190476.0000000000	400000.0000000000	 72.0000000000	 48.0000000000	 24.0000000000	  0.0000000000	  0.0000000000	  0.0000000000	  0.0793357370	 17.4139512650	1607638.1980935093	106.5745125149	296.3011713646	-6445.5959440179
  0.1041186199	  0.9964168309	688.9650471501	177778.0000000000	145455.0000000000	320000.0000000000	 48.0000000000	 60.0000000000	 30.0000000000	  0.0000000000	  0.0000000000	  0.0000000000	  0.0905911904	 21.5773274403	1047370.2798467098	-26.4102919523	816.4316854603	11408.0439203633
  0.0964291799	  1.0038468458	686.2445999165	170213.0000000000	160000.0000000000	195122.0000000000	 48.0000000000	 54.0000000000	 42.0000000000	  0.0000000000	  0.0000000000	  0.0000000000	  0.1086048249	 18.5516068012	974867.7347360840	-33.6410263578	551.5578600225	64835.9728868295
  0.0991743650	  0.9843751008	686.0721505134	129032.0000000000	242424.0000000000	150943.0000000000	 66.0000000000	 36.0000000000	 54.0000000000	  0.0000000000	  0.0000000000	  0.0000000000	  0.0757650347	 14.1715179267	800292.2793378225	 73.2467508882	-106.4338629321	-144135.1494654296
  0.1014528080	  0.9882152011	683.4577946230	106667.0000000000	137931.0000000000	320000.0000000000	 78.0000000000	 60.0000000000	 30.0000000000	  0.0000000000	  0.0000000000	  0.0000000000	  0.0910514722	  8.5689281477	1222883.6147321421	-156.4382250932	-609.3714658004	-12486.4777703075
  0.1019590176	  0.9754608300	689.4179575723	150943.0000000000	129032.0000000000	163265.0000000000	 54.0000000000	 66.0000000000	 54.0000000000	  0.0000000000	  0.0000000000	  0.0000000000	  0.1190486222	 21.4492163983	1064411.4532919219	 52.5250584796	-1241.5921948271	125216.5890513431
  0.1014659629	  0.9891595565	688.6803978321	115942.0000000000	173913.0000000000	156863.0000000000	 72.0000000000	 48.0000000000	 54.0000000000	  0.0000000000	  0.0000000000	  0.0000000000	  0.0876517531	 13.0855367460	933416.2222106042	119.0513429530	-353.9617295056	130327.3640652740
  0.0993895373	  0.9889933922	686.8926196231	109589.0000000000	228571.0000000000	275862.0000000000	 78.0000000000	 36.0000000000	 30.0000000000	  0.0000000000	  0.0000000000	  0.0000000000	  0.0815355026	  8.1778934686	823820.1616154262	-135.6864084253	-102.7262661929	-18041.6997887082
  0.1009088503	  0.9813127201	691.5023038090	109589.0000000000	156863.0000000000	177778.0000000000	 78.0000000000	 54.0000000000	 48.0000000000	  0.0000000000	  0.0000000000	  0.0000000000	  0.1096200777	 15.1906056532	789143.4830510633	-160.7321997202	-522.0690233928	77174.6241231860
  0.1006015865	  1.0128951606	689.7595333976	156863.0000000000	160000.0000000000	200000.0000000000	 54.0000000000	 54.0000000000	 42.0000000000	  0.0000000000	  0.0000000000	  0.0000000000	  0.0958410101	 14.0799312229	899455.2585496419	-41.5425574446	485.4014447133	56759.9532259351
  0.0994428494	  0.9922645892	682.4448328490	181818.0000000000	228571.0000000000	210526.0000000000	 48.0000000000	 36.0000000000	 42.0000000000	  0.0000000000	  0.0000000000	  0.0000000000	  0.0981809165	 25.2266472351	894018.3878511620	 24.5789674919	-189.9207235135	-44391.9335543717
  0.0973216317	  0.9854395608	687.2532995990	114286.0000000000	135593.0000000000	363636.0000000000	 72.0000000000	 60.0000000000	 24.0000000000	  0.0000000000	  0.0000000000	  0.0000000000	  0.0737285503	 16.1970076797	1207216.4018790387	114.6770336761	933.5586307207	8525.8418138089
  0.0976556681	  0.9934899412	688.6269392199	123077.0000000000	163265.0000000000	190476.0000000000	 66.0000000000	 54.0000000000	 48.0000000000	  0.0000000000	  0.0000000000	  0.0000000000	  0.0873662645	 14.4380468410	1020857.5683075080	-96.2557956467	451.4354606463	72248.8497248363
  0.0984387122	  0.9941439379	688.7664358368	114286.0000000000	228571.0000000000	400000.0000000000	 72.0000000000	 36.0000000000	 24.0000000000	  0.0000000000	  0.0000000000	  0.0000000000	  0.0835825388	 24.6514740058	1468809.2375167420	-120.2134531594	-190.9629278727	-6658.4515012463
  0.1003057168	  0.9953571147	690.2328578673	117647.0000000000	173913.0000000000	142857.0000000000	 72.0000000000	 48.0000000000	 60.0000000000	  0.0000000000	  0.0000000000	  0.0000000000	  0.1143464540	 22.3648552578	770103.8359663398	-126.9458355840	-457.8496742246	-168355.2874650625
  0.0970247674	  1.0273423339	689.9587705579	97561.0000000000	137931.0000000000	177778.0000000000	 84.0000000000	 60.0000000000	 48.0000000000	  0.0000000000	  0.0000000000	  0.0000000000	  0.0813115178	 24.1199483533	969325.7094807697	205.1887768301	1037.3834231255	84835.8349248520
  0.1006746419	  1.0152760318	684.7910606657	109589.0000000000	200000.0000000000	153846.0000000000	 78.0000000000	 42.0000000000	 54.0000000000	  0.0000000000	  0.0000000000	  0.0000000000	  0.0737332042	  9.1245345182	567247.5573548954	-130.1444271443	-173.5051479999	107000.6702660070
  0.1010955089	  1.0167852471	687.6798966182	235294.0000000000	133333.0000000000	150943.0000000000	 36.0000000000	 66.0000000000	 54.0000000000	  0.0000000000	  0.0000000000	  0.0000000000	  0.1289783050	 25.6258950507	1006473.9739000663	-12.1013111031	1257.3084839742	157931.8235143658
  0.1019321617	  1.0018299853	683.6348595793	96386.0000000000	145455.0000000000	142857.0000000000	 84.0000000000	 60.0000000000	 60.0000000000	  0.0000000000	  0.0000000000	  0.0000000000	  0.1074701679	 19.5950211781	1310035.1456953485	243.7399964836	-803.3470672549	-211430.2069322174
  0.1019284952	  1.0050008797	689.0343825161	114286.0000000000	140351.0000000000	173913.0000000000	 72.0000000000	 60.0000000000	 48.0000000000	  0.0000000000	  0.0000000000	  0.0000000000	  0.1002030553	 18.8425247264	1252405.5206814662	-133.1432292126	-893.3038055044	110309.9590471496
  0.1002357877	  0.9924677409	684.7943216902	205128.0000000000	142857.0000000000	250000.0000000000	 42.0000000000	 60.0000000000	 36.0000000000	  0.0000000000	  0.0000000000	  0.0000000000	  0.0923687711	 11.9108221535	726619.3740701558	 16.9655489506	-663.1534189153	-23661.2287806592
  0.0989983333	  0.9909085632	685.5422261940	100000.0000000000	347826.0000000000	166667.0000000000	 84.0000000000	 24.0000000000	 54.0000000000	  0.0000000000	  0.0000000000	  0.0000000000	  0.1205379085	 21.1321885117	1178709.8720584130	-230.4214991810	 39.4997462875	-123938.1170977417
  0.0988706554	  1.0135871894	689.9610506285	150943.0000000000	177778.0000000000	195122.0000000000	 54.0000000000	 48.0000000000	 42.0000000000	  0.0000000000	  0.0000000000	  0.0000000000	  0.0975444764	 21.7598405376	934245.2930045861	 48.4771090060	422.6981423146	63725.5689820506
  0.0993502244	  1.0072559983	681.2700298590	190476.0000000000	150943.0000000000	307692.0000000000	 48.0000000000	 54.0000000000	 30.0000000000	  0.0000000000	  0.0000000000	  0.0000000000	  0.1058952395	 19.8548892051	983014.9350136033	-23.0362700590	-707.4456446699	-12464.4648902209
  0.0986726980	  1.0124909819	689.0461565298	96386.0000000000	307692.0000000000	160000.0000000000	 84.0000000000	 30.0000000000	 54.0000000000	  0.0000000000	  0.0000000000	  0.0000000000	  0.0905324513	 19.5069885640	719611.0231937323	223.1990132465	 54.4677132329	-110262.8582778105
  0.1006694340	  0.9928237522	687.3212979788	142857.0000000000	166667.0000000000	210526.0000000000	 60.0000000000	 54.0000000000	 42.0000000000	  0.0000000000	  0.0000000000	  0.0000000000	  0.0842897278	 17.7695681870	1390491.4800221890	-56.0669489817	-472.3588158340	-59707.3842105252
  0.1024127274	  0.9931382463	687.1378081316	190476.0000000000	170213.0000000000	166667.0000000000	 48.0000000000	 48.0000000000	 54.0000000000	  0.0000000000	  0.0000000000	  0.0000000000	  0.0841078315	 17.7137131795	1235133.9631050727	-19.4254397805	-418.8260810436	-122592.2416263821
  0.1008543925	  1.0180064046	687.5318178682	108108.0000000000	347826.0000000000	266667.0000000000	 78.0000000000	 24.0000000000	 36.0000000000	  0.0000000000	  0.0000000000	  0.0000000000	  0.0814600091	  9.2504110488	1150586.7465448519	-144.3617298172	 26.5478863023	-23189.7318286963
  0.0988975989	  1.0073249832	684.1848568436	102564.0000000000	186047.0000000000	190476.0000000000	 84.0000000000	 48.0000000000	 48.0000000000	  0.0000000000	  0.0000000000	  0.0000000000	  0.1482419578	 25.0461901813	758559.1215702589	-230.7425488338	366.5114097067	-58690.4546795856
  0.1025807692	  1.0025648215	690.0414892417	123077.0000000000	166667.0000000000	140351.0000000000	 66.0000000000	 54.0000000000	 60.0000000000	  0.0000000000	  0.0000000000	  0.0000000000	  0.0895968633	 15.7173206152	843686.0697732046	 97.7951617625	425.4294448365	185549.2299232495
  0.1005831006	  1.0201590529	686.3956709689	95238.0000000000	135593.0000000000	228571.0000000000	 90.0000000000	 60.0000000000	 36.0000000000	  0.0000000000	  0.0000000000	  0.0000000000	  0.0731529577	 13.4537853770	857314.5163362221	-211.3061533878	-817.8493605190	33767.2869773566
  0.1039700885	  1.0010593364	686.6332903130	115942.0000000000	135593.0000000000	156863.0000000000	 72.0000000000	 60.0000000000	 54.0000000000	  0.0000000000	  0.0000000000	  0.0000000000	  0.0808501248	  8.2764568712	985692.6436758976	113.8197412517	-640.2997641166	-139806.0413360563
  0.1040616927	  1.0010065480	686.9242429397	137931.0000000000	109589.0000000000	275862.0000000000	 60.0000000000	 78.0000000000	 30.0000000000	  0.0000000000	  0.0000000000	  0.0000000000	  0.1119806743	 17.5814205652	1071016.8218379684	-69.9799013360	-1968.3912810997	-19276.8948816810
  0.1016064940	  0.9824567258	685.8150213338	94118.0000000000	200000.0000000000	235294.0000000000	 90.0000000000	 42.0000000000	 36.0000000000	  0.0000000000	  0.0000000000	  0.0000000000	  0.1302664721	 26.9950486647	1273873.5258868989	-293.2128392317	-306.8240407018	-35712.1023374416
  0.1010535986	  0.9994692210	683.3839037677	150943.0000000000	131148.0000000000	166667.0000000000	 54.0000000000	 66.0000000000	 54.0000000000	  0.0000000000	  0.0000000000	  0.0000000000	  0.0841705441	 10.3598656314	1516018.8437984055	-45.5425207341	-845.2405467780	-135420.2283904873
  0.1004722671	  1.0067571695	688.0142163965	103896.0000000000	166667.0000000000	186047.0000000000	 78.0000000000	 54.0000000000	 48.0000000000	  0.0000000000	  0.0000000000	  0.0000000000	  0.1073562467	 12.0134193874	611425.2322461543	189.2180162319	385.2982321730	59961.6356688171
  0.0982883333	  0.9871454945	686.6347310689	100000.0000000000	228571.0000000000	166667.0000000000	 84.0000000000	 36.0000000000	 54.0000000000	  0.0000000000	  0.0000000000	  0.0000000000	  0.1252231833	 26.1445329785	1140530.9260858635	-237.3159604066	-186.3019581001	-116480.2853696941
  0.0986278704	  1.0077927960	683.8992703296	86022.0000000000	190476.0000000000	181818.0000000000	 96.0000000000	 48.0000000000	 48.0000000000	  0.0000000000	  0.0000000000	  0.0000000000	  0.0861713592	 21.6990807454	972638.9868898112	327.7832654247	328.0654505833	81089.4307237617
  0.1034251330	  0.9895129076	684.8404347899	94118.0000000000	170213.0000000000	173913.0000000000	 90.0000000000	 48.0000000000	 48.0000000000	  0.0000000000	  0.0000000000	  0.0000000000	  0.0945495191	 21.6881397270	1234659.1933614709	-249.4960957215	-465.7441800756	-102048.3026758905
  0.0983107650	  1.0205191468	683.5675931262	90909.0000000000	140351.0000000000	275862.0000000000	 90.0000000000	 60.0000000000	 30.0000000000	  0.0000000000	  0.0000000000	  0.0000000000	  0.0863622968	 24.4308588634	1434962.0395692184	-268.3119822353	-993.3345921393	-23984.3937682201
  0.0999151086	  0.9865300808	684.1361119488	131148.0000000000	250000.0000000000	228571.0000000000	 66.0000000000	 36.0000000000	 36.0000000000	  0.0000000000	  0.0000000000	  0.0000000000	  0.0852431541	 14.2204274350	1355752.4433219316	-73.5238252249	-103.5285969266	42390.3686888460
  0.1018009768	  1.0125975017	692.1472523014	80808.0000000000	195122.0000000000	163265.0000000000	102.0000000000	 42.0000000000	 54.0000000000	  0.0000000000	  0.0000000000	  0.0000000000	  0.1148396671	 22.2540364318	763886.3938558612	-479.6110835336	307.7399688937	-107349.6190398953
  0.1007756008	  0.9767851813	690.0568289999	142857.0000000000	170213.0000000000	190476.0000000000	 60.0000000000	 48.0000000000	 48.0000000000	  0.0000000000	  0.0000000000	  0.0000000000	  0.1101173005	 18.8895816518	1459807.6774868092	 63.7330405220	-438.0953755029	-85695.1407093250
  0.1054400812	  1.0042592204	679.9897708438	86022.0000000000	125000.0000000000	173913.0000000000	 96.0000000000	 66.0000000000	 48.0000000000	  0.0000000000	  0.0000000000	  0.0000000000	  0.1044396280	 13.3837182825	1170881.6815992980	-359.7647941166	-1134.0935724947	100582.4304240465
  0.0996652492	  1.0031520484	682.7130302408	133333.0000000000	121212.0000000000	145455.0000000000	 66.0000000000	 72.0000000000	 60.0000000000	  0.0000000000	  0.0000000000	  0.0000000000	  0.0733178281	 13.6245585277	888474.1286737481	 66.4346128421	1234.6403024436	165848.1995619647
  0.0976968369	  0.9981234510	686.5787678345	115942.0000000000	153846.0000000000	242424.0000000000	 72.0000000000	 54.0000000000	 36.0000000000	  0.0000000000	  0.0000000000	  0.0000000000	  0.1057972715	 19.6230155072	957502.4841809584	-126.6096285223	-638.5657872018	29027.2187215807
  0.0989442656	  1.0210546228	684.6562095202	108108.0000000000	156863.0000000000	228571.0000000000	 78.0000000000	 54.0000000000	 36.0000000000	  0.0000000000	  0.0000000000	  0.0000000000	  0.1138479095	 21.8468612568	1087728.9444906148	-171.8921838752	-650.1434550563	-38886.1962771019
  0.0969250000	  0.9827276678	686.1455199144	100000.0000000000	266667.0000000000	307692.0000000000	 84.0000000000	 36.0000000000	 30.0000000000	  0.0000000000	  0.0000000000	  0.0000000000	  0.1133043559	 21.5345011483	1729637.0110762697	-220.7641410152	-101.2187822241	16177.9070418626
  0.0997471831	  1.0042689331	683.6753901331	103896.0000000000	170213.0000000000	200000.0000000000	 78.0000000000	 48.0000000000	 42.0000000000	  0.0000000000	  0.0000000000	  0.0000000000	  0.1023223637	 26.8268352852	920184.4348069332	-186.3628515487	535.9914417300	58471.3810019425
  0.0999067249	  0.9983485510	691.4258295030	190476.0000000000	186047.0000000000	181818.0000000000	 48.0000000000	 48.0000000000	 48.0000000000	  0.0000000000	  0.0000000000	  0.0000000000	  0.1009347665	 16.8645335377	812435.6311689902	 21.8897727924	317.0368024846	74053.1450631090
  0.0979052034	  1.0027175813	685.3730372007	109589.0000000000	210526.0000000000	160000.0000000000	 78.0000000000	 42.0000000000	 54.0000000000	  0.0000000000	  0.0000000000	  0.0000000000	  0.0944283040	 19.9449277950	1016997.7432887764	-150.9358765945	-221.7684750652	128978.6585009214
  0.1013979212	  0.9786564856	685.5168141917	347826.0000000000	307692.0000000000	200000.0000000000	 24.0000000000	 30.0000000000	 42.0000000000	  0.0000000000	  0.0000000000	  0.0000000000	  0.1068838379	 22.4816346286	1178749.3783435104	  2.7493906328	-63.4287477718	-63438.6828270581
  0.1003198835	  0.9821536687	685.5972611361	117647.0000000000	216216.0000000000	250000.0000000000	 72.0000000000	 42.0000000000	 36.0000000000	  0.0000000000	  0.0000000000	  0.0000000000	  0.1002105114	 24.1461317846	2074096.2974521734	118.4095671674	-215.3937109832	-39892.7123504625
  0.0976414331	  0.9928103914	688.8583231772	228571.0000000000	228571.0000000000	242424.0000000000	 36.0000000000	 36.0000000000	 36.0000000000	  0.0000000000	  0.0000000000	  0.0000000000	  0.0783728769	 23.4114612284	1240669.7382986152	 10.7691731803	-177.4419015301	-32438.4611298494
  0.0999664750	  1.0112648618	689.0107821670	148148.0000000000	121212.0000000000	275862.0000000000	 60.0000000000	 72.0000000000	 30.0000000000	  0.0000000000	  0.0000000000	  0.0000000000	  0.0821345222	  8.2543762534	1091004.0437420278	-49.2411600720	987.3604958740	-20682.3707915604
  0.1009904520	  0.9945653163	679.0421511910	129032.0000000000	195122.0000000000	181818.0000000000	 66.0000000000	 42.0000000000	 48.0000000000	  0.0000000000	  0.0000000000	  0.0000000000	  0.0933266593	 16.2198818062	1375339.8973716281	 82.5852700276	262.4167151510	-94894.0001493608
  0.1002858835	  1.0165624419	685.0110555721	117647.0000000000	140351.0000000000	275862.0000000000	 72.0000000000	 60.0000000000	 30.0000000000	  0.0000000000	  0.0000000000	  0.0000000000	  0.1052139213	 15.3121127144	1149213.8137966539	-120.4960956923	-789.5398755375	-21081.0397410111
  0.0966030894	  1.0071578383	687.7490439789	81633.0000000000	363636.0000000000	190476.0000000000	102.0000000000	 24.0000000000	 48.0000000000	  0.0000000000	  0.0000000000	  0.0000000000	  0.0900957843	 27.5842934889	1535544.8082718807	-406.9178959675	 37.5657343448	83568.0331682401
  0.1006209843	  0.9991329535	688.6224457669	105263.0000000000	148148.0000000000	258065.0000000000	 78.0000000000	 60.0000000000	 36.0000000000	  0.0000000000	  0.0000000000	  0.0000000000	  0.1202771693	 30.2728026665	858083.5113950522	-187.6884998314	-916.2195540486	21792.0814603775
  0.1030066573	  0.9958879206	691.7703594838	145455.0000000000	148148.0000000000	177778.0000000000	 60.0000000000	 60.0000000000	 48.0000000000	  0.0000000000	  0.0000000000	  0.0000000000	  0.0996041306	 14.4033217279	955205.4461953380	-57.6555490789	632.5059538484	-87564.4324841114
  0.0989310710	  0.9975345749	691.0319696966	119403.0000000000	195122.0000000000	258065.0000000000	 72.0000000000	 42.0000000000	 36.0000000000	  0.0000000000	  0.0000000000	  0.0000000000	  0.0955540765	 23.1798336884	1990816.6487390033	107.7462865646	-315.2602343450	-33400.0110751650
  0.0979983614	  1.0060779758	685.6237668600	150943.0000000000	400000.0000000000	228571.0000000000	 54.0000000000	 24.0000000000	 36.0000000000	  0.0000000000	  0.0000000000	  0.0000000000	  0.1050188866	 37.9918758120	1219818.2941160521	-51.4333172150	-33.1331581398	41168.4603770029
  0.1016224558	  1.0262612579	692.1314710162	87912.0000000000	190476.0000000000	153846.0000000000	 96.0000000000	 48.0000000000	 54.0000000000	  0.0000000000	  0.0000000000	  0.0000000000	  0.1103987864	 15.6784999039	1226234.4590605132	341.4780392560	284.2136804864	164929.1303135552
  0.1003527126	  0.9885732883	684.0854420123	91954.0000000000	153846.0000000000	222222.0000000000	 90.0000000000	 54.0000000000	 42.0000000000	  0.0000000000	  0.0000000000	  0.0000000000	  0.1055598986	 15.4841969859	961839.2478904563	-288.6515974392	-587.0638679744	-41566.2255126161
  0.1006537892	  0.9884722679	686.2474004412	94118.0000000000	258065.0000000000	216216.0000000000	 90.0000000000	 36.0000000000	 42.0000000000	  0.0000000000	  0.0000000000	  0.0000000000	  0.0858050179	 12.0676561900	1089805.8657284880	237.5717355921	 78.9660940629	47744.3825651819
  0.0984460389	  1.0097148437	688.1668494486	140351.0000000000	148148.0000000000	320000.0000000000	 60.0000000000	 60.0000000000	 30.0000000000	  0.0000000000	  0.0000000000	  0.0000000000	  0.0816445018	 12.1306801179	1408338.2828553976	 56.3549258966	-588.8565493149	-13967.3961124831
  0.1028075709	  1.0003903141	684.9631351338	105263.0000000000	258065.0000000000	285714.0000000000	 78.0000000000	 36.0000000000	 30.0000000000	  0.0000000000	  0.0000000000	  0.0000000000	  0.1061402821	 19.0578869947	1104296.3850010266	183.9716838928	-99.3217069964	16542.6518625432
  0.0983900567	  1.0022810396	685.4071359830	103896.0000000000	137931.0000000000	296296.0000000000	 78.0000000000	 60.0000000000	 30.0000000000	  0.0000000000	  0.0000000000	  0.0000000000	  0.0902234429	  7.1561559039	849490.4221383980	-171.3193104219	558.1385012745	-14270.1770260473
