  0.1065640546	  0.9995811516	687.6229368952	38462.0000000000	68966.0000000000	44444.0000000000	 54.0000000000	 30.0000000000	 48.0000000000	  0.0000000000	  0.0000000000	  0.0000000000	  0.1031198080	 26.4583101804	1743921.9688101148	 91.7174804237	-199.1565559520	234838.8897943560
  0.0995152039	  1.0109504255	684.7148015061	27778.0000000000	54054.0000000000	58824.0000000000	 78.0000000000	 42.0000000000	 36.0000000000	  0.0000000000	  0.0000000000	  0.0000000000	  0.0888027544	 14.3213930164	614202.0554730484	275.3359972266	350.2188435910	-49504.2904446056
  0.1001759486	  1.0102136150	688.3359488674	39216.0000000000	50000.0000000000	80000.0000000000	 54.0000000000	 42.0000000000	 30.0000000000	  0.0000000000	  0.0000000000	  0.0000000000	  0.0898014600	 15.4525924754	1066100.0930802086	 81.0920643904	452.3367717062	22540.6303748823
  0.1024659494	  0.9829226124	685.4860431360	68966.0000000000	40000.0000000000	57143.0000000000	 30.0000000000	 54.0000000000	 36.0000000000	  0.0000000000	  0.0000000000	  0.0000000000	  0.0862882821	 19.3278363795	1160999.0057551078	 10.9242558200	1114.2053027905	80581.9965034782
  0.1007625272	  1.0332772237	676.3540115658	26316.0000000000	40000.0000000000	55556.0000000000	 78.0000000000	 54.0000000000	 42.0000000000	  0.0000000000	  0.0000000000	  0.0000000000	  0.1004726968	 23.3509914687	1156886.8841390659	-356.0331613511	-1255.1221656507	-90301.3209594987
  0.1051569087	  0.9943706902	692.3794004212	39216.0000000000	43478.0000000000	51282.0000000000	 54.0000000000	 48.0000000000	 42.0000000000	  0.0000000000	  0.0000000000	  0.0000000000	  0.1010510853	 16.6617025291	1199637.5286130249	-85.1060401571	-770.2983803312	-115747.0423172061
  0.1018060181	  1.0095888621	689.0557632954	33333.0000000000	66667.0000000000	44444.0000000000	 66.0000000000	 36.0000000000	 48.0000000000	  0.0000000000	  0.0000000000	  0.0000000000	  0.0667289968	 12.8190283225	893987.9444233713	-128.2347524503	-161.0293495841	-161033.1243450297
  0.1025063466	  1.0028356926	684.6713654642	58824.0000000000	111111.0000000000	66667.0000000000	 36.0000000000	 24.0000000000	 36.0000000000	  0.0000000000	  0.0000000000	  0.0000000000	  0.1121053528	 20.0594806836	666731.0993060890	-22.9775187381	-35.0489957297	35464.2144687457
  0.1035306667	  1.0271942556	689.5639383123	62500.0000000000	48780.0000000000	54054.0000000000	 36.0000000000	 42.0000000000	 42.0000000000	  0.0000000000	  0.0000000000	  0.0000000000	  0.0942291985	 19.6788599942	1004317.6043631397	-16.3209721092	582.7797098020	-89125.6379064880
  0.0966484768	  0.9911929902	687.2627213763	39216.0000000000	38462.0000000000	46512.0000000000	 54.0000000000	 54.0000000000	 48.0000000000	  0.0000000000	  0.0000000000	  0.0000000000	  0.0685645710	 17.4290271584	1483223.8841730901	 72.2645391630	1242.5669675255	181092.1524098966
  0.0983988515	  1.0078427216	687.7808767798	27397.0000000000	50000.0000000000	60606.0000000000	 78.0000000000	 42.0000000000	 36.0000000000	  0.0000000000	  0.0000000000	  0.0000000000	  0.0888493023	 21.8522219555	1224062.1188518847	-279.5264022774	540.1169291699	-63670.5663703293
  0.1037442908	  0.9828784156	681.8628340712	64516.0000000000	111111.0000000000	83333.0000000000	 36.0000000000	 24.0000000000	 30.0000000000	  0.0000000000	  0.0000000000	  0.0000000000	  0.0341006400	 11.8387114052	1271745.6650134961	 -8.9840014204	-25.5304315717	21423.3576175621
  0.1026917172	  0.9957293751	677.1730489256	71429.0000000000	58824.0000000000	39216.0000000000	 30.0000000000	 36.0000000000	 54.0000000000	  0.0000000000	  0.0000000000	  0.0000000000	  0.1029175006	 24.6667443385	878553.1923258471	-11.1906275032	335.7096924862	248747.5533029769
  0.0974035541	  0.9982365760	678.3129275843	29412.0000000000	83333.0000000000	54054.0000000000	 72.0000000000	 30.0000000000	 42.0000000000	  0.0000000000	  0.0000000000	  0.0000000000	  0.0650596682	  6.3637922112	1054697.3554839808	-193.6754737319	 51.1630397613	92025.2250410898
  0.0959666794	  0.9675004942	683.4514440241	23529.0000000000	68966.0000000000	57143.0000000000	 90.0000000000	 30.0000000000	 36.0000000000	  0.0000000000	  0.0000000000	  0.0000000000	  0.1027623179	 27.0291581121	880726.8500499107	524.2396367764	197.3392700065	68588.0281703092
  0.0983297333	  1.0145622541	687.9989297637	44444.0000000000	48780.0000000000	47619.0000000000	 48.0000000000	 42.0000000000	 48.0000000000	  0.0000000000	  0.0000000000	  0.0000000000	  0.1236785186	 21.1819202897	1098946.3663722444	-62.9953762592	578.3142193014	142898.3587979306
  0.1041189378	  0.9916251924	694.1274809278	34483.0000000000	166667.0000000000	100000.0000000000	 60.0000000000	 18.0000000000	 24.0000000000	  0.0000000000	  0.0000000000	  0.0000000000	  0.1105093818	 17.8805677931	892513.6076843666	145.4457624479	  7.8772187080	9194.2269769379
  0.1001461988	  1.0158822499	695.4858220632	39216.0000000000	39216.0000000000	76923.0000000000	 54.0000000000	 54.0000000000	 30.0000000000	  0.0000000000	  0.0000000000	  0.0000000000	  0.1377776365	 36.5426050610	1288363.6201886185	101.2727121016	1644.5321619844	28196.8704483459
  0.0972533333	  0.9921496303	686.5140309533	31250.0000000000	62500.0000000000	50000.0000000000	 66.0000000000	 36.0000000000	 42.0000000000	  0.0000000000	  0.0000000000	  0.0000000000	  0.0773115260	 15.3779908587	748611.5830260196	166.7628241937	-208.2856161266	-100595.5286247980
  0.0960135308	  0.9635636212	691.4652642883	33898.0000000000	57143.0000000000	58824.0000000000	 60.0000000000	 36.0000000000	 36.0000000000	  0.0000000000	  0.0000000000	  0.0000000000	  0.0682014301	 20.3666213541	1639723.7680088491	119.4747117061	315.6541610306	-83304.3378841481
  0.0982933333	  1.0088484356	691.4233929153	31250.0000000000	90909.0000000000	60606.0000000000	 66.0000000000	 24.0000000000	 36.0000000000	  0.0000000000	  0.0000000000	  0.0000000000	  0.0903072926	 18.7930085403	795096.8146920571	182.1440397168	-66.3148069908	50542.8357690037
  0.1028291667	  1.0138946232	689.1774886466	80000.0000000000	62500.0000000000	64516.0000000000	 30.0000000000	 36.0000000000	 36.0000000000	  0.0000000000	  0.0000000000	  0.0000000000	  0.0958315619	 20.0248993449	2235169.3601888586	  6.6017343877	-251.7943004406	-75416.4121059855
  0.1041093756	  0.9976540664	686.5446368520	36364.0000000000	39216.0000000000	60606.0000000000	 60.0000000000	 54.0000000000	 36.0000000000	  0.0000000000	  0.0000000000	  0.0000000000	  0.0976192403	  8.7828844327	753030.7660886485	-108.3189517394	-826.7609698095	-53743.6711665949
  0.0964285095	  1.0074624672	689.7727503145	38462.0000000000	45455.0000000000	50000.0000000000	 54.0000000000	 48.0000000000	 42.0000000000	  0.0000000000	  0.0000000000	  0.0000000000	  0.1381739419	 12.9740857191	599554.9352261608	-108.7314402229	604.0931108628	-90519.3734129248
  0.1011938512	  0.9942527779	680.9578874684	31746.0000000000	46512.0000000000	64516.0000000000	 66.0000000000	 48.0000000000	 36.0000000000	  0.0000000000	  0.0000000000	  0.0000000000	  0.1210767695	 19.7614917015	1182763.0929477874	-197.3036727029	642.6588089677	55053.8812012897
  0.0975558801	  0.9772491732	684.0937911072	86957.0000000000	133333.0000000000	66667.0000000000	 24.0000000000	 18.0000000000	 36.0000000000	  0.0000000000	  0.0000000000	  0.0000000000	  0.0940110141	 24.5828318551	1124216.8008322190	  5.4770216170	 17.4672335108	46974.3134120138
  0.1011991012	  0.9874891642	691.6731252699	31746.0000000000	48780.0000000000	64516.0000000000	 66.0000000000	 42.0000000000	 36.0000000000	  0.0000000000	  0.0000000000	  0.0000000000	  0.0881973640	 22.4402965859	898120.1225125476	168.7412476867	-595.9371156817	44841.0848122903
  0.1020701499	  1.0491922793	690.1048793603	35714.0000000000	32787.0000000000	54054.0000000000	 60.0000000000	 66.0000000000	 42.0000000000	  0.0000000000	  0.0000000000	  0.0000000000	  0.0791380120	 11.5095709838	440055.4813177467	-103.5825325089	-1781.0596413544	59448.6195044182
  0.0991509915	  0.9830739576	680.3952805195	33333.0000000000	52632.0000000000	44444.0000000000	 66.0000000000	 42.0000000000	 48.0000000000	  0.0000000000	  0.0000000000	  0.0000000000	  0.0821687026	 12.9100524873	1108429.4731765047	136.6897412263	-341.2382973718	-180769.1973481470
  0.0968141771	  0.9522237267	691.3161868856	29851.0000000000	57143.0000000000	60606.0000000000	 72.0000000000	 36.0000000000	 36.0000000000	  0.0000000000	  0.0000000000	  0.0000000000	  0.0746657331	 21.2299192337	959401.9098173649	197.6253750196	-340.9503319886	56215.2036347656
  0.1033616085	  0.9886273299	690.7264337395	30769.0000000000	58824.0000000000	105263.0000000000	 66.0000000000	 36.0000000000	 24.0000000000	  0.0000000000	  0.0000000000	  0.0000000000	  0.0893421866	 20.6189252392	902215.2446574827	-186.5247795943	298.4826400283	8714.6270452812
  0.1031104293	  1.0004481622	680.2794408581	38462.0000000000	64516.0000000000	57143.0000000000	 54.0000000000	 36.0000000000	 36.0000000000	  0.0000000000	  0.0000000000	  0.0000000000	  0.1100929905	 14.6288600755	1316983.8824507191	-94.0750474322	-175.4629874531	87570.6406382672
  0.1054744895	  0.9870121317	685.3891899713	26316.0000000000	47619.0000000000	50000.0000000000	 78.0000000000	 48.0000000000	 42.0000000000	  0.0000000000	  0.0000000000	  0.0000000000	  0.0967357591	  9.1112927976	898994.2219569877	-340.4748207112	426.0699391411	-109208.5889484638
  0.1012098515	  0.9785355202	691.4847990216	28571.0000000000	50000.0000000000	74074.0000000000	 72.0000000000	 42.0000000000	 30.0000000000	  0.0000000000	  0.0000000000	  0.0000000000	  0.1156584722	 23.9795091532	1080334.2150134826	-277.7643253391	559.4113289289	32161.8831259927
  0.0986092055	  0.9663508943	683.7559821100	40816.0000000000	52632.0000000000	74074.0000000000	 54.0000000000	 42.0000000000	 30.0000000000	  0.0000000000	  0.0000000000	  0.0000000000	  0.0844887391	 13.5152092034	1065187.1766413122	-70.8702127084	-345.4765626853	-31616.3256990160
  0.0998785165	  1.0515634731	687.2513678778	54054.0000000000	45455.0000000000	66667.0000000000	 42.0000000000	 48.0000000000	 36.0000000000	  0.0000000000	  0.0000000000	  0.0000000000	  0.0954583441	 21.7353919832	1319539.3580854859	-28.7060415073	785.3918833411	50574.1103792168
  0.0949941351	  0.9957557710	691.3085988287	28986.0000000000	58824.0000000000	50000.0000000000	 72.0000000000	 36.0000000000	 42.0000000000	  0.0000000000	  0.0000000000	  0.0000000000	  0.0869587675	  7.4781391996	870868.6593015812	-234.4805946556	178.9414466960	107552.4715685574
  0.0988752612	  0.9987437719	684.2499364689	36364.0000000000	68966.0000000000	142857.0000000000	 60.0000000000	 30.0000000000	 18.0000000000	  0.0000000000	  0.0000000000	  0.0000000000	  0.1060241765	 24.5669640160	1396800.4607600283	112.8790776226	199.2435911573	3181.0714156334
  0.0991116578	  1.0032099445	687.3076555585	48780.0000000000	62500.0000000000	50000.0000000000	 42.0000000000	 36.0000000000	 42.0000000000	  0.0000000000	  0.0000000000	  0.0000000000	  0.0716781550	 24.8434447900	765231.6702610916	 33.7138568914	266.8173419746	104848.3835208163
  0.1006731946	  1.0232528493	683.0778045135	55556.0000000000	90909.0000000000	47619.0000000000	 42.0000000000	 24.0000000000	 48.0000000000	  0.0000000000	  0.0000000000	  0.0000000000	  0.0621743297	  9.3815172588	1117594.3935088855	-19.6730365532	 46.8892850646	-148491.9414054009
  0.0953800462	  1.0035310072	680.2969200320	45455.0000000000	42553.0000000000	80000.0000000000	 48.0000000000	 48.0000000000	 30.0000000000	  0.0000000000	  0.0000000000	  0.0000000000	  0.0861069566	 17.7852101175	1588739.4949408937	 46.2310592318	837.3744242762	28163.9508434057
  0.1034595201	  0.9727610028	691.1002859593	153846.0000000000	80000.0000000000	51282.0000000000	 18.0000000000	 30.0000000000	 42.0000000000	  0.0000000000	  0.0000000000	  0.0000000000	  0.1170722020	 21.2743736284	1562335.7733174497	  0.7277958189	-97.3028468620	-128584.0965742908
  0.0999208333	  0.9972844592	687.6096110002	40000.0000000000	41667.0000000000	83333.0000000000	 54.0000000000	 54.0000000000	 30.0000000000	  0.0000000000	  0.0000000000	  0.0000000000	  0.1132050443	  6.3977027005	610885.3973366766	 86.8549416486	572.4188660026	-14730.0383111794
  0.1006516007	  0.9914061490	682.4835480072	37037.0000000000	52632.0000000000	66667.0000000000	 60.0000000000	 42.0000000000	 36.0000000000	  0.0000000000	  0.0000000000	  0.0000000000	  0.1040407278	 30.2177815254	1380714.1913092721	-105.1370742927	-546.8824434184	-52755.4834635955
  0.0995633961	  1.0405654335	693.8742000240	33898.0000000000	111111.0000000000	60606.0000000000	 60.0000000000	 24.0000000000	 36.0000000000	  0.0000000000	  0.0000000000	  0.0000000000	  0.1023301497	 29.3412194582	843823.1632981314	146.2419048208	 35.6616633802	-52725.0149985490
  0.0980451717	  0.9801040421	684.5307694025	24691.0000000000	57143.0000000000	62500.0000000000	 84.0000000000	 36.0000000000	 36.0000000000	  0.0000000000	  0.0000000000	  0.0000000000	  0.0795289688	 10.9750827988	798128.8241903868	381.3420207712	-238.4096445790	-48723.1655609464
  0.1034884684	  0.9843643147	683.9199306775	28169.0000000000	40000.0000000000	153846.0000000000	 72.0000000000	 54.0000000000	 18.0000000000	  0.0000000000	  0.0000000000	  0.0000000000	  0.0608459783	  6.7319101503	1748279.7503971546	212.5665868188	-674.2551825286	-3079.5877196110
  0.1030314909	  1.0342566676	684.5301079090	35714.0000000000	44444.0000000000	86957.0000000000	 60.0000000000	 48.0000000000	 24.0000000000	  0.0000000000	  0.0000000000	  0.0000000000	  0.1158591521	 21.7914045166	612039.0591054577	-126.4151118974	825.0448405731	-12413.6285098613
  0.0984038271	  1.0297724917	681.8582869438	28986.0000000000	42553.0000000000	142857.0000000000	 72.0000000000	 48.0000000000	 18.0000000000	  0.0000000000	  0.0000000000	  0.0000000000	  0.0701992444	 12.6491745383	1188040.5719828736	-210.3877028755	-710.5456959095	3460.5192130058
  0.0974255475	  1.0167247718	694.1018708926	86957.0000000000	74074.0000000000	71429.0000000000	 24.0000000000	 30.0000000000	 30.0000000000	  0.0000000000	  0.0000000000	  0.0000000000	  0.1229997273	 18.2104280326	1210768.1895568061	 -5.8685517347	-129.4459396877	-38831.2985116146
  0.1012916667	  1.0144408167	686.6608507687	80000.0000000000	47619.0000000000	80000.0000000000	 30.0000000000	 48.0000000000	 30.0000000000	  0.0000000000	  0.0000000000	  0.0000000000	  0.0814766854	 19.7753748525	1038477.1739649599	  6.3209877980	-591.7808296385	22504.6930159627
  0.1092826422	  1.0107179638	686.9262561109	28986.0000000000	42553.0000000000	76923.0000000000	 72.0000000000	 48.0000000000	 30.0000000000	  0.0000000000	  0.0000000000	  0.0000000000	  0.0790381384	  8.7157595829	1218874.8680908366	-216.6546340765	624.6545857282	30313.7349489222
  0.0971825559	  1.0077285271	689.1406497933	29412.0000000000	44444.0000000000	100000.0000000000	 72.0000000000	 48.0000000000	 24.0000000000	  0.0000000000	  0.0000000000	  0.0000000000	  0.0814098704	 10.5407127133	723592.9873910927	209.8032914262	-562.3752184021	8762.6428953462
  0.1044419778	  0.9989128039	681.1347428840	66667.0000000000	50000.0000000000	86957.0000000000	 36.0000000000	 42.0000000000	 24.0000000000	  0.0000000000	  0.0000000000	  0.0000000000	  0.0734163247	 21.8567303618	1499591.1980104432	-11.8729131462	-529.0449751202	19994.4389262171
  0.0952334285	  1.0294279841	690.4245729668	35714.0000000000	45455.0000000000	60606.0000000000	 60.0000000000	 48.0000000000	 36.0000000000	  0.0000000000	  0.0000000000	  0.0000000000	  0.0846917928	 11.5586999027	1182575.7522253066	-107.6041572869	-569.3516233162	62691.2291076170
  0.0949831765	  1.0311472598	692.7055363848	40816.0000000000	51282.0000000000	55556.0000000000	 54.0000000000	 42.0000000000	 42.0000000000	  0.0000000000	  0.0000000000	  0.0000000000	  0.1267613343	 21.2932760833	1161164.0421404103	-84.0097965844	-484.9323434794	86247.7990372198
  0.0973148473	  1.0244663363	689.4440685040	74074.0000000000	45455.0000000000	54054.0000000000	 30.0000000000	 48.0000000000	 42.0000000000	  0.0000000000	  0.0000000000	  0.0000000000	  0.0790849773	 10.2668159697	1182165.3639409363	  8.1212844739	516.6072694802	-95848.8854168969
  0.0966995165	  0.9992279013	683.6614442366	66667.0000000000	46512.0000000000	46512.0000000000	 36.0000000000	 48.0000000000	 48.0000000000	  0.0000000000	  0.0000000000	  0.0000000000	  0.0975900138	 21.2344918509	831838.7633848396	-13.6661243334	-674.2166926612	-132028.9473965356
  0.1006061006	  0.9903333925	688.5240300697	30303.0000000000	44444.0000000000	125000.0000000000	 72.0000000000	 48.0000000000	 18.0000000000	  0.0000000000	  0.0000000000	  0.0000000000	  0.0750933837	  6.7078394113	1163777.4628849360	-180.8312385490	-456.9337451203	5004.9109687266
  0.0967374679	  0.9890468562	686.6235613671	86957.0000000000	100000.0000000000	54054.0000000000	 24.0000000000	 24.0000000000	 42.0000000000	  0.0000000000	  0.0000000000	  0.0000000000	  0.1105066812	 10.6027508782	1084186.2822606920	 -5.2370022788	-35.8528006076	-91304.4750342942
  0.1076551388	  1.0214437333	687.4148836944	41667.0000000000	60606.0000000000	181818.0000000000	 54.0000000000	 36.0000000000	 12.0000000000	  0.0000000000	  0.0000000000	  0.0000000000	  0.1020304695	 22.3003566643	1590818.9438801422	-71.6599689215	-270.4643404457	-1621.6986116838
  0.0991673492	  0.9837968505	688.2556018930	31746.0000000000	46512.0000000000	83333.0000000000	 66.0000000000	 48.0000000000	 30.0000000000	  0.0000000000	  0.0000000000	  0.0000000000	  0.0788094210	 19.2030152000	942116.9046628547	160.7794899485	-665.8086244409	-19047.3858132811
  0.0997704014	  0.9574501383	688.9625751594	71429.0000000000	57143.0000000000	76923.0000000000	 30.0000000000	 36.0000000000	 30.0000000000	  0.0000000000	  0.0000000000	  0.0000000000	  0.0917070220	 20.9241425343	1346065.0106847405	  9.7577866944	-341.6141722593	29980.4325760916
  0.1008322079	  1.0030385635	681.2127706722	27397.0000000000	125000.0000000000	66667.0000000000	 78.0000000000	 18.0000000000	 36.0000000000	  0.0000000000	  0.0000000000	  0.0000000000	  0.0702253602	 20.2021747568	1329056.0242953843	250.3229345440	 21.3916492724	51561.7207652058
  0.0979306667	  0.9720708846	681.3991046297	31250.0000000000	47619.0000000000	64516.0000000000	 66.0000000000	 48.0000000000	 36.0000000000	  0.0000000000	  0.0000000000	  0.0000000000	  0.0938193899	 18.6898777789	967809.8164871581	183.9484326206	-601.2854888703	49257.7799669945
  0.0974858475	  0.9922212776	680.6760717778	54054.0000000000	54054.0000000000	44444.0000000000	 42.0000000000	 42.0000000000	 48.0000000000	  0.0000000000	  0.0000000000	  0.0000000000	  0.0958012010	 16.8029295439	1142483.9424362271	 27.8543844699	-363.4721491173	189320.2283698682
  0.0988943489	  0.9894571962	684.6427578012	31746.0000000000	37736.0000000000	117647.0000000000	 66.0000000000	 54.0000000000	 18.0000000000	  0.0000000000	  0.0000000000	  0.0000000000	  0.1232067533	 24.5578770259	1753661.1868135997	205.2148612375	1596.1786934454	-8488.4877118877
  0.0986400000	  0.9968775296	693.0817535413	31250.0000000000	54054.0000000000	57143.0000000000	 66.0000000000	 42.0000000000	 36.0000000000	  0.0000000000	  0.0000000000	  0.0000000000	  0.0725565293	 19.7026263090	2152691.4808853762	163.9529703566	389.8474404635	108512.2320241988
  0.0994785995	  1.0211650793	685.0954355305	60606.0000000000	50000.0000000000	55556.0000000000	 36.0000000000	 42.0000000000	 42.0000000000	  0.0000000000	  0.0000000000	  0.0000000000	  0.1412086264	 32.1217766085	924310.8852682071	-22.3325595082	659.0691002719	-79074.4481180942
  0.1016041667	  0.9869347431	686.8229573916	40000.0000000000	42553.0000000000	46512.0000000000	 54.0000000000	 48.0000000000	 48.0000000000	  0.0000000000	  0.0000000000	  0.0000000000	  0.1021709678	 13.9117644264	769169.0086231413	 79.0993521604	-743.4849260344	-127392.0015286244
  0.0955290498	  0.9768261965	683.6485857070	30769.0000000000	95238.0000000000	100000.0000000000	 66.0000000000	 24.0000000000	 24.0000000000	  0.0000000000	  0.0000000000	  0.0000000000	  0.0722241338	 14.0427093161	681164.9153925651	-172.7629657914	-47.2371213933	9084.8655125992
  0.1053800000	  0.9712438438	683.0691720458	50000.0000000000	80000.0000000000	44444.0000000000	 42.0000000000	 30.0000000000	 48.0000000000	  0.0000000000	  0.0000000000	  0.0000000000	  0.1056343186	 18.9687990782	845095.1127966841	 36.6829110808	-100.2607505051	-158461.7989084136
  0.1016604692	  0.9423202389	677.8824103375	29851.0000000000	60606.0000000000	76923.0000000000	 72.0000000000	 36.0000000000	 30.0000000000	  0.0000000000	  0.0000000000	  0.0000000000	  0.1114432306	 17.6337252622	1091357.3650081963	-240.1372002010	-242.8938907748	-25589.4391361615
  0.0912721627	  0.9998707712	687.4260177815	44444.0000000000	45455.0000000000	76923.0000000000	 48.0000000000	 48.0000000000	 30.0000000000	  0.0000000000	  0.0000000000	  0.0000000000	  0.0860624794	 12.3926633398	1446537.0137677598	 49.8292958277	-554.9207838253	30833.2798643194
  0.1020636021	  1.0101357561	680.7083376480	30303.0000000000	40000.0000000000	90909.0000000000	 72.0000000000	 54.0000000000	 24.0000000000	  0.0000000000	  0.0000000000	  0.0000000000	  0.0930861736	 15.5553771098	1556673.3805892763	200.4725826447	-1037.1156220105	-17733.2455137974
  0.1053206053	  1.0111927767	685.3166780203	27027.0000000000	50000.0000000000	83333.0000000000	 78.0000000000	 42.0000000000	 30.0000000000	  0.0000000000	  0.0000000000	  0.0000000000	  0.0786662385	 19.3835576636	1078800.1757198824	279.2274030221	-493.0239602140	18946.1096967528
  0.0999761665	  1.0271249096	687.3328458887	30769.0000000000	58824.0000000000	86957.0000000000	 66.0000000000	 36.0000000000	 24.0000000000	  0.0000000000	  0.0000000000	  0.0000000000	  0.0622143230	 24.4222795050	1578953.7803957309	-161.4517703812	314.1295525567	20307.5167904802
  0.0985460985	  0.9925432889	678.2192491027	47619.0000000000	54054.0000000000	52632.0000000000	 48.0000000000	 42.0000000000	 42.0000000000	  0.0000000000	  0.0000000000	  0.0000000000	  0.0800529303	 18.3396755157	1646246.5679417981	-39.2818643413	-367.9286390264	-125567.1213363246
  0.1012166845	  0.9705810997	685.9146719693	54054.0000000000	83333.0000000000	55556.0000000000	 42.0000000000	 30.0000000000	 42.0000000000	  0.0000000000	  0.0000000000	  0.0000000000	  0.0939450459	 12.4509095262	1152898.9279575199	 26.9848187922	-66.5000213082	83326.7137889275
  0.1020339337	  1.0219804668	689.9251536823	35088.0000000000	100000.0000000000	64516.0000000000	 60.0000000000	 24.0000000000	 36.0000000000	  0.0000000000	  0.0000000000	  0.0000000000	  0.1188572861	 16.1124450782	704406.7510163047	-136.1078234939	-45.0445284550	-40612.1226198894
  0.0978075978	  0.9998770611	682.1957580261	95238.0000000000	47619.0000000000	58824.0000000000	 24.0000000000	 48.0000000000	 36.0000000000	  0.0000000000	  0.0000000000	  0.0000000000	  0.1047014938	 23.6947319801	1190570.0497542135	  3.7292012596	-650.3595995593	-68604.7794612644
  0.1020371020	  0.9910164689	687.1618133140	51282.0000000000	60606.0000000000	100000.0000000000	 42.0000000000	 36.0000000000	 24.0000000000	  0.0000000000	  0.0000000000	  0.0000000000	  0.1019039061	 20.6380486362	1238874.9728888976	-35.4417425137	263.1629728404	11272.7939861623
  0.1046416667	  1.0188824391	692.0567298926	80000.0000000000	74074.0000000000	105263.0000000000	 30.0000000000	 30.0000000000	 24.0000000000	  0.0000000000	  0.0000000000	  0.0000000000	  0.0927003056	 16.5107452770	1283361.0496224987	  6.7692914675	-115.4627808788	9438.2945261815
  0.1042917270	  0.9836453864	686.2282474693	28986.0000000000	41667.0000000000	68966.0000000000	 72.0000000000	 54.0000000000	 30.0000000000	  0.0000000000	  0.0000000000	  0.0000000000	  0.1123201454	 14.8878022544	705484.8939996174	-258.9155007719	835.6571018208	33418.5675813531
  0.1024579481	  1.0124573031	677.7054973918	43478.0000000000	125000.0000000000	57143.0000000000	 48.0000000000	 18.0000000000	 36.0000000000	  0.0000000000	  0.0000000000	  0.0000000000	  0.1013451214	 34.6733334601	872688.1980978930	 60.3397228790	-26.4219136539	69029.7662073141
  0.1003395655	  1.0218367382	686.8647810733	32787.0000000000	66667.0000000000	64516.0000000000	 66.0000000000	 36.0000000000	 36.0000000000	  0.0000000000	  0.0000000000	  0.0000000000	  0.1150004048	 30.4536486266	663412.6957368499	-169.7027334576	-241.5674928966	-39052.7551245363
  0.0960609606	  0.9734893624	685.8870359156	44444.0000000000	47619.0000000000	54054.0000000000	 48.0000000000	 48.0000000000	 42.0000000000	  0.0000000000	  0.0000000000	  0.0000000000	  0.0907771164	  7.8072336801	1032350.1392035475	-53.4888504503	-399.1955134592	-93301.7356310270
  0.0995580693	  1.0440156358	684.0910929965	71429.0000000000	48780.0000000000	71429.0000000000	 30.0000000000	 42.0000000000	 30.0000000000	  0.0000000000	  0.0000000000	  0.0000000000	  0.1058171613	 19.3554477591	1010468.6249398902	-11.3929511207	-578.1984659548	32616.7495693278
  0.1063510635	  0.9865259763	694.3367226510	44444.0000000000	44444.0000000000	111111.0000000000	 48.0000000000	 48.0000000000	 24.0000000000	  0.0000000000	  0.0000000000	  0.0000000000	  0.1193476303	 20.8197930501	1559640.9477247708	 62.4063189504	-808.5715764353	-8760.7506041776
  0.0987669660	  1.0027788570	691.9188795798	28169.0000000000	41667.0000000000	68966.0000000000	 72.0000000000	 54.0000000000	 30.0000000000	  0.0000000000	  0.0000000000	  0.0000000000	  0.0859508780	 22.6994778947	887747.0950865007	250.0569853816	1035.0465829734	-35781.9644027262
  0.0903926201	  0.9940345426	686.5879529984	26667.0000000000	62500.0000000000	100000.0000000000	 78.0000000000	 36.0000000000	 24.0000000000	  0.0000000000	  0.0000000000	  0.0000000000	  0.0786323363	 26.2891739251	1018978.1968713463	294.9085115435	263.1677031097	9794.7100485168
  0.1009676266	  0.9792142377	678.0944735366	34483.0000000000	51282.0000000000	51282.0000000000	 60.0000000000	 42.0000000000	 42.0000000000	  0.0000000000	  0.0000000000	  0.0000000000	  0.0738538148	 15.8890462101	1249794.2297890664	118.0382927258	-429.2270044701	-124339.1858610929
  0.1094528756	  0.9891369242	686.5278089436	35714.0000000000	250000.0000000000	71429.0000000000	 60.0000000000	 12.0000000000	 30.0000000000	  0.0000000000	  0.0000000000	  0.0000000000	  0.0752242306	 19.1548144939	918658.4749411481	104.3769992531	 -2.1719383832	-30926.9673676238
  0.0981625000	  1.0207120461	691.0071182566	40000.0000000000	50000.0000000000	66667.0000000000	 54.0000000000	 42.0000000000	 36.0000000000	  0.0000000000	  0.0000000000	  0.0000000000	  0.0980178425	 32.0394395779	850100.6447441723	-78.4960647311	-670.4421603613	-39279.7179241332
  0.1067129736	  1.0039387855	688.5467081819	43478.0000000000	42553.0000000000	52632.0000000000	 48.0000000000	 48.0000000000	 42.0000000000	  0.0000000000	  0.0000000000	  0.0000000000	  0.0978173554	 16.0081066837	951109.1401819984	 57.7444899800	802.3501164131	93881.5147343580
  0.1019601843	  0.9831503083	684.8620877309	55556.0000000000	54054.0000000000	74074.0000000000	 42.0000000000	 42.0000000000	 30.0000000000	  0.0000000000	  0.0000000000	  0.0000000000	  0.0924662965	 21.6725591713	1631834.4074615103	-24.0602716877	406.4816652426	39236.9843475762
  0.1001991002	  0.9425806918	688.6168025606	30303.0000000000	45455.0000000000	60606.0000000000	 72.0000000000	 48.0000000000	 36.0000000000	  0.0000000000	  0.0000000000	  0.0000000000	  0.1108681097	 27.0593448699	1460221.0247790955	227.1966983608	867.0441443535	-70266.9886865582
  0.0991227750	  0.9568851517	689.0880025750	27397.0000000000	52632.0000000000	58824.0000000000	 78.0000000000	 42.0000000000	 36.0000000000	  0.0000000000	  0.0000000000	  0.0000000000	  0.0576765464	  6.5689458554	1349886.1999962777	225.8596769000	258.8714746559	76533.5867746876
  0.0989538021	  1.0503898138	688.0963998434	166667.0000000000	44444.0000000000	76923.0000000000	 18.0000000000	 48.0000000000	 30.0000000000	  0.0000000000	  0.0000000000	  0.0000000000	  0.0892872304	 10.2759806402	1043943.8220573721	 -0.5532746261	-551.3404464092	-24838.2759760128
  0.1086368117	  1.0315152550	686.4860201928	57143.0000000000	38462.0000000000	64516.0000000000	 36.0000000000	 54.0000000000	 36.0000000000	  0.0000000000	  0.0000000000	  0.0000000000	  0.0980054969	 12.9030493081	1454608.8521701959	 22.1584153552	-1018.9799186374	-58777.8336622029
  0.1036305678	  0.9830344666	687.3414977247	27397.0000000000	46512.0000000000	83333.0000000000	 78.0000000000	 48.0000000000	 30.0000000000	  0.0000000000	  0.0000000000	  0.0000000000	  0.1010851247	 14.1321235890	791875.4280644212	-304.6053342031	-572.8697191760	18592.4992162464
  0.1052800000	  1.0086003184	690.6570249708	50000.0000000000	74074.0000000000	105263.0000000000	 42.0000000000	 30.0000000000	 24.0000000000	  0.0000000000	  0.0000000000	  0.0000000000	  0.1193623137	 30.4953015130	1173788.6088534379	 38.7676099032	158.7388899380	8800.2638531048
  0.1105530511	  1.0067072844	691.7993057612	40816.0000000000	58824.0000000000	50000.0000000000	 54.0000000000	 36.0000000000	 42.0000000000	  0.0000000000	  0.0000000000	  0.0000000000	  0.0777066486	 15.0814987336	1465312.0752468586	-65.9504944332	257.1242653717	146058.2049919978
  0.0971014304	  0.9905452668	682.8370548309	76923.0000000000	45455.0000000000	44444.0000000000	 30.0000000000	 48.0000000000	 48.0000000000	  0.0000000000	  0.0000000000	  0.0000000000	  0.1013208500	 10.8648201120	1140332.3633515891	 -7.7299049347	533.4674027787	183462.5380127353
  0.0981574888	  0.9846400465	688.1074165387	38462.0000000000	39216.0000000000	55556.0000000000	 54.0000000000	 54.0000000000	 42.0000000000	  0.0000000000	  0.0000000000	  0.0000000000	  0.0857526424	  7.3217246269	1362705.9067535538	-84.0257090588	-749.6624357065	-95684.3199954410
  0.1049644663	  0.9803715445	683.5452278245	48780.0000000000	64516.0000000000	60606.0000000000	 42.0000000000	 36.0000000000	 36.0000000000	  0.0000000000	  0.0000000000	  0.0000000000	  0.0797769280	  8.3138117157	1061438.0385423535	 35.6525794246	-133.0240025729	-58259.7754109143
  0.0963872289	  0.9915985955	685.4225175644	41667.0000000000	76923.0000000000	90909.0000000000	 54.0000000000	 30.0000000000	 24.0000000000	  0.0000000000	  0.0000000000	  0.0000000000	  0.0923035274	 22.9307938643	956066.0004550994	-65.2094913347	-124.6327559995	-13768.2489420144
  0.1048245996	  1.0105259321	691.7939754701	34483.0000000000	44444.0000000000	51282.0000000000	 60.0000000000	 48.0000000000	 42.0000000000	  0.0000000000	  0.0000000000	  0.0000000000	  0.0909669616	 13.0999739154	1031224.5802685930	131.7967986702	-616.2709670997	-111209.9603735246
  0.1020693333	  0.9652999255	682.6878411877	31250.0000000000	62500.0000000000	133333.0000000000	 66.0000000000	 36.0000000000	 18.0000000000	  0.0000000000	  0.0000000000	  0.0000000000	  0.1033294773	 18.4534442093	1029101.8163103811	-197.3200388282	225.3267062771	-3710.3569963500
  0.1033588534	  0.9631410530	682.8790606580	60606.0000000000	76923.0000000000	66667.0000000000	 36.0000000000	 30.0000000000	 36.0000000000	  0.0000000000	  0.0000000000	  0.0000000000	  0.0909356350	 29.0493673732	1577162.4335891283	 18.4877897525	136.1154299863	-52176.3212792622
  0.1032541667	  0.9716442475	679.7432025495	40000.0000000000	50000.0000000000	62500.0000000000	 54.0000000000	 42.0000000000	 36.0000000000	  0.0000000000	  0.0000000000	  0.0000000000	  0.1135163259	 27.3600439873	1531118.7611506062	 83.9990986158	597.5910684537	62858.0963669244
  0.1033717427	  1.0197556834	684.7181952700	28986.0000000000	46512.0000000000	52632.0000000000	 72.0000000000	 48.0000000000	 42.0000000000	  0.0000000000	  0.0000000000	  0.0000000000	  0.0995554680	 12.0106905751	1241013.7263210844	243.9340451694	510.6904831764	108428.5585694521
  0.0973509735	  0.9796663205	685.7070046951	44444.0000000000	52632.0000000000	111111.0000000000	 48.0000000000	 42.0000000000	 24.0000000000	  0.0000000000	  0.0000000000	  0.0000000000	  0.0969703283	 21.1619231878	1655294.6189098018	 53.8650068479	430.2285213108	9870.4207957829
  0.1000818834	  1.0209713502	691.8371692594	117647.0000000000	66667.0000000000	80000.0000000000	 18.0000000000	 36.0000000000	 30.0000000000	  0.0000000000	  0.0000000000	  0.0000000000	  0.1075904137	 30.1087421449	792081.3056929988	 -1.9288914576	241.6927199650	-19259.0922030444
  0.0955924559	  1.0238483071	686.3711680349	24390.0000000000	50000.0000000000	100000.0000000000	 84.0000000000	 42.0000000000	 24.0000000000	  0.0000000000	  0.0000000000	  0.0000000000	  0.0954989396	 28.7920270800	1055604.7058441117	443.9538310206	-637.0598316593	-10067.5339287707
  0.1011170767	  0.9893741058	689.9640615250	33898.0000000000	60606.0000000000	83333.0000000000	 60.0000000000	 36.0000000000	 30.0000000000	  0.0000000000	  0.0000000000	  0.0000000000	  0.0908883134	 14.0270696415	1688366.5271529611	-135.9243617087	-215.1603142338	-26866.1372349470
  0.1000238499	  0.9967347172	686.0250753014	37736.0000000000	41667.0000000000	55556.0000000000	 54.0000000000	 54.0000000000	 42.0000000000	  0.0000000000	  0.0000000000	  0.0000000000	  0.0940080215	 17.7945723434	991945.4212808927	 97.9806061948	918.6514811451	-78958.6232630920
  0.0983759838	  1.0435625880	691.4725368834	33333.0000000000	50000.0000000000	46512.0000000000	 66.0000000000	 42.0000000000	 48.0000000000	  0.0000000000	  0.0000000000	  0.0000000000	  0.0778356660	  8.7820861942	941005.8970008030	137.8357000610	-353.7535167693	143144.0921797563
  0.1038491173	  1.0161846558	684.9557915185	29851.0000000000	54054.0000000000	51282.0000000000	 72.0000000000	 42.0000000000	 42.0000000000	  0.0000000000	  0.0000000000	  0.0000000000	  0.0879500504	 14.1030577151	643327.4803165658	-213.4099218029	334.8300157011	82777.9348662664
  0.0932159322	  0.9990370662	701.3118233059	33333.0000000000	50000.0000000000	45455.0000000000	 66.0000000000	 42.0000000000	 48.0000000000	  0.0000000000	  0.0000000000	  0.0000000000	  0.1000280029	 19.7225268341	1098147.5312428731	153.2616965477	538.2715378772	-174045.5027787472
  0.1040157269	  1.0119529625	690.7611578771	28571.0000000000	51282.0000000000	64516.0000000000	 72.0000000000	 42.0000000000	 36.0000000000	  0.0000000000	  0.0000000000	  0.0000000000	  0.0856745027	 22.2418734044	1385657.1761071137	239.2296881300	-526.4077164619	54649.4517756331
  0.0977173564	  0.9790255415	686.4916787533	42553.0000000000	76923.0000000000	58824.0000000000	 48.0000000000	 30.0000000000	 36.0000000000	  0.0000000000	  0.0000000000	  0.0000000000	  0.1139285949	 23.7230522669	1133032.4452995309	-71.5230580982	-125.1990547255	-70148.3727727121
  0.0971805972	  1.0311808999	682.8217798683	54054.0000000000	66667.0000000000	68966.0000000000	 42.0000000000	 36.0000000000	 30.0000000000	  0.0000000000	  0.0000000000	  0.0000000000	  0.0915002373	 16.3641404383	1049055.8780275921	-26.1290181280	180.2198618240	-39321.3849666713
  0.1028430106	  0.9873087118	689.2786937991	52632.0000000000	54054.0000000000	105263.0000000000	 42.0000000000	 42.0000000000	 24.0000000000	  0.0000000000	  0.0000000000	  0.0000000000	  0.0828379451	 15.8620044712	1271777.9048122815	-29.1588269112	-344.1041205314	9559.1448744771
  0.1028222782	  0.9926673251	684.4915218771	44444.0000000000	51282.0000000000	80000.0000000000	 48.0000000000	 42.0000000000	 30.0000000000	  0.0000000000	  0.0000000000	  0.0000000000	  0.0665352056	 19.1906945900	940719.3054130514	 46.2255255415	-481.5354319303	-20584.5187835572
  0.1059994480	  1.0011782283	684.9409228999	28986.0000000000	66667.0000000000	48780.0000000000	 72.0000000000	 36.0000000000	 42.0000000000	  0.0000000000	  0.0000000000	  0.0000000000	  0.0853877030	 35.1496759319	1455057.8993369788	-225.9169641489	-260.8110555275	149903.2546601577
  0.0985186815	  1.0386294686	690.1911074965	45455.0000000000	44444.0000000000	55556.0000000000	 48.0000000000	 48.0000000000	 42.0000000000	  0.0000000000	  0.0000000000	  0.0000000000	  0.0985850458	 27.7604275448	1183811.1727205040	-51.5096276784	929.0713258764	89299.9643841717
  0.0952452737	  0.9834852342	681.9145886666	29851.0000000000	47619.0000000000	48780.0000000000	 72.0000000000	 48.0000000000	 42.0000000000	  0.0000000000	  0.0000000000	  0.0000000000	  0.1147212807	 16.1263494051	550191.6547249865	-246.9758216721	-545.5172965608	-91958.4109024873
  0.1019009257	  1.0172091745	684.1994322451	37736.0000000000	58824.0000000000	90909.0000000000	 54.0000000000	 36.0000000000	 24.0000000000	  0.0000000000	  0.0000000000	  0.0000000000	  0.0978788120	 18.8338525564	1352273.4316051365	-100.4288615254	-288.6272656054	-16657.9635312944
  0.0975205975	  0.9984308680	687.2128756133	25974.0000000000	80000.0000000000	90909.0000000000	 78.0000000000	 30.0000000000	 24.0000000000	  0.0000000000	  0.0000000000	  0.0000000000	  0.1034287778	 14.8432660725	1457089.4190418969	-368.4880812489	 80.9573967217	-16260.9622752665
  0.0968228261	  0.9969646503	686.6128387233	25316.0000000000	66667.0000000000	90909.0000000000	 84.0000000000	 36.0000000000	 24.0000000000	  0.0000000000	  0.0000000000	  0.0000000000	  0.0912746291	 13.1893093788	784773.4077924740	-376.2876050976	159.6390408965	13265.8564432319
  0.1012060121	  0.9526552281	683.3159058081	33333.0000000000	57143.0000000000	90909.0000000000	 66.0000000000	 36.0000000000	 24.0000000000	  0.0000000000	  0.0000000000	  0.0000000000	  0.1009418643	 12.5105627397	574044.4865778683	-153.1617888000	-265.2962366718	10930.4402969613
  0.0996761307	  1.0215313884	685.3963149842	35714.0000000000	66667.0000000000	47619.0000000000	 60.0000000000	 36.0000000000	 48.0000000000	  0.0000000000	  0.0000000000	  0.0000000000	  0.1046121007	 23.1427835346	1566735.8365913432	-124.5469569868	195.3830437420	167169.1000046861
  0.0993125000	  0.9893766915	683.4119379799	40000.0000000000	125000.0000000000	90909.0000000000	 54.0000000000	 18.0000000000	 24.0000000000	  0.0000000000	  0.0000000000	  0.0000000000	  0.0654405040	 20.7921373128	1272917.1918426612	 64.8947138422	-19.7582769565	-17214.6073001285
  0.1022093522	  0.9877998900	678.2798661083	60606.0000000000	32787.0000000000	90909.0000000000	 36.0000000000	 66.0000000000	 24.0000000000	  0.0000000000	  0.0000000000	  0.0000000000	  0.0786207053	 10.7956376818	2518855.8851724886	-16.2964626058	1650.7305453730	24217.9706571677
  0.0987511483	  1.0292699238	681.7288103820	38462.0000000000	39216.0000000000	68966.0000000000	 54.0000000000	 54.0000000000	 30.0000000000	  0.0000000000	  0.0000000000	  0.0000000000	  0.0810839374	 23.1452955087	1107425.2924299762	 86.1497460246	-1283.8899008778	40426.6284504671
  0.1010527749	  0.9966605350	682.1253039582	46512.0000000000	47619.0000000000	86957.0000000000	 48.0000000000	 48.0000000000	 24.0000000000	  0.0000000000	  0.0000000000	  0.0000000000	  0.0939107020	 20.8939515350	656583.4471448043	-46.8271091473	-646.2354548908	12945.1565561410
  0.1024215973	  1.0163462824	683.6976592790	46512.0000000000	43478.0000000000	55556.0000000000	 48.0000000000	 48.0000000000	 42.0000000000	  0.0000000000	  0.0000000000	  0.0000000000	  0.0905736482	 13.5123052063	1005569.8311471055	 44.1662099320	719.5407532257	77631.5729750435
  0.0991581266	  1.0174311058	696.9149098098	35714.0000000000	43478.0000000000	74074.0000000000	 60.0000000000	 48.0000000000	 30.0000000000	  0.0000000000	  0.0000000000	  0.0000000000	  0.0862850906	 16.4664660590	1388287.0950238667	-113.6669817672	-757.1155873486	-35322.4047713632
  0.1013716014	  0.9670049013	678.5824990666	37037.0000000000	43478.0000000000	71429.0000000000	 60.0000000000	 48.0000000000	 30.0000000000	  0.0000000000	  0.0000000000	  0.0000000000	  0.1056329851	  9.3112176407	996553.0121617705	-109.4275123012	-566.6681055516	33166.0321611031
  0.0951647016	  0.9783194752	693.1473903373	44444.0000000000	52632.0000000000	45455.0000000000	 48.0000000000	 42.0000000000	 48.0000000000	  0.0000000000	  0.0000000000	  0.0000000000	  0.0845078630	 19.3581724079	1039020.2751119288	 50.9162441180	416.2756825303	-168827.2309739391
  0.1001281001	  1.0385073084	691.0109118488	47619.0000000000	105263.0000000000	52632.0000000000	 48.0000000000	 24.0000000000	 42.0000000000	  0.0000000000	  0.0000000000	  0.0000000000	  0.1084697465	 28.2063549551	1674658.1760094741	 47.0025975522	 42.7895526512	121024.6263108481
  0.0958848996	  1.0046461259	682.4836902100	29412.0000000000	43478.0000000000	80000.0000000000	 72.0000000000	 48.0000000000	 30.0000000000	  0.0000000000	  0.0000000000	  0.0000000000	  0.0937905574	  8.9881868911	1591126.1790056122	-230.3960090743	564.9718193124	27708.9306670471
  0.1001656002	  0.9838649658	691.6055352521	37037.0000000000	42553.0000000000	54054.0000000000	 60.0000000000	 48.0000000000	 42.0000000000	  0.0000000000	  0.0000000000	  0.0000000000	  0.1012941952	 18.8439502443	1205938.2788951632	105.2203697890	916.3611994235	96505.5016132331
  0.0995426678	  1.0381986223	683.9426677687	57143.0000000000	41667.0000000000	46512.0000000000	 36.0000000000	 54.0000000000	 48.0000000000	  0.0000000000	  0.0000000000	  0.0000000000	  0.1193729215	 11.8202915827	1303957.0472519672	-26.0351002217	-778.9157197366	-166546.1929816251
  0.1006941007	  0.9929031770	680.6528583395	30303.0000000000	51282.0000000000	60606.0000000000	 72.0000000000	 42.0000000000	 36.0000000000	  0.0000000000	  0.0000000000	  0.0000000000	  0.1015099127	 11.8918100619	1750379.0178095908	-210.2101190433	371.7057073450	-81455.2989249765
  0.1000790839	  0.9908348499	684.8986029442	30769.0000000000	55556.0000000000	66667.0000000000	 66.0000000000	 42.0000000000	 36.0000000000	  0.0000000000	  0.0000000000	  0.0000000000	  0.1035084278	 41.0480552573	1441481.2174646463	200.1672405846	529.5997887907	-48717.8926463293
  0.0927290727	  1.0377201026	681.1574111930	36364.0000000000	51282.0000000000	125000.0000000000	 60.0000000000	 42.0000000000	 18.0000000000	  0.0000000000	  0.0000000000	  0.0000000000	  0.1279968278	 24.0533980863	661224.9981186617	-125.7364619756	503.3511960146	4275.9593001305
  0.1058100636	  0.9817971736	688.7029229834	38462.0000000000	37037.0000000000	47619.0000000000	 54.0000000000	 60.0000000000	 48.0000000000	  0.0000000000	  0.0000000000	  0.0000000000	  0.0884885764	 14.9228977898	806964.2626623544	 89.6228744795	-1307.7554043235	-124456.4224984938
  0.1010188687	  1.0030845286	682.4795126792	32258.0000000000	55556.0000000000	45455.0000000000	 66.0000000000	 42.0000000000	 48.0000000000	  0.0000000000	  0.0000000000	  0.0000000000	  0.1083428290	 14.6826454610	840738.0347071948	-174.5646315262	302.3614581578	144433.8323598060
  0.0972510973	  0.9904744927	681.4634257609	47619.0000000000	39216.0000000000	41667.0000000000	 48.0000000000	 54.0000000000	 54.0000000000	  0.0000000000	  0.0000000000	  0.0000000000	  0.1022684474	 21.5546133035	1473005.8791889637	 45.3001796281	-1260.9523588427	-276593.3955810966
  0.0980518823	  0.9880005723	679.0327658395	26316.0000000000	47619.0000000000	45455.0000000000	 78.0000000000	 48.0000000000	 48.0000000000	  0.0000000000	  0.0000000000	  0.0000000000	  0.0764957431	 18.8463493009	929194.2033063986	305.7064810075	584.3615172461	152054.7450149602
  0.0981433490	  0.9908108278	686.4352476252	27397.0000000000	68966.0000000000	48780.0000000000	 78.0000000000	 30.0000000000	 42.0000000000	  0.0000000000	  0.0000000000	  0.0000000000	  0.1048866826	 25.5707430875	678327.1525206579	-306.4349803469	-196.7206219950	-101702.5389128303
  0.1065551476	  0.9935362132	692.9412994747	41667.0000000000	71429.0000000000	57143.0000000000	 54.0000000000	 30.0000000000	 36.0000000000	  0.0000000000	  0.0000000000	  0.0000000000	  0.0612858030	 13.4056021201	1126283.5900086379	 54.2210246369	117.9351913601	-77748.6011611013
  0.1046698603	  1.0104573881	684.1128373945	29851.0000000000	52632.0000000000	50000.0000000000	 72.0000000000	 42.0000000000	 42.0000000000	  0.0000000000	  0.0000000000	  0.0000000000	  0.1263089998	 34.4147253716	1928145.3835453859	-254.2645134089	588.6652529999	160625.2776747369
  0.1000071999	  0.9424653457	685.0896714004	55556.0000000000	666667.0000000000	90909.0000000000	 42.0000000000	  6.0000000000	 24.0000000000	  0.0000000000	  0.0000000000	  0.0000000000	  0.1016717813	 20.7004632049	1448216.2235180996	-24.9481108253	  0.0382417628	-16940.4153672989
  0.0985590144	  0.9944257899	690.8185879470	36364.0000000000	50000.0000000000	52632.0000000000	 60.0000000000	 42.0000000000	 42.0000000000	  0.0000000000	  0.0000000000	  0.0000000000	  0.1030877150	 25.0799693787	1855163.1586829517	117.9982218408	-563.2227767835	-128952.0029733348
  0.1006550281	  1.0156172534	684.8382518386	46512.0000000000	66667.0000000000	55556.0000000000	 48.0000000000	 36.0000000000	 42.0000000000	  0.0000000000	  0.0000000000	  0.0000000000	  0.0977670444	 17.5068684861	1288389.4925995318	 45.5354660401	-184.0441054665	89846.9711921706
  0.0958354334	  0.9775901446	682.2261669066	35714.0000000000	43478.0000000000	41667.0000000000	 60.0000000000	 48.0000000000	 54.0000000000	  0.0000000000	  0.0000000000	  0.0000000000	  0.0944343124	 15.4583438809	1004583.4330176865	114.6053009888	722.8432285939	223096.8126135766
  0.0977428045	  0.9704515550	686.9527248067	166667.0000000000	71429.0000000000	58824.0000000000	 18.0000000000	 30.0000000000	 36.0000000000	  0.0000000000	  0.0000000000	  0.0000000000	  0.0999823127	 17.4525067708	1073502.5252190677	  0.5944119006	146.8917736118	-70668.9755597552
  0.0960683461	  1.0171056067	692.9758761830	74074.0000000000	58824.0000000000	80000.0000000000	 30.0000000000	 36.0000000000	 30.0000000000	  0.0000000000	  0.0000000000	  0.0000000000	  0.0855539358	 20.6017498062	1454780.8494671842	 -8.1101908888	-301.6847125906	28595.0142817216
  0.0969514744	  1.0069136573	688.3736942618	35088.0000000000	58824.0000000000	71429.0000000000	 60.0000000000	 36.0000000000	 30.0000000000	  0.0000000000	  0.0000000000	  0.0000000000	  0.1086874417	 15.3065472475	992726.9709784479	-133.5416841406	-256.1112304655	-35313.6314086542
  0.0941932318	  0.9631456476	689.2080178809	43478.0000000000	42553.0000000000	51282.0000000000	 48.0000000000	 48.0000000000	 42.0000000000	  0.0000000000	  0.0000000000	  0.0000000000	  0.0835739779	 11.5072783723	952230.2682381929	 55.8502256151	679.3184380402	-100330.8657752010
  0.1002678503	  1.0436626145	686.5780886334	60606.0000000000	71429.0000000000	62500.0000000000	 36.0000000000	 30.0000000000	 36.0000000000	  0.0000000000	  0.0000000000	  0.0000000000	  0.1025697954	 12.8666848194	918056.9562389331	 18.6992955788	118.5345459052	-53327.4345784755
  0.1003111296	  1.0342045851	684.4053841796	38462.0000000000	48780.0000000000	60606.0000000000	 54.0000000000	 42.0000000000	 36.0000000000	  0.0000000000	  0.0000000000	  0.0000000000	  0.1272331218	 16.3517349990	787323.5322470703	-101.8137885884	506.9093365747	52852.8668471891
  0.1057381792	  1.0067232207	693.9794830621	35714.0000000000	64516.0000000000	71429.0000000000	 60.0000000000	 36.0000000000	 30.0000000000	  0.0000000000	  0.0000000000	  0.0000000000	  0.0765173537	 16.6576155007	995653.0986013283	-104.4359975354	-205.6203857352	31832.1629286587
  0.1009551924	  1.0031674923	682.7754952717	27778.0000000000	66667.0000000000	55556.0000000000	 78.0000000000	 36.0000000000	 42.0000000000	  0.0000000000	  0.0000000000	  0.0000000000	  0.1224288029	 20.2210432028	910259.6531281865	-320.5609809936	199.5460393801	-80791.2947637894
  0.1060858487	  0.9947319629	687.3461535963	40816.0000000000	117647.0000000000	100000.0000000000	 54.0000000000	 18.0000000000	 24.0000000000	  0.0000000000	  0.0000000000	  0.0000000000	  0.1073256588	 22.7211832340	1003085.5638715335	-77.9532466155	-30.3854218439	-11053.8884924491
  0.0998827009	  0.9910894242	686.4252154747	39216.0000000000	50000.0000000000	43478.0000000000	 54.0000000000	 42.0000000000	 48.0000000000	  0.0000000000	  0.0000000000	  0.0000000000	  0.0943919828	 13.0188236013	911539.2813571681	 83.6107505921	440.1785066357	184306.4274795816
  0.1046307773	  0.9927529476	685.6689996783	29851.0000000000	50000.0000000000	68966.0000000000	 72.0000000000	 42.0000000000	 30.0000000000	  0.0000000000	  0.0000000000	  0.0000000000	  0.0944663516	 25.9475973426	1149927.7861368319	219.3485329281	-578.4493837165	-41166.1749023879
  0.0971882225	  1.0654206626	686.5142029624	29412.0000000000	48780.0000000000	58824.0000000000	 72.0000000000	 42.0000000000	 36.0000000000	  0.0000000000	  0.0000000000	  0.0000000000	  0.0955582272	 19.7651766689	1476310.9450354560	-233.7254482437	-571.9151164831	-76694.3735457198
  0.1045109139	  0.9691969619	685.5346129730	39216.0000000000	38462.0000000000	153846.0000000000	 54.0000000000	 54.0000000000	 18.0000000000	  0.0000000000	  0.0000000000	  0.0000000000	  0.0853954929	  8.8041199883	849915.4515146198	 80.2118259492	-864.3289877174	1918.7506282770
  0.0949840502	  0.9933826094	686.7426372282	36364.0000000000	117647.0000000000	58824.0000000000	 60.0000000000	 18.0000000000	 36.0000000000	  0.0000000000	  0.0000000000	  0.0000000000	  0.0916268737	 13.9173564466	876098.8836931272	105.6340637027	 22.4203477797	-63705.0189694015
  0.1006688507	  1.0173463750	690.4017576860	31746.0000000000	54054.0000000000	57143.0000000000	 66.0000000000	 42.0000000000	 36.0000000000	  0.0000000000	  0.0000000000	  0.0000000000	  0.0896475488	 19.6815507004	1426485.9872900231	168.5873039242	-397.0133376795	-83549.7873632407
  0.0983666667	  0.9803378689	686.1055779350	40000.0000000000	83333.0000000000	153846.0000000000	 54.0000000000	 30.0000000000	 18.0000000000	  0.0000000000	  0.0000000000	  0.0000000000	  0.1015321437	 25.3287260008	1062775.0091472978	 82.9270984492	102.2552016515	2110.9026471505
  0.1012340117	  0.9694326836	683.0508957967	37736.0000000000	54054.0000000000	45455.0000000000	 54.0000000000	 42.0000000000	 48.0000000000	  0.0000000000	  0.0000000000	  0.0000000000	  0.0899778293	 29.3890534271	1296840.0545103028	-90.9855233687	503.7977979209	186135.3218754295
  0.0915435915	  0.9816831350	691.8760046805	37037.0000000000	52632.0000000000	47619.0000000000	 60.0000000000	 42.0000000000	 48.0000000000	  0.0000000000	  0.0000000000	  0.0000000000	  0.0993632028	 16.4713290989	675651.8221526401	103.7592864007	-408.2754358908	113880.3642754453
  0.1000125000	  0.9533499135	684.1690854732	40000.0000000000	80000.0000000000	100000.0000000000	 54.0000000000	 30.0000000000	 24.0000000000	  0.0000000000	  0.0000000000	  0.0000000000	  0.1037541013	 26.7497308263	807727.2242076739	 82.4817632339	111.2889136434	9384.7081501045
  0.0968709687	  0.9972854860	689.2324123641	33333.0000000000	80000.0000000000	58824.0000000000	 66.0000000000	 30.0000000000	 36.0000000000	  0.0000000000	  0.0000000000	  0.0000000000	  0.0850766825	 11.2743180196	1784209.0199695555	-142.9954704945	 70.9990772408	-85634.1094213646
  0.1014833115	  0.9930988014	680.9047822209	32787.0000000000	80000.0000000000	68966.0000000000	 66.0000000000	 30.0000000000	 30.0000000000	  0.0000000000	  0.0000000000	  0.0000000000	  0.0885644936	 27.6459182146	1571712.9707063485	148.9835373255	-124.7700354222	47773.9196340385
  0.0920712634	  1.0250158789	691.4147523974	29412.0000000000	55556.0000000000	52632.0000000000	 72.0000000000	 42.0000000000	 42.0000000000	  0.0000000000	  0.0000000000	  0.0000000000	  0.0822112464	  8.7131653896	1650119.0005898306	-212.8877366038	-243.8807757301	129887.4177906065
  0.1048118548	  1.0150963025	686.0795843404	54054.0000000000	100000.0000000000	100000.0000000000	 42.0000000000	 24.0000000000	 24.0000000000	  0.0000000000	  0.0000000000	  0.0000000000	  0.1087505405	 19.2596722397	1442702.3408060204	 29.6040395006	-45.0297633516	-11869.2841541972
  0.0976800977	  0.9959148367	686.4394674994	30303.0000000000	80000.0000000000	95238.0000000000	 72.0000000000	 30.0000000000	 24.0000000000	  0.0000000000	  0.0000000000	  0.0000000000	  0.0968872241	 22.6037478827	676223.5775097758	212.6878750535	111.2184019472	-9565.0908547539
  0.0958067335	  1.0366756414	684.8396205285	35088.0000000000	36364.0000000000	125000.0000000000	 60.0000000000	 60.0000000000	 18.0000000000	  0.0000000000	  0.0000000000	  0.0000000000	  0.0784775705	 10.1318685246	925854.7053414674	116.0954930328	1123.1251982338	-4397.1502807808
  0.1044166667	  1.0066542461	689.5893136850	50000.0000000000	62500.0000000000	222222.0000000000	 42.0000000000	 36.0000000000	 12.0000000000	  0.0000000000	  0.0000000000	  0.0000000000	  0.0731916348	  9.9349926725	974000.4877659447	 31.3181463591	-166.9672904295	-566.3391686884
  0.1026666667	  1.0392312588	684.0708518723	62500.0000000000	58824.0000000000	166667.0000000000	 36.0000000000	 36.0000000000	 18.0000000000	  0.0000000000	  0.0000000000	  0.0000000000	  0.0884028462	 10.4785674275	1765052.9672582988	-15.4955843544	-218.7533848753	-2207.3271471081
  0.0989918490	  0.9762202458	679.1993011937	60606.0000000000	62500.0000000000	50000.0000000000	 36.0000000000	 36.0000000000	 42.0000000000	  0.0000000000	  0.0000000000	  0.0000000000	  0.0940720446	 12.8366409467	990341.3685542933	 18.8672505834	184.4710353308	117630.9798865911
  0.1016180225	  0.9739385589	688.0866097711	28986.0000000000	43478.0000000000	62500.0000000000	 72.0000000000	 48.0000000000	 36.0000000000	  0.0000000000	  0.0000000000	  0.0000000000	  0.0816733606	 12.1454242800	1644838.8539222933	-229.4961311522	-643.0327038544	-71381.7058844667
  0.0974501129	  1.0108551546	688.5233515774	35714.0000000000	50000.0000000000	117647.0000000000	 60.0000000000	 42.0000000000	 18.0000000000	  0.0000000000	  0.0000000000	  0.0000000000	  0.0791077021	 16.1448198477	1498083.4977522518	-106.3854147844	462.0201350940	6522.2463309826
  0.1031211750	  0.9689371293	684.7892967553	29412.0000000000	74074.0000000000	153846.0000000000	 72.0000000000	 30.0000000000	 18.0000000000	  0.0000000000	  0.0000000000	  0.0000000000	  0.1041793594	 16.6081891586	1587263.0716456934	244.1083858486	-118.3589671689	-2801.8772765709
  0.0905520906	  1.0167938762	677.7389792521	60606.0000000000	55556.0000000000	62500.0000000000	 36.0000000000	 42.0000000000	 36.0000000000	  0.0000000000	  0.0000000000	  0.0000000000	  0.0810877581	 28.8581899217	1184799.5802124904	-17.7533563162	-439.4447407979	-58017.9380007494
  0.0976089691	  0.9694508933	684.4393490449	39216.0000000000	41667.0000000000	58824.0000000000	 54.0000000000	 54.0000000000	 36.0000000000	  0.0000000000	  0.0000000000	  0.0000000000	  0.1029473152	 14.1029854454	988228.2015743918	 86.7499860440	802.0647658241	65535.1994954793
  0.0978300271	  0.9779030821	684.2597309682	26667.0000000000	71429.0000000000	90909.0000000000	 78.0000000000	 30.0000000000	 24.0000000000	  0.0000000000	  0.0000000000	  0.0000000000	  0.0942274372	 34.2082213042	1781047.0672752205	316.4775903690	189.8251820324	-20229.4636717300
  0.1003674954	  0.9860583513	681.4157698698	26667.0000000000	47619.0000000000	142857.0000000000	 78.0000000000	 48.0000000000	 18.0000000000	  0.0000000000	  0.0000000000	  0.0000000000	  0.0950672198	 17.1830542978	1510087.9719553643	-325.0118392233	589.3114656764	4079.6464204044
  0.0977872177	  1.0432337148	688.7347128491	41667.0000000000	40000.0000000000	58824.0000000000	 54.0000000000	 54.0000000000	 36.0000000000	  0.0000000000	  0.0000000000	  0.0000000000	  0.0681406976	 17.9176299582	906886.0032054889	 58.8086316299	-1117.9501548279	62083.0421909298
  0.1024460084	  0.9966831189	685.1171830947	28986.0000000000	66667.0000000000	200000.0000000000	 72.0000000000	 36.0000000000	 12.0000000000	  0.0000000000	  0.0000000000	  0.0000000000	  0.0781877539	  6.5555231826	1211106.1692752361	-219.0059795914	108.3360926302	-978.6133412999
  0.1020687926	  1.0183979362	688.6535278434	42553.0000000000	43478.0000000000	62500.0000000000	 48.0000000000	 48.0000000000	 36.0000000000	  0.0000000000	  0.0000000000	  0.0000000000	  0.1139718458	 29.1317708185	679000.6690574628	 67.3835256823	1007.3756009826	46233.9725973122
  0.0924054059	  1.0020401412	683.3590597990	35714.0000000000	39216.0000000000	58824.0000000000	 60.0000000000	 54.0000000000	 36.0000000000	  0.0000000000	  0.0000000000	  0.0000000000	  0.0886163381	  8.8087448723	690042.5094448901	116.0162382157	809.3514751659	53522.7369750000
  0.1025256025	  1.0144496889	684.7828609585	30303.0000000000	48780.0000000000	117647.0000000000	 72.0000000000	 42.0000000000	 18.0000000000	  0.0000000000	  0.0000000000	  0.0000000000	  0.0899617420	 15.4822940521	909584.2762993240	197.3503890574	518.5496297688	5487.1091414491
  0.0953497748	  0.9833287325	691.0623963073	33898.0000000000	51282.0000000000	68966.0000000000	 60.0000000000	 42.0000000000	 30.0000000000	  0.0000000000	  0.0000000000	  0.0000000000	  0.0824183965	  9.7261851058	1341964.7092929725	-132.9418712239	333.0670582698	44307.4837178841
