  0.0968103551	  1.0021161048	690.2105955451	70175.0000000000	125000.0000000000	80000.0000000000	 60.0000000000	 36.0000000000	 54.0000000000	  0.0000000000	  0.0000000000	  0.0000000000	  0.1031198080	 26.4583101804	1743921.9688101148	 91.7174804237	-199.1565559520	234838.8897943560
  0.0982443640	  0.9910358946	687.4234603992	53333.0000000000	125000.0000000000	166667.0000000000	 78.0000000000	 36.0000000000	 30.0000000000	  0.0000000000	  0.0000000000	  0.0000000000	  0.0988719185	  9.9406268428	968896.2986404930	235.9382010379	117.3294688879	13074.2322016634
  0.1001211593	  0.9770524832	685.6855516135	59701.0000000000	142857.0000000000	266667.0000000000	 72.0000000000	 30.0000000000	 18.0000000000	  0.0000000000	  0.0000000000	  0.0000000000	  0.0823175921	 13.1166230125	1212682.7840986364	-141.5898043897	-83.2754697255	3077.3438936423
  0.1015236015	  1.0007159566	684.6240118675	51282.0000000000	117647.0000000000	166667.0000000000	 84.0000000000	 36.0000000000	 30.0000000000	  0.0000000000	  0.0000000000	  0.0000000000	  0.0942953191	 15.5612600202	1201612.8110177515	-260.8565645991	-179.2654073115	16135.8337137163
  0.1018769906	  0.9826122530	689.5573601333	66667.0000000000	86957.0000000000	363636.0000000000	 66.0000000000	 48.0000000000	 12.0000000000	  0.0000000000	  0.0000000000	  0.0000000000	  0.0810756440	 14.0862636530	849835.5035442539	-96.3685561866	519.6107398942	-852.2051311437
  0.1034886206	  0.9962027113	685.8287711212	88889.0000000000	160000.0000000000	117647.0000000000	 48.0000000000	 30.0000000000	 36.0000000000	  0.0000000000	  0.0000000000	  0.0000000000	  0.0795400301	 29.9041165668	850642.5623238075	 35.0271078062	 86.6416980805	41538.3380541911
  0.1024466609	  0.9974257276	692.5383972158	43011.0000000000	100000.0000000000	121212.0000000000	 96.0000000000	 42.0000000000	 36.0000000000	  0.0000000000	  0.0000000000	  0.0000000000	  0.0697768742	 10.4709691037	1486454.2455120562	420.9622596923	-273.1900178734	50698.6940426502
  0.1037962200	  0.9994519753	689.2365284940	65574.0000000000	86957.0000000000	105263.0000000000	 66.0000000000	 48.0000000000	 42.0000000000	  0.0000000000	  0.0000000000	  0.0000000000	  0.0863180231	 15.2480078958	1387304.3295770437	107.9847972898	-535.8948211374	79829.9841469888
  0.0940845457	  1.0059626123	690.8829354843	65574.0000000000	97561.0000000000	181818.0000000000	 66.0000000000	 42.0000000000	 24.0000000000	  0.0000000000	  0.0000000000	  0.0000000000	  0.0873042581	 22.5402590339	1275391.8345979773	-105.5962929014	410.5950434982	-12016.6386729242
  0.1027194864	  0.9922599509	690.5747074974	66667.0000000000	75472.0000000000	114286.0000000000	 66.0000000000	 54.0000000000	 36.0000000000	  0.0000000000	  0.0000000000	  0.0000000000	  0.0849244153	 20.6812623326	1397935.0527535898	-101.2973700107	-1031.4565851306	-58548.9943732385
  0.1034795934	  1.0011195127	685.6551461554	56338.0000000000	97561.0000000000	90909.0000000000	 72.0000000000	 42.0000000000	 48.0000000000	  0.0000000000	  0.0000000000	  0.0000000000	  0.1049766958	 22.3545096583	932236.9146770485	-203.3365569366	435.8319536552	113809.4616634716
  0.0976083601	  0.9864374326	686.7385705847	70175.0000000000	76923.0000000000	166667.0000000000	 60.0000000000	 54.0000000000	 30.0000000000	  0.0000000000	  0.0000000000	  0.0000000000	  0.0929974720	 17.7609560096	1233620.0415696520	 84.4519658211	880.3224629108	-15414.0887621256
  0.0965349585	  1.0073442310	686.4711360924	78431.0000000000	133333.0000000000	97561.0000000000	 54.0000000000	 36.0000000000	 42.0000000000	  0.0000000000	  0.0000000000	  0.0000000000	  0.0889509812	  8.7568023833	1080460.5735573997	 56.7643472272	 92.6112006536	93876.1884788829
  0.1047848548	  1.0079642885	685.5324475086	63492.0000000000	111111.0000000000	102564.0000000000	 66.0000000000	 42.0000000000	 42.0000000000	  0.0000000000	  0.0000000000	  0.0000000000	  0.1022823930	 17.5185899739	1165259.5641657417	130.2487327747	-242.6325846406	-81597.7956131567
  0.1036106667	  0.9807218936	687.6762715449	62500.0000000000	235294.0000000000	121212.0000000000	 66.0000000000	 18.0000000000	 36.0000000000	  0.0000000000	  0.0000000000	  0.0000000000	  0.1094476127	 17.7388199547	929025.4119416828	142.0615724107	 16.2996060963	40927.1309328918
  0.1009849620	  0.9837533013	685.9342742101	72727.0000000000	137931.0000000000	114286.0000000000	 60.0000000000	 30.0000000000	 36.0000000000	  0.0000000000	  0.0000000000	  0.0000000000	  0.1135734780	 21.5127949248	871486.2072636265	 84.8829175457	-129.5979483227	-49519.5059870875
  0.0986884320	  1.0331975039	696.5521901861	90909.0000000000	64516.0000000000	102564.0000000000	 48.0000000000	 66.0000000000	 42.0000000000	  0.0000000000	  0.0000000000	  0.0000000000	  0.0618094449	  5.8559219137	808311.1133612939	-28.1604640081	-917.2459386162	-68796.9060057153
  0.0985320985	  0.9997479765	685.6938143631	63492.0000000000	95238.0000000000	97561.0000000000	 66.0000000000	 48.0000000000	 42.0000000000	  0.0000000000	  0.0000000000	  0.0000000000	  0.1078161283	 23.4866418487	951546.0648781908	135.3451217241	471.2675162111	86330.5142968153
  0.0987730015	  1.0039194045	682.8074646659	88889.0000000000	78431.0000000000	80000.0000000000	 48.0000000000	 54.0000000000	 54.0000000000	  0.0000000000	  0.0000000000	  0.0000000000	  0.1113792363	 10.8943227791	910094.7792587414	-41.9849399436	630.4100850302	174723.4877363745
  0.0946125000	  0.9941977901	679.9242907818	80000.0000000000	68966.0000000000	93023.0000000000	 54.0000000000	 60.0000000000	 48.0000000000	  0.0000000000	  0.0000000000	  0.0000000000	  0.0835096928	  5.4511946420	986263.0972738751	 51.5012957984	707.7708150672	102087.5176874788
  0.0962019933	  1.0369844589	687.8394339223	68966.0000000000	81633.0000000000	85106.0000000000	 60.0000000000	 54.0000000000	 48.0000000000	  0.0000000000	  0.0000000000	  0.0000000000	  0.0932243862	 14.1698657001	879795.1429923110	 90.9558831228	-650.7827604316	-138808.6537496595
  0.0957620398	  0.9985152159	683.1044574483	65574.0000000000	76923.0000000000	95238.0000000000	 66.0000000000	 54.0000000000	 48.0000000000	  0.0000000000	  0.0000000000	  0.0000000000	  0.0680720500	 17.5148355440	748070.5313974784	 97.0697019882	-864.1374170909	-88091.9916837298
  0.0998183832	  1.0096852872	683.3000516042	117647.0000000000	88889.0000000000	111111.0000000000	 36.0000000000	 48.0000000000	 42.0000000000	  0.0000000000	  0.0000000000	  0.0000000000	  0.1098915898	 19.8995563941	1612855.1289202517	-15.5245698808	-562.4464673415	74011.2566979199
  0.1005367957	  0.9696524617	689.9457368915	61538.0000000000	83333.0000000000	117647.0000000000	 66.0000000000	 54.0000000000	 36.0000000000	  0.0000000000	  0.0000000000	  0.0000000000	  0.0988003612	 23.6491006542	1333358.9441815277	138.8161136337	-764.1069881666	52178.4934959982
  0.0971136286	  0.9960599519	681.8239522527	88889.0000000000	400000.0000000000	173913.0000000000	 48.0000000000	 12.0000000000	 24.0000000000	  0.0000000000	  0.0000000000	  0.0000000000	  0.0818702829	 19.5069396573	662037.0285357457	 35.9000056914	 -2.8912045404	9482.2689586369
  0.0995059969	  1.0098988067	682.3714280869	70175.0000000000	74074.0000000000	111111.0000000000	 60.0000000000	 60.0000000000	 42.0000000000	  0.0000000000	  0.0000000000	  0.0000000000	  0.1331418569	 31.2596531898	1453390.2030467356	-103.1080358169	-1346.8960213369	-66855.9376275162
  0.1016697246	  1.0155521663	688.0679313227	97561.0000000000	67797.0000000000	88889.0000000000	 42.0000000000	 60.0000000000	 48.0000000000	  0.0000000000	  0.0000000000	  0.0000000000	  0.1394705773	 29.5763181433	1575664.6586377965	 32.4710204721	1711.0355953432	153129.0550030640
  0.1002291087	  1.0018328662	678.5982376896	210526.0000000000	71429.0000000000	105263.0000000000	 24.0000000000	 60.0000000000	 42.0000000000	  0.0000000000	  0.0000000000	  0.0000000000	  0.1273261649	 24.6516992648	859318.4841507281	 -2.2832320399	1307.5600853188	-63068.3148407612
  0.0967674194	  0.9867857003	687.8445653413	71429.0000000000	100000.0000000000	100000.0000000000	 60.0000000000	 42.0000000000	 42.0000000000	  0.0000000000	  0.0000000000	  0.0000000000	  0.0706369950	 14.8152229974	1089756.1964960934	 70.2067208363	313.0714405541	82924.5225559587
  0.1014812500	  0.9872615928	684.2423396806	80000.0000000000	80000.0000000000	160000.0000000000	 54.0000000000	 54.0000000000	 30.0000000000	  0.0000000000	  0.0000000000	  0.0000000000	  0.0979146576	 18.1693142089	974547.7134449580	-57.5888034632	788.1117967226	15731.7366081353
  0.1019566020	  1.0149469605	686.9591290025	148148.0000000000	102564.0000000000	148148.0000000000	 30.0000000000	 42.0000000000	 30.0000000000	  0.0000000000	  0.0000000000	  0.0000000000	  0.0869050576	 14.8618898786	1343274.6418275819	 -6.3698951074	-290.1136058914	23667.2536555054
  0.0999761665	  0.9918194717	682.0574908367	61538.0000000000	97561.0000000000	108108.0000000000	 66.0000000000	 42.0000000000	 42.0000000000	  0.0000000000	  0.0000000000	  0.0000000000	  0.0907390995	 21.7038447802	1449918.2336789435	133.1315469980	-427.9908981651	76765.6879028283
  0.0943053860	  0.9872676911	685.1931482182	108108.0000000000	71429.0000000000	95238.0000000000	 42.0000000000	 60.0000000000	 48.0000000000	  0.0000000000	  0.0000000000	  0.0000000000	  0.1349026998	 21.1315227294	1060175.7643604912	-23.3396581205	1197.6826320628	-101817.2779517943
  0.1014657863	  0.9944524500	686.0932499791	64516.0000000000	86957.0000000000	166667.0000000000	 66.0000000000	 48.0000000000	 30.0000000000	  0.0000000000	  0.0000000000	  0.0000000000	  0.1249599831	 20.0094233264	1071470.5958169177	-137.8978228678	614.0206398615	-14166.3655727922
  0.1013815223	  1.0026009104	691.3794780309	58824.0000000000	148148.0000000000	97561.0000000000	 72.0000000000	 30.0000000000	 42.0000000000	  0.0000000000	  0.0000000000	  0.0000000000	  0.0925686097	 21.2700833760	853577.6947012835	-158.1726014007	 91.4899677231	80109.1938022160
  0.0985408485	  1.0142401233	689.2172416998	181818.0000000000	67797.0000000000	76923.0000000000	 24.0000000000	 60.0000000000	 54.0000000000	  0.0000000000	  0.0000000000	  0.0000000000	  0.1056115789	 23.0996598971	1099795.7619651414	  3.2134764618	-1587.9853426122	-213537.8071998168
  0.1043903915	  1.0057104988	691.7317176339	72727.0000000000	97561.0000000000	114286.0000000000	 60.0000000000	 42.0000000000	 36.0000000000	  0.0000000000	  0.0000000000	  0.0000000000	  0.1101767691	 28.3895890211	1752741.8424664191	 82.5439479467	484.4046040528	-69806.6960596418
  0.1010316667	  0.9775744113	685.7113090810	100000.0000000000	81633.0000000000	108108.0000000000	 42.0000000000	 54.0000000000	 42.0000000000	  0.0000000000	  0.0000000000	  0.0000000000	  0.1001170045	 21.3945469228	1374907.2350533234	 26.9632526475	780.9159604593	-75240.1758815764
  0.1044299573	  1.0082511480	684.3115694006	44944.0000000000	93023.0000000000	117647.0000000000	 90.0000000000	 48.0000000000	 36.0000000000	  0.0000000000	  0.0000000000	  0.0000000000	  0.0908504585	 14.8350570838	963139.6496825435	401.5371791408	420.5398580356	-45003.2401163034
  0.0990643357	  0.9745210083	686.5274252880	57143.0000000000	70175.0000000000	153846.0000000000	 72.0000000000	 60.0000000000	 30.0000000000	  0.0000000000	  0.0000000000	  0.0000000000	  0.0942204537	 19.6924921645	646064.9854326332	-180.1881262849	-1230.7968635876	-15253.7054929847
  0.0957915958	  0.9940605832	687.7421019609	95238.0000000000	83333.0000000000	105263.0000000000	 48.0000000000	 54.0000000000	 42.0000000000	  0.0000000000	  0.0000000000	  0.0000000000	  0.0986367919	 20.5430468969	820709.4225454201	-30.1077856254	-685.9141147009	-61552.4550609252
  0.1009440610	  0.9933248616	689.9101468792	71429.0000000000	117647.0000000000	86957.0000000000	 60.0000000000	 36.0000000000	 48.0000000000	  0.0000000000	  0.0000000000	  0.0000000000	  0.0980272298	 35.7482465560	1269083.7167557199	 81.6278980314	292.6583378869	150537.4639281600
  0.0985171419	  0.9840029806	683.8221944912	67797.0000000000	75472.0000000000	81633.0000000000	 60.0000000000	 54.0000000000	 54.0000000000	  0.0000000000	  0.0000000000	  0.0000000000	  0.0782354543	  9.6826121402	605058.8316070366	 92.6115505786	706.0825454228	134803.2988345000
  0.0905660906	  0.9974755610	684.6396324836	95238.0000000000	95238.0000000000	111111.0000000000	 48.0000000000	 48.0000000000	 42.0000000000	  0.0000000000	  0.0000000000	  0.0000000000	  0.1021181311	 13.2276181726	1063948.1937138953	 30.3427278640	-361.0717815431	58227.0939193000
  0.1029361029	  0.9833174193	689.9391966983	111111.0000000000	97561.0000000000	125000.0000000000	 42.0000000000	 42.0000000000	 36.0000000000	  0.0000000000	  0.0000000000	  0.0000000000	  0.0946888451	 20.7694831458	854381.7604078270	-16.7792861453	-405.8265832730	34762.6788018268
  0.1030161759	  0.9751435891	692.4338331457	55556.0000000000	72727.0000000000	125000.0000000000	 78.0000000000	 60.0000000000	 36.0000000000	  0.0000000000	  0.0000000000	  0.0000000000	  0.0710483920	 17.9313018089	626087.9532241105	-173.9090705387	-1057.7196967502	30941.4671261304
  0.1052709868	  1.0035210030	683.7885070485	57143.0000000000	93023.0000000000	117647.0000000000	 72.0000000000	 48.0000000000	 36.0000000000	  0.0000000000	  0.0000000000	  0.0000000000	  0.1168931510	 26.7931169677	806058.5958081348	196.4343809622	-544.0622889443	-43941.5578850381
  0.1004018504	  0.9632826961	684.4464694971	74074.0000000000	85106.0000000000	88889.0000000000	 60.0000000000	 48.0000000000	 48.0000000000	  0.0000000000	  0.0000000000	  0.0000000000	  0.0887267653	 21.6322310425	1154384.1001863461	 72.1650734435	668.8294899002	131141.5579056224
  0.1017227901	  0.9910866449	683.7798038302	67797.0000000000	160000.0000000000	285714.0000000000	 60.0000000000	 30.0000000000	 18.0000000000	  0.0000000000	  0.0000000000	  0.0000000000	  0.0688212133	  7.2397577582	1439712.9308555857	 85.0136657529	 40.7869397021	-2589.0448692923
  0.1005941610	  1.0336330793	686.6078941303	85106.0000000000	80000.0000000000	121212.0000000000	 48.0000000000	 54.0000000000	 36.0000000000	  0.0000000000	  0.0000000000	  0.0000000000	  0.0891736301	 11.2071513066	762429.1185993137	-42.7105851920	624.8263151423	35096.7079060049
  0.1029850000	  0.9694189324	687.8151182277	100000.0000000000	90909.0000000000	153846.0000000000	 42.0000000000	 48.0000000000	 30.0000000000	  0.0000000000	  0.0000000000	  0.0000000000	  0.1276706352	 23.8650947824	951622.5685006048	-28.4335614626	-561.9737556332	17536.5896461463
  0.0985495073	  1.0103879301	685.6053403985	66667.0000000000	160000.0000000000	125000.0000000000	 66.0000000000	 30.0000000000	 36.0000000000	  0.0000000000	  0.0000000000	  0.0000000000	  0.1131817750	 21.6779519941	932826.7867310651	-115.1389588958	-76.2128828655	-35025.8630374536
  0.1025836827	  1.0007475584	687.6787904360	97561.0000000000	129032.0000000000	83333.0000000000	 42.0000000000	 36.0000000000	 54.0000000000	  0.0000000000	  0.0000000000	  0.0000000000	  0.1018364009	 19.4392270783	1089640.5129778674	-28.9386917637	-147.5687120889	160902.1192897229
  0.1005180674	  1.0026678103	689.9445246970	105263.0000000000	111111.0000000000	111111.0000000000	 42.0000000000	 42.0000000000	 42.0000000000	  0.0000000000	  0.0000000000	  0.0000000000	  0.0996643092	 25.8132429346	939216.0496914015	-21.8214580979	290.2494139622	-58018.1083342765
  0.1034283521	  0.9960641928	689.3453967609	81633.0000000000	137931.0000000000	83333.0000000000	 54.0000000000	 30.0000000000	 54.0000000000	  0.0000000000	  0.0000000000	  0.0000000000	  0.1094461511	 23.1371929519	1003634.4718404101	-54.2395092636	135.8520477767	153906.8537712790
  0.1052958863	  1.0052675388	687.7259671900	48780.0000000000	121212.0000000000	111111.0000000000	 84.0000000000	 36.0000000000	 42.0000000000	  0.0000000000	  0.0000000000	  0.0000000000	  0.0793240549	 13.2427662738	1526019.3221101582	-282.8738687234	-145.5549922359	-73058.3489057346
  0.1016276016	  0.9945610961	686.3689966914	76923.0000000000	142857.0000000000	190476.0000000000	 54.0000000000	 30.0000000000	 24.0000000000	  0.0000000000	  0.0000000000	  0.0000000000	  0.0805231919	 14.4988107881	936077.6091126277	 60.7158479854	-85.2861949010	7738.8943277179
  0.1006928420	  0.9990397326	683.3230655874	56338.0000000000	80000.0000000000	111111.0000000000	 72.0000000000	 54.0000000000	 42.0000000000	  0.0000000000	  0.0000000000	  0.0000000000	  0.1210297520	 28.7454345643	2234676.3209899580	-209.3840101409	-961.9909313585	-86600.3501317938
  0.0988223488	  1.0150298056	688.5532824402	74074.0000000000	81633.0000000000	137931.0000000000	 60.0000000000	 54.0000000000	 30.0000000000	  0.0000000000	  0.0000000000	  0.0000000000	  0.0889305363	 10.9383513064	861130.6780223568	 71.3726933645	553.4764295254	-23622.8755190372
  0.0959581086	  1.0017206142	692.9998076841	64516.0000000000	148148.0000000000	114286.0000000000	 66.0000000000	 30.0000000000	 36.0000000000	  0.0000000000	  0.0000000000	  0.0000000000	  0.1093564885	 26.2181384380	845326.4035368881	127.7581026778	-106.6572579335	-49130.1363949022
  0.1000880326	  1.0120610164	690.6499863215	52632.0000000000	95238.0000000000	108108.0000000000	 78.0000000000	 48.0000000000	 42.0000000000	  0.0000000000	  0.0000000000	  0.0000000000	  0.0839614697	  7.4465208944	1005590.4763244088	-225.3903141391	-270.7290006715	-65595.8103954968
  0.1007173333	  0.9906659350	683.0463526723	62500.0000000000	97561.0000000000	250000.0000000000	 66.0000000000	 42.0000000000	 18.0000000000	  0.0000000000	  0.0000000000	  0.0000000000	  0.1146283107	 14.2012548837	1465659.6936807716	-148.8596656976	331.7690225252	-4479.3859084333
  0.1051648293	  0.9854856994	690.2549764604	75472.0000000000	85106.0000000000	142857.0000000000	 54.0000000000	 48.0000000000	 30.0000000000	  0.0000000000	  0.0000000000	  0.0000000000	  0.0811282279	 11.6483683154	767804.7224821027	 63.5962878784	479.3836180264	-20878.8259357483
  0.1050986884	  1.0068816957	692.7871199889	51948.0000000000	71429.0000000000	125000.0000000000	 78.0000000000	 60.0000000000	 36.0000000000	  0.0000000000	  0.0000000000	  0.0000000000	  0.0792013403	  6.6036086968	1831486.9737897746	-227.4371103777	-670.5015522106	-53305.2057455041
  0.0980910981	  1.0220019528	693.4203188454	63492.0000000000	78431.0000000000	86957.0000000000	 66.0000000000	 54.0000000000	 48.0000000000	  0.0000000000	  0.0000000000	  0.0000000000	  0.1065443637	 13.4601769245	1167890.5213478061	129.4357547542	696.9492726301	141811.6602793818
  0.1016211941	  0.9782979757	691.6201422155	54795.0000000000	72727.0000000000	153846.0000000000	 78.0000000000	 60.0000000000	 30.0000000000	  0.0000000000	  0.0000000000	  0.0000000000	  0.0839117918	 13.5055845926	504805.7237109826	-193.7645494324	940.1639655864	13301.4257641358
  0.0992012728	  0.9996614653	683.0095100006	93023.0000000000	137931.0000000000	125000.0000000000	 48.0000000000	 30.0000000000	 36.0000000000	  0.0000000000	  0.0000000000	  0.0000000000	  0.1189528169	 21.2794738535	921590.4060337467	-36.3153836110	117.2536912353	-37414.7161171247
  0.1012865426	  0.9998936183	689.9567053845	49383.0000000000	100000.0000000000	173913.0000000000	 84.0000000000	 42.0000000000	 24.0000000000	  0.0000000000	  0.0000000000	  0.0000000000	  0.0961075491	 14.8989351507	863302.6989096109	303.7222059234	-315.7717246891	11037.8731487267
  0.1002871317	  1.0024389490	690.4679063584	67797.0000000000	137931.0000000000	93023.0000000000	 60.0000000000	 30.0000000000	 48.0000000000	  0.0000000000	  0.0000000000	  0.0000000000	  0.0847346178	 22.2487266366	1199348.3246186613	 96.1279553315	124.0931192086	-116881.4975565303
  0.1069543906	  0.9823773913	681.7858626860	47059.0000000000	108108.0000000000	222222.0000000000	 90.0000000000	 42.0000000000	 24.0000000000	  0.0000000000	  0.0000000000	  0.0000000000	  0.0967685647	 27.2427000697	1639163.8129287148	354.2351937968	331.1629015730	-6281.1393010575
  0.1002886596	  1.0187991952	689.0214347783	85106.0000000000	210526.0000000000	210526.0000000000	 48.0000000000	 24.0000000000	 24.0000000000	  0.0000000000	  0.0000000000	  0.0000000000	  0.0827195068	 15.2106570092	1540118.8873215462	-41.6556419410	-23.4233295751	7569.9461512353
  0.1026385061	  0.9863148735	690.2979362063	75472.0000000000	114286.0000000000	137931.0000000000	 54.0000000000	 36.0000000000	 30.0000000000	  0.0000000000	  0.0000000000	  0.0000000000	  0.0690718331	 19.8343181205	914205.0816237997	-57.1226389727	227.2908226026	-25672.3293486094
  0.1006829211	  1.0033014623	686.2397859397	67797.0000000000	95238.0000000000	108108.0000000000	 60.0000000000	 48.0000000000	 42.0000000000	  0.0000000000	  0.0000000000	  0.0000000000	  0.0824459238	 17.1556206836	1714768.3280491042	-95.1924312466	399.6921449166	-80662.4155384285
  0.1000741001	  0.9500187477	687.7023553517	76923.0000000000	78431.0000000000	129032.0000000000	 54.0000000000	 54.0000000000	 36.0000000000	  0.0000000000	  0.0000000000	  0.0000000000	  0.1022749792	 25.5507706434	1809405.7169203334	 64.4766782895	-995.6036488741	-45042.7608593232
  0.0984349788	  1.0246504455	686.9767603025	59701.0000000000	83333.0000000000	142857.0000000000	 72.0000000000	 54.0000000000	 30.0000000000	  0.0000000000	  0.0000000000	  0.0000000000	  0.0869945378	 12.2200697020	1081409.1175115714	-149.0821990044	-543.3997546729	24091.7169048101
  0.0977902177	  1.0027058489	689.9769693038	55556.0000000000	76923.0000000000	117647.0000000000	 78.0000000000	 54.0000000000	 36.0000000000	  0.0000000000	  0.0000000000	  0.0000000000	  0.0554622271	  3.7112198402	605880.1445390692	154.7637690835	-395.2500468401	36290.9303021914
  0.1036788980	  0.9967508556	687.8897695600	70175.0000000000	117647.0000000000	137931.0000000000	 60.0000000000	 36.0000000000	 30.0000000000	  0.0000000000	  0.0000000000	  0.0000000000	  0.1183242739	 26.7464329252	838509.9908244224	-100.5945626920	249.8768189293	25181.6619439778
  0.1003966275	  0.9951228254	686.7037897282	70175.0000000000	102564.0000000000	166667.0000000000	 60.0000000000	 42.0000000000	 30.0000000000	  0.0000000000	  0.0000000000	  0.0000000000	  0.1024513866	 18.0580657878	1158566.9845464169	-93.8770628950	-318.6665405961	-15223.7102910916
  0.0997846762	  1.0089058635	681.3117899541	49383.0000000000	67797.0000000000	166667.0000000000	 84.0000000000	 60.0000000000	 30.0000000000	  0.0000000000	  0.0000000000	  0.0000000000	  0.0916622117	 12.0985306156	984719.6667710076	-291.3472850017	-1113.2402112187	13755.1187919545
  0.0949532195	  0.9680336903	689.7362046454	93023.0000000000	97561.0000000000	137931.0000000000	 48.0000000000	 42.0000000000	 30.0000000000	  0.0000000000	  0.0000000000	  0.0000000000	  0.0937301918	 20.8480135455	910748.2906517285	-32.9998154155	-408.9648951951	26932.5399110483
  0.0967911290	  0.9926311193	690.4889777046	88889.0000000000	133333.0000000000	142857.0000000000	 48.0000000000	 36.0000000000	 30.0000000000	  0.0000000000	  0.0000000000	  0.0000000000	  0.0805833561	  8.2475209371	821763.2645372668	 36.6198974229	 91.3893606004	-22678.8525908323
  0.0967830591	  0.9706421617	690.7843342440	58824.0000000000	108108.0000000000	125000.0000000000	 72.0000000000	 42.0000000000	 36.0000000000	  0.0000000000	  0.0000000000	  0.0000000000	  0.0797107514	 17.5300749206	1030843.5228355515	152.7805098388	252.3346977270	-37244.6919043464
  0.0977698611	  0.9927584063	693.8038243327	70175.0000000000	129032.0000000000	160000.0000000000	 60.0000000000	 36.0000000000	 30.0000000000	  0.0000000000	  0.0000000000	  0.0000000000	  0.0930444001	 21.3527174948	1242242.6540821749	-85.9075205134	-151.9861019533	18002.3349081956
  0.1020043283	  1.0007409065	687.0000491707	57143.0000000000	121212.0000000000	108108.0000000000	 72.0000000000	 36.0000000000	 42.0000000000	  0.0000000000	  0.0000000000	  0.0000000000	  0.1259647508	 17.6262901025	1400474.9471435747	-211.4487916837	-176.1749731653	-74395.1102923637
  0.0960260960	  0.9987780685	683.8040916335	47619.0000000000	80000.0000000000	210526.0000000000	 90.0000000000	 54.0000000000	 24.0000000000	  0.0000000000	  0.0000000000	  0.0000000000	  0.0704751491	 21.8125835306	1159591.1274348407	291.3962439672	815.2106328755	-7145.7355697913
  0.0986808607	  1.0150079206	690.5825460795	85106.0000000000	111111.0000000000	76923.0000000000	 48.0000000000	 42.0000000000	 54.0000000000	  0.0000000000	  0.0000000000	  0.0000000000	  0.0995863849	 22.7502512838	1403871.9349325248	 45.8669036083	-274.6206039311	246411.4780719203
  0.1040194374	  1.0302109614	686.8208120041	108108.0000000000	100000.0000000000	90909.0000000000	 42.0000000000	 42.0000000000	 48.0000000000	  0.0000000000	  0.0000000000	  0.0000000000	  0.1124474846	 22.8347549296	1009349.3774844933	-20.6601237396	-378.8646644461	-112982.7781029992
  0.1038255902	  0.9904551059	687.0611592827	48193.0000000000	102564.0000000000	95238.0000000000	 84.0000000000	 42.0000000000	 48.0000000000	  0.0000000000	  0.0000000000	  0.0000000000	  0.0570261650	  7.4677961674	1707944.3227309491	251.4490634617	199.9940069574	128404.1640538052
  0.0988284966	  1.0194237986	684.6367565807	81633.0000000000	88889.0000000000	100000.0000000000	 54.0000000000	 48.0000000000	 42.0000000000	  0.0000000000	  0.0000000000	  0.0000000000	  0.0976618511	 18.9154581656	1294985.5534827963	-52.8902470783	-528.5750612095	91545.6234723519
  0.0964540484	  1.0136334800	691.2143665810	81633.0000000000	121212.0000000000	114286.0000000000	 54.0000000000	 36.0000000000	 36.0000000000	  0.0000000000	  0.0000000000	  0.0000000000	  0.0933369970	 19.5692077175	1190858.0037253604	-51.2016635959	-190.6725495208	58963.8240486547
  0.1019288519	  0.9840812341	682.0519643921	63492.0000000000	76923.0000000000	88889.0000000000	 66.0000000000	 54.0000000000	 48.0000000000	  0.0000000000	  0.0000000000	  0.0000000000	  0.0868056439	 14.8443120832	1226713.7549221325	-118.1869613112	-790.9050497422	-135878.8378451974
  0.1005872559	  0.9863718169	686.4137396542	44444.0000000000	125000.0000000000	148148.0000000000	 96.0000000000	 36.0000000000	 30.0000000000	  0.0000000000	  0.0000000000	  0.0000000000	  0.0864365493	 18.8844171713	1055988.9130701260	419.2575782542	-163.2093435654	-21393.2700753867
  0.1021365094	  0.9918983520	686.0212483895	56338.0000000000	153846.0000000000	117647.0000000000	 72.0000000000	 30.0000000000	 36.0000000000	  0.0000000000	  0.0000000000	  0.0000000000	  0.0950532052	  6.4289159935	1805577.5257534245	-188.8097393237	-48.3089539713	-62387.9612584121
  0.1013786667	  1.0302690378	686.3763602690	62500.0000000000	83333.0000000000	125000.0000000000	 66.0000000000	 54.0000000000	 36.0000000000	  0.0000000000	  0.0000000000	  0.0000000000	  0.1145222243	 13.6528974085	1471234.0916181221	-147.9806443261	595.0315498858	47268.1831490545
  0.0989155860	  1.0252210078	683.2754828197	57143.0000000000	111111.0000000000	97561.0000000000	 72.0000000000	 42.0000000000	 42.0000000000	  0.0000000000	  0.0000000000	  0.0000000000	  0.1001792425	 15.4875078531	953120.1549693333	186.9446411516	220.5692839040	-90683.3744400263
  0.0991029786	  1.0520571977	687.7546579997	75472.0000000000	90909.0000000000	190476.0000000000	 54.0000000000	 48.0000000000	 24.0000000000	  0.0000000000	  0.0000000000	  0.0000000000	  0.0848990654	 22.1262642155	918015.0983885935	-64.4723757993	-559.7280876603	-8250.9240451307
  0.1002062669	  0.9903864810	690.1773067941	76923.0000000000	153846.0000000000	76923.0000000000	 54.0000000000	 30.0000000000	 54.0000000000	  0.0000000000	  0.0000000000	  0.0000000000	  0.0771114622	  9.4139103772	749952.9205991768	 55.9668785095	 54.2547508923	-184134.3225203629
  0.0984698769	  0.9681165071	683.3696682557	266667.0000000000	75472.0000000000	142857.0000000000	 18.0000000000	 54.0000000000	 30.0000000000	  0.0000000000	  0.0000000000	  0.0000000000	  0.1147201563	 18.5230534769	788572.5112020732	 -0.8493907565	-928.2043241771	-22360.0778373505
  0.0991653085	  1.0035829089	689.4445932317	97561.0000000000	67797.0000000000	181818.0000000000	 42.0000000000	 60.0000000000	 24.0000000000	  0.0000000000	  0.0000000000	  0.0000000000	  0.0784941705	 12.0334623267	687887.9144388216	 25.4682111981	-1095.3489926545	8239.0089204497
  0.1072045239	  1.0116697394	683.8869579948	54054.0000000000	133333.0000000000	125000.0000000000	 78.0000000000	 36.0000000000	 36.0000000000	  0.0000000000	  0.0000000000	  0.0000000000	  0.1195254448	 22.7077360977	1925588.1339546475	-250.4825150155	-135.8117978390	-53236.7841701763
  0.0999739000	  0.9795126646	685.5019823431	45977.0000000000	97561.0000000000	117647.0000000000	 90.0000000000	 42.0000000000	 36.0000000000	  0.0000000000	  0.0000000000	  0.0000000000	  0.1129864164	 19.4469049945	1024584.9874359609	-424.4234938579	-397.2743740893	49438.9054424948
  0.1027643528	  0.9857840646	689.3853001707	148148.0000000000	80000.0000000000	111111.0000000000	 30.0000000000	 54.0000000000	 42.0000000000	  0.0000000000	  0.0000000000	  0.0000000000	  0.0610467513	 10.1763849130	918524.3307630479	  5.3032805613	-591.2315268478	56111.8130194887
  0.1007448741	  1.0156506030	688.4770032025	266667.0000000000	93023.0000000000	129032.0000000000	 18.0000000000	 48.0000000000	 36.0000000000	  0.0000000000	  0.0000000000	  0.0000000000	  0.1102786626	 17.5755345503	1043416.5327433989	  0.8195084979	432.3002175284	-36014.2251330235
  0.1073067146	  1.0248335617	685.5625739810	64516.0000000000	108108.0000000000	266667.0000000000	 66.0000000000	 42.0000000000	 18.0000000000	  0.0000000000	  0.0000000000	  0.0000000000	  0.1093146266	 22.2351610808	744254.2056260316	124.5312161220	295.0389736923	2493.4597099106
  0.1002340251	  1.0158840333	690.5369982750	57971.0000000000	78431.0000000000	166667.0000000000	 72.0000000000	 54.0000000000	 30.0000000000	  0.0000000000	  0.0000000000	  0.0000000000	  0.1085642019	 17.8857549753	817253.2536248454	180.5866107129	821.9875996840	-12537.8543138570
  0.0991096801	  0.9982882200	687.7150901389	49383.0000000000	80000.0000000000	111111.0000000000	 84.0000000000	 54.0000000000	 42.0000000000	  0.0000000000	  0.0000000000	  0.0000000000	  0.0741118091	 15.1716601286	857763.4992841791	267.6373571059	-684.4349131543	-51299.4313550452
  0.1001066001	  1.0238483545	678.4326085068	76923.0000000000	78431.0000000000	90909.0000000000	 54.0000000000	 54.0000000000	 48.0000000000	  0.0000000000	  0.0000000000	  0.0000000000	  0.1170488676	 26.3481510633	1813028.3880852517	 68.9124041639	-975.6872656096	-160592.8835514422
  0.0981740183	  1.0161183110	684.7462386874	45455.0000000000	108108.0000000000	100000.0000000000	 90.0000000000	 42.0000000000	 42.0000000000	  0.0000000000	  0.0000000000	  0.0000000000	  0.0820292280	 17.1806442403	2448743.8103049849	373.6399866418	267.2934021794	134757.0767737765
  0.1043100000	  0.9929315773	682.5887097747	50000.0000000000	117647.0000000000	95238.0000000000	 84.0000000000	 36.0000000000	 48.0000000000	  0.0000000000	  0.0000000000	  0.0000000000	  0.1165597281	 17.7290726590	1797419.9127235380	-314.4664125230	-205.5774209457	-128391.1108992244
  0.1015172197	  0.9639564345	686.0304677007	61538.0000000000	114286.0000000000	190476.0000000000	 66.0000000000	 36.0000000000	 24.0000000000	  0.0000000000	  0.0000000000	  0.0000000000	  0.0765258732	 19.9185365887	1365898.4232670190	128.2258143735	-230.9971437200	-10408.2679571843
  0.0986221105	  1.0191628668	686.8263929761	85106.0000000000	142857.0000000000	137931.0000000000	 48.0000000000	 30.0000000000	 30.0000000000	  0.0000000000	  0.0000000000	  0.0000000000	  0.1190993838	 18.7352998305	1514236.6138928267	-49.0963324863	102.2275119091	-33805.4769817072
  0.0982198772	  0.9985941141	685.1971816415	88889.0000000000	64516.0000000000	100000.0000000000	 48.0000000000	 66.0000000000	 42.0000000000	  0.0000000000	  0.0000000000	  0.0000000000	  0.1129575915	 21.3508609974	1073177.6297035960	 43.2554978765	1721.2060061226	85807.4723069093
  0.0990782882	  0.9862788098	682.3300781073	72727.0000000000	97561.0000000000	129032.0000000000	 60.0000000000	 42.0000000000	 36.0000000000	  0.0000000000	  0.0000000000	  0.0000000000	  0.0935807760	 22.9574833465	1052508.6306314790	 75.4146999259	428.8301972195	33533.5365051380
  0.0986746667	  0.9688106875	686.9123999688	62500.0000000000	66667.0000000000	133333.0000000000	 66.0000000000	 66.0000000000	 36.0000000000	  0.0000000000	  0.0000000000	  0.0000000000	  0.1023618431	 10.7714230559	1086112.3076722978	138.4568424273	-1106.6131552339	30627.0230936594
  0.1041761927	  1.0041284497	682.5574883602	67797.0000000000	102564.0000000000	95238.0000000000	 60.0000000000	 42.0000000000	 48.0000000000	  0.0000000000	  0.0000000000	  0.0000000000	  0.1141196207	 16.3876544168	1592676.5641077007	-105.9454797827	-304.4612178458	118787.3340698579
  0.0978197364	  1.0076483775	688.9449099359	70175.0000000000	78431.0000000000	78431.0000000000	 60.0000000000	 54.0000000000	 54.0000000000	  0.0000000000	  0.0000000000	  0.0000000000	  0.0953802501	 13.2156140925	1505000.6119906758	-88.5598541915	-711.0944146389	-232862.4443178352
  0.1025912373	  1.0136032134	686.2113803602	78431.0000000000	105263.0000000000	181818.0000000000	 54.0000000000	 42.0000000000	 24.0000000000	  0.0000000000	  0.0000000000	  0.0000000000	  0.1112473414	 14.1030486002	1941050.2489377686	 62.8900851383	247.6011410565	-14093.1269121256
  0.0956968102	  1.0197355862	690.6970856084	105263.0000000000	137931.0000000000	108108.0000000000	 42.0000000000	 30.0000000000	 42.0000000000	  0.0000000000	  0.0000000000	  0.0000000000	  0.1066162216	 19.2610176719	1255017.1463616143	 21.9229316595	124.6931511485	-69488.2504753383
  0.1019728520	  0.9934891657	693.5220642322	60606.0000000000	125000.0000000000	105263.0000000000	 72.0000000000	 36.0000000000	 42.0000000000	  0.0000000000	  0.0000000000	  0.0000000000	  0.0916165041	 24.1202543307	888867.2079899902	-144.9749479793	177.4978228786	62650.8710304819
  0.1049358133	  0.9797862663	685.7557906923	67797.0000000000	117647.0000000000	235294.0000000000	 60.0000000000	 36.0000000000	 18.0000000000	  0.0000000000	  0.0000000000	  0.0000000000	  0.0736997633	  8.7047048338	845164.6433325544	-87.8307739034	138.5887291372	4142.7528335278
  0.1040433333	  1.0063374425	684.0807845379	50000.0000000000	93023.0000000000	105263.0000000000	 84.0000000000	 48.0000000000	 42.0000000000	  0.0000000000	  0.0000000000	  0.0000000000	  0.0983500601	 18.4157146215	1225168.1654161909	288.3525522179	-468.0725877545	-73583.6083104800
  0.1061349627	  1.0018883674	688.4531495602	61538.0000000000	85106.0000000000	121212.0000000000	 66.0000000000	 48.0000000000	 36.0000000000	  0.0000000000	  0.0000000000	  0.0000000000	  0.1164895141	 11.4031139300	1019874.8503841066	-154.1734813433	503.5489321516	43755.5872845566
  0.1006851007	  0.9705122121	685.6041470397	51282.0000000000	78431.0000000000	121212.0000000000	 84.0000000000	 54.0000000000	 36.0000000000	  0.0000000000	  0.0000000000	  0.0000000000	  0.1154595933	 28.7038913587	853081.8184943331	-293.7561869541	-1033.9827239445	-39863.4045901404
  0.0956111789	  1.0274600865	686.7211219888	54054.0000000000	83333.0000000000	166667.0000000000	 78.0000000000	 54.0000000000	 30.0000000000	  0.0000000000	  0.0000000000	  0.0000000000	  0.0788744723	 12.7467100128	1236764.8921829639	201.4011660918	572.7283845390	-14469.5753005828
  0.0997653333	  0.9845994103	686.3366212065	62500.0000000000	70175.0000000000	100000.0000000000	 66.0000000000	 60.0000000000	 42.0000000000	  0.0000000000	  0.0000000000	  0.0000000000	  0.1294214626	 27.9895191829	1139005.4085111220	-152.6877636951	-1506.1682442092	-89894.0328454925
  0.0974147224	  0.9855323247	691.5889114819	51948.0000000000	67797.0000000000	117647.0000000000	 78.0000000000	 60.0000000000	 36.0000000000	  0.0000000000	  0.0000000000	  0.0000000000	  0.0791656573	 11.0691475492	1647479.8793666388	231.9127287162	1097.8273147416	60550.6528293803
  0.0970610669	  0.9864338747	680.3683437971	49383.0000000000	83333.0000000000	105263.0000000000	 84.0000000000	 54.0000000000	 42.0000000000	  0.0000000000	  0.0000000000	  0.0000000000	  0.1037159808	 23.1561780863	1059866.0038464698	-311.0774834648	750.7176605476	-69149.0074124161
  0.0978453669	  1.0235936715	688.3774797970	72727.0000000000	166667.0000000000	105263.0000000000	 60.0000000000	 30.0000000000	 42.0000000000	  0.0000000000	  0.0000000000	  0.0000000000	  0.1199847419	 18.2782963596	1345689.6206899434	-88.9005179040	 63.2884231219	-81902.2127844673
  0.0988495058	  1.0131599030	683.6858472282	66667.0000000000	80000.0000000000	105263.0000000000	 66.0000000000	 54.0000000000	 42.0000000000	  0.0000000000	  0.0000000000	  0.0000000000	  0.1051016318	 34.8098926699	1499442.0017291100	-107.5283883609	-1096.9600868994	84498.5854977027
  0.0977668845	  1.0131790006	688.2200044724	52632.0000000000	108108.0000000000	121212.0000000000	 78.0000000000	 42.0000000000	 36.0000000000	  0.0000000000	  0.0000000000	  0.0000000000	  0.1010343840	 23.2298715943	706792.8905263009	-246.0375330305	-301.9109642584	37230.4113093171
  0.0992200992	  1.0159016278	681.0740511952	90909.0000000000	75472.0000000000	114286.0000000000	 48.0000000000	 54.0000000000	 36.0000000000	  0.0000000000	  0.0000000000	  0.0000000000	  0.0775069395	 12.0993311708	836799.3205424914	-31.2899535826	-781.3270410041	-46238.0813278971
  0.1003615304	  1.0047311220	680.7869577727	58824.0000000000	137931.0000000000	95238.0000000000	 72.0000000000	 30.0000000000	 48.0000000000	  0.0000000000	  0.0000000000	  0.0000000000	  0.0613877388	 21.8848790518	786145.6908890856	128.7673814268	129.3852442558	-89631.9295424481
  0.0992491943	  0.9914665917	682.9350234401	65574.0000000000	105263.0000000000	148148.0000000000	 66.0000000000	 42.0000000000	 30.0000000000	  0.0000000000	  0.0000000000	  0.0000000000	  0.0915790822	 18.0319151250	1192456.1746842379	108.4318197534	287.7664161184	23795.0016608155
  0.0987167820	  0.9993250936	685.0355879317	61538.0000000000	88889.0000000000	105263.0000000000	 66.0000000000	 48.0000000000	 42.0000000000	  0.0000000000	  0.0000000000	  0.0000000000	  0.0896893002	 11.8418276462	971816.6730828352	-138.2482456067	-434.7466220960	69136.5445571829
  0.0983070085	  0.9816527707	690.4684191255	66667.0000000000	235294.0000000000	125000.0000000000	 66.0000000000	 18.0000000000	 36.0000000000	  0.0000000000	  0.0000000000	  0.0000000000	  0.0990398408	 13.9461663150	1352730.8835137363	108.4692560985	 14.4654136645	-42551.9929548821
  0.1029416838	  0.9661469704	685.9799182275	86957.0000000000	114286.0000000000	95238.0000000000	 48.0000000000	 36.0000000000	 48.0000000000	  0.0000000000	  0.0000000000	  0.0000000000	  0.0700446661	  7.6742066951	1076024.2085207317	 36.1090080006	-145.1738174580	-102687.4097437237
  0.1035180745	  0.9929270294	691.6614189338	114286.0000000000	125000.0000000000	95238.0000000000	 36.0000000000	 36.0000000000	 48.0000000000	  0.0000000000	  0.0000000000	  0.0000000000	  0.0593802710	 10.8645524566	1200235.0062384026	-13.2376373968	129.5618766171	110888.4477851869
  0.1004791667	  0.9884258412	690.4217399112	80000.0000000000	95238.0000000000	108108.0000000000	 54.0000000000	 48.0000000000	 42.0000000000	  0.0000000000	  0.0000000000	  0.0000000000	  0.1048639017	 13.4515340384	887698.4847763079	-58.0087944591	-352.7802524604	60120.3449030857
  0.0979167745	  0.9759159324	680.9476238499	57971.0000000000	125000.0000000000	105263.0000000000	 72.0000000000	 36.0000000000	 42.0000000000	  0.0000000000	  0.0000000000	  0.0000000000	  0.0922807481	 28.1065290712	940364.8863165369	166.8823700848	201.6052691121	-64945.9680550068
  0.1005511006	  0.9963441094	688.0423216912	60606.0000000000	90909.0000000000	121212.0000000000	 72.0000000000	 48.0000000000	 36.0000000000	  0.0000000000	  0.0000000000	  0.0000000000	  0.0765867634	 17.0211230033	1154126.2536943406	-131.4659906143	-472.4419347803	-47135.9032461029
  0.0997881645	  0.9919176347	690.8890373786	48780.0000000000	81633.0000000000	142857.0000000000	 84.0000000000	 54.0000000000	 30.0000000000	  0.0000000000	  0.0000000000	  0.0000000000	  0.1038686631	 22.8056554925	1018143.3313483394	324.2021734628	821.5973329992	-24914.1077434013
  0.0966291527	  0.9774250502	684.9389581910	67797.0000000000	160000.0000000000	86957.0000000000	 60.0000000000	 30.0000000000	 48.0000000000	  0.0000000000	  0.0000000000	  0.0000000000	  0.1230106290	 28.5324303943	980979.7151295260	114.7560847344	-83.2202248279	-136470.7537435950
  0.1050654937	  1.0361355440	687.1914355685	88889.0000000000	76923.0000000000	133333.0000000000	 48.0000000000	 54.0000000000	 36.0000000000	  0.0000000000	  0.0000000000	  0.0000000000	  0.1034749368	 22.1249770912	1343952.6911267017	 40.1062666405	-963.1070160833	33714.0856966912
  0.1015051103	  0.9736011335	689.1528325153	81633.0000000000	70175.0000000000	100000.0000000000	 54.0000000000	 60.0000000000	 42.0000000000	  0.0000000000	  0.0000000000	  0.0000000000	  0.0999985903	 13.9787569179	771476.5849650329	 54.1868305520	-1036.9926002487	-73365.9077542167
  0.0988898489	  0.9558193174	689.1195322262	74074.0000000000	66667.0000000000	363636.0000000000	 60.0000000000	 66.0000000000	 12.0000000000	  0.0000000000	  0.0000000000	  0.0000000000	  0.0773356552	 12.8565886985	898790.1321326315	-65.6645931663	-1212.2883491337	-765.9988064068
  0.1027481958	  0.9949094312	684.5963841329	210526.0000000000	95238.0000000000	173913.0000000000	 24.0000000000	 48.0000000000	 24.0000000000	  0.0000000000	  0.0000000000	  0.0000000000	  0.1150443348	 27.2565285270	1513884.4814228662	  2.1408415240	531.2664734884	-15684.9198782279
  0.1014563515	  1.0194974466	686.1707405290	63492.0000000000	71429.0000000000	137931.0000000000	 66.0000000000	 60.0000000000	 30.0000000000	  0.0000000000	  0.0000000000	  0.0000000000	  0.0974592193	 18.5431610055	1908367.2943211985	-127.4849854508	1162.0020473150	-38010.3597095125
  0.0954164275	  1.0100281956	691.5374123629	71429.0000000000	75472.0000000000	117647.0000000000	 60.0000000000	 54.0000000000	 36.0000000000	  0.0000000000	  0.0000000000	  0.0000000000	  0.1087987076	 26.6674043786	732192.7061989427	 88.6786623487	1121.9986263500	-40164.2680628844
  0.1005317493	  1.0065645293	684.6351530167	88889.0000000000	266667.0000000000	148148.0000000000	 48.0000000000	 18.0000000000	 30.0000000000	  0.0000000000	  0.0000000000	  0.0000000000	  0.1269059907	 27.3769752324	1424800.5172119886	 44.0751815363	-15.3891971394	26350.4300467149
  0.0957276808	  0.9763520983	688.7602657795	85106.0000000000	68966.0000000000	160000.0000000000	 48.0000000000	 60.0000000000	 30.0000000000	  0.0000000000	  0.0000000000	  0.0000000000	  0.0801063667	  8.4946101922	1129433.2212612091	 41.7127237725	907.4315243776	17410.2633461596
  0.0989993490	  0.9964704704	692.2005160376	63492.0000000000	105263.0000000000	160000.0000000000	 66.0000000000	 42.0000000000	 30.0000000000	  0.0000000000	  0.0000000000	  0.0000000000	  0.1400804815	 32.3040557463	987534.9882206779	-155.8735549403	401.0736245205	-15354.3934094450
  0.0994785995	  1.0024895670	685.4715503282	60606.0000000000	90909.0000000000	95238.0000000000	 72.0000000000	 48.0000000000	 48.0000000000	  0.0000000000	  0.0000000000	  0.0000000000	  0.0794854445	  8.1043012187	1344775.1713127962	-134.3995392340	-321.2663860441	112252.2869278314
  0.0995524729	  0.9926533697	680.7096447662	78431.0000000000	153846.0000000000	129032.0000000000	 54.0000000000	 30.0000000000	 36.0000000000	  0.0000000000	  0.0000000000	  0.0000000000	  0.0955050003	 30.9401268522	813606.0354244043	-58.0150936080	 95.4895150872	-30674.6945436400
  0.1042828324	  1.0202962060	685.1684177336	58824.0000000000	76923.0000000000	129032.0000000000	 72.0000000000	 54.0000000000	 36.0000000000	  0.0000000000	  0.0000000000	  0.0000000000	  0.1165298326	 21.5288359049	1149181.1706538594	-177.6834898032	-975.5923282796	38123.2952593728
  0.1049550986	  0.9892173682	683.6613184295	68966.0000000000	93023.0000000000	173913.0000000000	 60.0000000000	 48.0000000000	 24.0000000000	  0.0000000000	  0.0000000000	  0.0000000000	  0.0820220641	 13.9226447909	961871.8115829100	-86.0529854064	-385.6865732965	10839.4819225477
  0.0988975494	  0.9722249690	680.5961134987	117647.0000000000	105263.0000000000	83333.0000000000	 36.0000000000	 42.0000000000	 54.0000000000	  0.0000000000	  0.0000000000	  0.0000000000	  0.1021762305	 18.3101995951	689957.3627315549	 14.2731616971	289.1973320613	130660.7148219246
  0.1040948699	  1.0420029375	684.6230126084	266667.0000000000	114286.0000000000	210526.0000000000	 18.0000000000	 36.0000000000	 24.0000000000	  0.0000000000	  0.0000000000	  0.0000000000	  0.1291960755	 36.8237947529	1275837.2929891248	 -0.9720817779	323.0935110716	7294.2542044156
  0.1004641005	  1.0017049626	689.8674359401	63492.0000000000	65574.0000000000	81633.0000000000	 66.0000000000	 66.0000000000	 54.0000000000	  0.0000000000	  0.0000000000	  0.0000000000	  0.0701723352	 17.4088991634	1412969.9055033061	109.4680340537	1521.8592834480	201042.7757094819
  0.1004195342	  1.0167920411	685.5112436008	64516.0000000000	88889.0000000000	137931.0000000000	 66.0000000000	 48.0000000000	 30.0000000000	  0.0000000000	  0.0000000000	  0.0000000000	  0.0940995380	 11.0037071679	904728.0543328145	118.5788723389	415.8488253099	26227.5076146352
  0.1044377711	  1.0011585899	690.2782321091	90909.0000000000	71429.0000000000	333333.0000000000	 48.0000000000	 60.0000000000	 18.0000000000	  0.0000000000	  0.0000000000	  0.0000000000	  0.0894383136	 12.7841781626	870796.1745318611	 35.3591778827	-942.0495902196	1091.7738771317
  0.0963532292	  0.9816247969	683.3140832394	55556.0000000000	90909.0000000000	108108.0000000000	 78.0000000000	 48.0000000000	 42.0000000000	  0.0000000000	  0.0000000000	  0.0000000000	  0.1045339084	 23.4830727791	793689.2607297406	211.5598337199	579.6621114314	54201.5014569650
  0.1013703608	  0.9945006929	687.5589388663	81633.0000000000	333333.0000000000	181818.0000000000	 54.0000000000	 18.0000000000	 24.0000000000	  0.0000000000	  0.0000000000	  0.0000000000	  0.1022886912	 33.0778290821	972205.2113516026	 53.1471839179	 -7.5350185056	9859.5289893576
  0.0980542156	  1.0128160292	687.6227278657	55556.0000000000	76923.0000000000	125000.0000000000	 78.0000000000	 54.0000000000	 36.0000000000	  0.0000000000	  0.0000000000	  0.0000000000	  0.0759724558	 11.9146216691	969588.0063659447	-182.1992500063	732.5672793873	-39024.9434237355
  0.0984615608	  0.9875901844	689.1604909608	68966.0000000000	74074.0000000000	111111.0000000000	 60.0000000000	 60.0000000000	 42.0000000000	  0.0000000000	  0.0000000000	  0.0000000000	  0.1266958691	 18.3478695435	1082610.5847295569	-109.6351684004	1043.8124162701	-59047.9219366499
  0.1037060176	  1.0345083374	690.9734793701	81633.0000000000	95238.0000000000	105263.0000000000	 54.0000000000	 48.0000000000	 42.0000000000	  0.0000000000	  0.0000000000	  0.0000000000	  0.1025277189	 14.7020847420	831311.5004653427	 53.0707006515	367.2244417200	61909.0205915078
  0.0995854827	  1.0244935814	689.1589716092	210526.0000000000	105263.0000000000	137931.0000000000	 24.0000000000	 42.0000000000	 30.0000000000	  0.0000000000	  0.0000000000	  0.0000000000	  0.0825115464	 12.5082736359	1342051.0364968223	  1.8425921767	254.4978576992	-30574.4950642362
  0.0987531405	  0.9870486758	688.7649515126	67797.0000000000	86957.0000000000	333333.0000000000	 60.0000000000	 48.0000000000	 18.0000000000	  0.0000000000	  0.0000000000	  0.0000000000	  0.1111484790	 31.8591415753	1170464.8311592680	-106.0931314029	-788.5132740504	1262.4636849335
  0.1001738763	  1.0051617445	687.2287297252	61538.0000000000	102564.0000000000	83333.0000000000	 66.0000000000	 42.0000000000	 54.0000000000	  0.0000000000	  0.0000000000	  0.0000000000	  0.1016279204	 14.7005455765	595130.7860712280	146.1622714376	-290.2272610129	124006.9592234481
  0.1068495428	  0.9983533990	684.6081452381	70175.0000000000	114286.0000000000	200000.0000000000	 60.0000000000	 36.0000000000	 24.0000000000	  0.0000000000	  0.0000000000	  0.0000000000	  0.1264732174	 14.5745956295	926715.6053720189	-103.5276761425	-197.0552645284	-7423.4363530957
  0.0995840000	  0.9714609973	686.0960994045	62500.0000000000	76923.0000000000	100000.0000000000	 66.0000000000	 54.0000000000	 42.0000000000	  0.0000000000	  0.0000000000	  0.0000000000	  0.0959079474	 13.0045300566	1055199.4370295824	-132.6154741192	732.4361150035	84844.7567550211
  0.1011706667	  1.0220708719	681.8084064079	62500.0000000000	72727.0000000000	95238.0000000000	 66.0000000000	 60.0000000000	 48.0000000000	  0.0000000000	  0.0000000000	  0.0000000000	  0.0666407227	 14.3382933212	634167.6057935072	108.9566450686	-954.9501456970	77609.9817644155
  0.0995129745	  1.0028958381	687.7812401763	121212.0000000000	80000.0000000000	148148.0000000000	 36.0000000000	 54.0000000000	 30.0000000000	  0.0000000000	  0.0000000000	  0.0000000000	  0.0778772135	 14.8113164574	1000588.1601625085	 12.1807904102	697.4750894669	-21730.0042844517
  0.0968550969	  1.0117704312	691.2584319676	90909.0000000000	129032.0000000000	108108.0000000000	 48.0000000000	 36.0000000000	 42.0000000000	  0.0000000000	  0.0000000000	  0.0000000000	  0.1173110882	 19.7302656382	583591.7954679598	 40.5292337752	-156.1886635823	49552.3350833900
  0.1030415325	  0.9829149043	689.0041131516	49383.0000000000	75472.0000000000	125000.0000000000	 84.0000000000	 54.0000000000	 36.0000000000	  0.0000000000	  0.0000000000	  0.0000000000	  0.0879939943	 15.2659175416	1015069.9956987988	-293.2559303552	-847.4396718173	40149.0942615014
  0.1013731082	  0.9892384388	687.9525094844	43478.0000000000	105263.0000000000	81633.0000000000	 96.0000000000	 42.0000000000	 54.0000000000	  0.0000000000	  0.0000000000	  0.0000000000	  0.1008978218	 20.3512636585	1103753.5429977693	-492.4378428492	315.0416328554	173741.2898487860
  0.0961311008	  0.9903001948	687.0139460183	70175.0000000000	81633.0000000000	153846.0000000000	 60.0000000000	 54.0000000000	 30.0000000000	  0.0000000000	  0.0000000000	  0.0000000000	  0.1268792366	 21.6609202336	1001136.2936879989	-99.6080327441	756.9553296610	17489.3686070734
  0.0951370951	  0.9611171841	690.7237254945	47619.0000000000	88889.0000000000	114286.0000000000	 90.0000000000	 48.0000000000	 36.0000000000	  0.0000000000	  0.0000000000	  0.0000000000	  0.0846595738	 17.6641047531	856687.9184629893	325.6478020561	518.2981247507	-46138.0869570037
  0.0979618384	  1.0100815439	688.1536684760	57143.0000000000	90909.0000000000	81633.0000000000	 72.0000000000	 48.0000000000	 54.0000000000	  0.0000000000	  0.0000000000	  0.0000000000	  0.0766014571	  7.3594389210	702001.5604853374	162.8849963464	307.3665854553	145627.1230004809
  0.1018989769	  1.0103735268	685.0688935734	102564.0000000000	95238.0000000000	129032.0000000000	 42.0000000000	 48.0000000000	 36.0000000000	  0.0000000000	  0.0000000000	  0.0000000000	  0.0948866066	 13.5512276313	1211133.0911027722	-23.3096061112	360.5558615623	37928.5756962419
  0.1012271012	  0.9952310916	684.9494211330	95238.0000000000	76923.0000000000	97561.0000000000	 48.0000000000	 54.0000000000	 42.0000000000	  0.0000000000	  0.0000000000	  0.0000000000	  0.0340774397	 13.8821434417	2137879.7495873272	 17.5286152936	-763.6698464841	129270.5559538123
  0.0955867561	  0.9950465646	686.5280140788	56338.0000000000	71429.0000000000	117647.0000000000	 72.0000000000	 60.0000000000	 36.0000000000	  0.0000000000	  0.0000000000	  0.0000000000	  0.0986471791	 12.1171796123	902415.8378055795	-195.4012444153	-920.6994040353	42399.4169867207
  0.1004669977	  0.9810987487	678.3717158658	66667.0000000000	114286.0000000000	114286.0000000000	 66.0000000000	 36.0000000000	 36.0000000000	  0.0000000000	  0.0000000000	  0.0000000000	  0.0747344599	 15.6373497387	1342390.9752135554	-92.9822297910	-212.6067702388	60199.5649747903
  0.0962506667	  0.9975173740	684.3244137425	62500.0000000000	210526.0000000000	97561.0000000000	 66.0000000000	 24.0000000000	 42.0000000000	  0.0000000000	  0.0000000000	  0.0000000000	  0.1145286318	 27.2925633782	1127601.6756569974	-147.6269632516	-31.1573234954	96968.1941617763
  0.0990766407	  0.9894150679	682.5923612334	51948.0000000000	160000.0000000000	108108.0000000000	 78.0000000000	 30.0000000000	 42.0000000000	  0.0000000000	  0.0000000000	  0.0000000000	  0.1156834159	 19.6114448294	860039.6178633407	-279.2094317653	 74.9203844598	-57750.0295002242
  0.0996716413	  1.0121508563	686.6649190219	43956.0000000000	70175.0000000000	108108.0000000000	 96.0000000000	 60.0000000000	 42.0000000000	  0.0000000000	  0.0000000000	  0.0000000000	  0.0693581984	 14.2440248107	1086345.3175268555	384.0130200589	1060.8655093394	68476.1490954170
  0.1018274537	  0.9822042904	684.5524226227	64516.0000000000	105263.0000000000	100000.0000000000	 66.0000000000	 42.0000000000	 42.0000000000	  0.0000000000	  0.0000000000	  0.0000000000	  0.1082347175	 20.2437707569	954606.9908317714	-127.4957909811	323.7482734056	78553.2317268147
  0.0985773486	  0.9795471582	688.8848977243	54054.0000000000	78431.0000000000	108108.0000000000	 78.0000000000	 54.0000000000	 42.0000000000	  0.0000000000	  0.0000000000	  0.0000000000	  0.0979414058	 22.9767711548	1297564.3704456212	-227.5187669865	-946.8769312464	73356.6900119037
  0.1039520296	  0.9979964169	688.6224928315	61538.0000000000	88889.0000000000	500000.0000000000	 66.0000000000	 48.0000000000	 12.0000000000	  0.0000000000	  0.0000000000	  0.0000000000	  0.0899726033	 10.7115366119	1328924.6211038961	-137.6283187299	-396.4256934705	-296.8847231895
  0.1000523168	  1.0153522986	686.6808902734	93023.0000000000	78431.0000000000	137931.0000000000	 48.0000000000	 54.0000000000	 30.0000000000	  0.0000000000	  0.0000000000	  0.0000000000	  0.0859611146	  7.4330637392	1065485.0164969051	 31.5023803438	-529.0463957128	-26248.3783106164
  0.1010982507	  1.0156404171	684.5736416158	59701.0000000000	60606.0000000000	100000.0000000000	 72.0000000000	 72.0000000000	 42.0000000000	  0.0000000000	  0.0000000000	  0.0000000000	  0.0856013220	 13.8403023321	1115052.8530923133	146.9597456743	-1769.0138823021	86238.8622872636
  0.1046449380	  0.9835329203	685.2321148871	90909.0000000000	72727.0000000000	114286.0000000000	 48.0000000000	 60.0000000000	 36.0000000000	  0.0000000000	  0.0000000000	  0.0000000000	  0.0774371651	 12.8244952531	1130770.7393053484	-32.9025457751	888.6879339874	56468.8179189098
  0.1000494001	  1.0012803738	684.1949316732	105263.0000000000	74074.0000000000	210526.0000000000	 42.0000000000	 60.0000000000	 24.0000000000	  0.0000000000	  0.0000000000	  0.0000000000	  0.1026927700	 27.8651357409	782887.8616781645	-22.1097569084	1222.2760508122	-5425.5557805162
  0.0972922217	  1.0136516517	689.8729058101	55556.0000000000	93023.0000000000	200000.0000000000	 78.0000000000	 48.0000000000	 24.0000000000	  0.0000000000	  0.0000000000	  0.0000000000	  0.0931630301	 10.0986825026	1294568.1347153180	201.5318810625	350.7410862920	-8127.0184404255
  0.1031063114	  1.0223120820	687.4813501751	51948.0000000000	95238.0000000000	117647.0000000000	 78.0000000000	 48.0000000000	 36.0000000000	  0.0000000000	  0.0000000000	  0.0000000000	  0.0973638893	 23.4141648626	1234829.1649969993	-251.7422409924	-483.2320848854	-49430.0220076679
  0.1040401040	  1.0116851569	686.7427191330	111111.0000000000	114286.0000000000	102564.0000000000	 42.0000000000	 36.0000000000	 42.0000000000	  0.0000000000	  0.0000000000	  0.0000000000	  0.1030207164	 32.2634099882	774233.9658502700	 18.2251684267	-288.7551652146	-66102.5753525275
  0.1046566047	  1.0187074511	688.9313628136	51282.0000000000	129032.0000000000	235294.0000000000	 84.0000000000	 36.0000000000	 18.0000000000	  0.0000000000	  0.0000000000	  0.0000000000	  0.1260780881	 28.7734729245	1248768.2021734519	-308.1935400004	177.6682673526	-4434.1688551780
  0.0973505974	  1.0227511134	681.5121433881	51282.0000000000	133333.0000000000	105263.0000000000	 84.0000000000	 36.0000000000	 42.0000000000	  0.0000000000	  0.0000000000	  0.0000000000	  0.0917797921	 19.3135272458	855993.9499083783	-262.5423665745	-138.7003233153	66615.5177264570
  0.0994779435	  0.9927220557	683.1087017743	65574.0000000000	71429.0000000000	181818.0000000000	 66.0000000000	 60.0000000000	 24.0000000000	  0.0000000000	  0.0000000000	  0.0000000000	  0.0707343245	 12.1763147417	1369291.5088571096	-97.5824519724	910.5919390249	-11816.0333484740
  0.0987493365	  0.9788389382	685.1578237047	57143.0000000000	200000.0000000000	105263.0000000000	 72.0000000000	 24.0000000000	 42.0000000000	  0.0000000000	  0.0000000000	  0.0000000000	  0.0988768372	 31.1401157534	1304523.4190668173	-182.6204867673	-40.3402610105	77007.7136088947
  0.0979634831	  0.9934380885	682.0523599834	75472.0000000000	129032.0000000000	121212.0000000000	 54.0000000000	 36.0000000000	 36.0000000000	  0.0000000000	  0.0000000000	  0.0000000000	  0.1367303494	 24.8026922506	808298.5678644642	-84.1919531103	160.0075225315	-38092.3828424798
  0.1017687500	  0.9994648636	688.0525702400	80000.0000000000	108108.0000000000	88889.0000000000	 54.0000000000	 42.0000000000	 48.0000000000	  0.0000000000	  0.0000000000	  0.0000000000	  0.0972775490	 19.0400979357	1053230.5615771015	 55.5741927762	281.1139992608	132403.5359673714
  0.0998800000	  1.0136718192	685.4433704303	62500.0000000000	97561.0000000000	153846.0000000000	 66.0000000000	 42.0000000000	 30.0000000000	  0.0000000000	  0.0000000000	  0.0000000000	  0.1047443144	 19.6679510018	1220461.8731183284	-136.3104141652	-398.5115707442	19470.8871016263
  0.0927080927	  0.9836699906	685.0153379893	51948.0000000000	93023.0000000000	108108.0000000000	 78.0000000000	 48.0000000000	 42.0000000000	  0.0000000000	  0.0000000000	  0.0000000000	  0.1201112466	 14.5277291811	1376195.3632635747	-283.0974926831	-390.7092139705	-72795.2237915556
