  0.1030666359	4337.0000000000	 23.2879870878
  0.1012931034	4176.0000000000	 24.1858237548
  0.1101123596	1335.0000000000	 75.6554307116
  0.1011505273	2086.0000000000	 48.4180249281
  0.1137538780	967.0000000000	104.4467425026
  0.1055447471	2056.0000000000	 49.1245136187
  0.1052141527	1074.0000000000	 94.0409683426
  0.1070840198	1821.0000000000	 55.4640307523
  0.1139742319	1009.0000000000	100.0991080278
  0.1213991770	972.0000000000	103.9094650206
  0.1114488349	987.0000000000	102.3302938197
  0.1117824773	993.0000000000	101.7119838872
  0.1072431218	1781.0000000000	 56.7097136440
  0.1067307692	1040.0000000000	 97.1153846154
  0.1040723982	1547.0000000000	 65.2876535229
  0.1043103448	1160.0000000000	 87.0689655172
  0.1021485111	2653.0000000000	 38.0701093102
  0.0881612091	1588.0000000000	 63.6020151134
  0.1092294666	1181.0000000000	 85.5207451312
  0.1035835731	3823.0000000000	 26.4190426367
  0.1026232344	3469.0000000000	 29.1150187374
  0.1017976589	4784.0000000000	 21.1120401338
  0.1100352113	1136.0000000000	 88.9084507042
  0.1127197518	967.0000000000	104.4467425026
  0.1088235294	1020.0000000000	 99.0196078431
  0.1042314129	4183.0000000000	 24.1453502271
  0.1048222776	4417.0000000000	 22.8661987775
  0.1017330632	4443.0000000000	 22.7323880261
  0.1001275510	1568.0000000000	 64.4132653061
  0.1152304609	998.0000000000	101.2024048096
  0.1064657268	2057.0000000000	 49.1006319883
  0.1215805471	987.0000000000	102.3302938197
  0.1038135593	1416.0000000000	 71.3276836158
  0.1075567918	4314.0000000000	 23.4121464998
  0.0999618466	2621.0000000000	 38.5349103396
  0.0799438990	1426.0000000000	 70.8274894811
  0.1086058520	5810.0000000000	 17.3838209983
  0.1095189355	977.0000000000	103.3776867963
  0.1039814457	2587.0000000000	 39.0413606494
  0.1201629328	982.0000000000	102.8513238289
  0.1074408901	5752.0000000000	 17.5591098748
  0.1104356636	987.0000000000	102.3302938197
  0.1081081081	6105.0000000000	 16.5438165438
  0.1021689498	1752.0000000000	 57.6484018265
  0.1042589438	2935.0000000000	 34.4122657581
  0.1261556815	6706.0000000000	 15.0611392783
  0.1123152709	1015.0000000000	 99.5073891626
  0.1076564322	2573.0000000000	 39.2537893510
  0.1014413924	3677.0000000000	 27.4680446016
  0.1069145845	5163.0000000000	 19.5622699981
  0.1089327830	6784.0000000000	 14.8879716981
  0.1039729501	2366.0000000000	 42.6880811496
  0.1187308086	977.0000000000	103.3776867963
  0.1204972904	6274.0000000000	 16.0981829774
  0.1130063966	938.0000000000	107.6759061834
  0.1091219096	1173.0000000000	 86.1040068201
  0.1131960336	6555.0000000000	 15.4080854310
  0.1080901857	1508.0000000000	 66.9761273210
  0.1273261508	1021.0000000000	 98.9226248776
  0.1090188305	1009.0000000000	100.0991080278
  0.1042722665	1381.0000000000	 73.1354091238
  0.1065146580	3070.0000000000	 32.8990228013
  0.1059483726	4455.0000000000	 22.6711560045
  0.1113338192	5488.0000000000	 18.4037900875
  0.1028880866	1108.0000000000	 91.1552346570
  0.1055069480	1943.0000000000	 51.9814719506
  0.1066037736	2120.0000000000	 47.6415094340
  0.1100977199	1535.0000000000	 65.7980456026
  0.1162046908	938.0000000000	107.6759061834
  0.1043699618	2357.0000000000	 42.8510818838
  0.1039535527	3617.0000000000	 27.9236936688
  0.1023596939	3136.0000000000	 32.2066326531
  0.1048099762	3368.0000000000	 29.9881235154
  0.1062965471	1477.0000000000	 68.3818551117
  0.1058333333	1200.0000000000	 84.1666666667
  0.1022692890	3305.0000000000	 30.5597579425
  0.1102941176	6120.0000000000	 16.5032679739
  0.1055310485	2947.0000000000	 34.2721411605
  0.1109123435	6149.0000000000	 16.4254350301
  0.1160377358	1060.0000000000	 95.2830188679
  0.1053215078	1804.0000000000	 55.9866962306
  0.1090196078	3825.0000000000	 26.4052287582
  0.1029204431	4965.0000000000	 20.3423967774
  0.1070357962	5671.0000000000	 17.8099100688
  0.1158292050	8478.0000000000	 11.9131870724
  0.1029962547	2670.0000000000	 37.8277153558
  0.1071774976	2062.0000000000	 48.9815712900
  0.1074882564	7238.0000000000	 13.9541309754
  0.1052907281	1909.0000000000	 52.9072812991
  0.1058350101	2485.0000000000	 40.6438631791
  0.1315835216	5753.0000000000	 17.5560577090
  0.1039156627	4648.0000000000	 21.7297762478
  0.1057479735	2714.0000000000	 37.2144436256
  0.1078758950	2095.0000000000	 48.2100238663
  0.1053140097	4140.0000000000	 24.3961352657
  0.1131680056	5726.0000000000	 17.6388403772
  0.1053656426	4622.0000000000	 21.8520121160
  0.1010758777	3532.0000000000	 28.5956964892
  0.1200000000	925.0000000000	109.1891891892
  0.1054001301	3074.0000000000	 32.8562134027
  0.1057481351	2279.0000000000	 44.3176831944
  0.1096173733	967.0000000000	104.4467425026
  0.1155462185	952.0000000000	106.0924369748
  0.1114488349	987.0000000000	102.3302938197
  0.1064391274	5684.0000000000	 17.7691766362
  0.1105373568	6197.0000000000	 16.2982088107
  0.1012776566	3209.0000000000	 31.4739794328
  0.1033921303	3685.0000000000	 27.4084124830
  0.1041240129	3419.0000000000	 29.5408014039
  0.1090589270	2274.0000000000	 44.4151275286
  0.1290610496	5602.0000000000	 18.0292752588
  0.1047835991	1317.0000000000	 76.6894457099
  0.1035262206	2212.0000000000	 45.6600361664
  0.1051890587	4972.0000000000	 20.3137570394
  0.1047786059	2281.0000000000	 44.2788250767
  0.1078669911	1233.0000000000	 81.9140308191
  0.1018181818	1100.0000000000	 91.8181818182
  0.1059223475	5589.0000000000	 18.0712113079
  0.1039062500	5120.0000000000	 19.7265625000
  0.1071428571	4256.0000000000	 23.7312030075
  0.1018556701	2425.0000000000	 41.6494845361
  0.1022033448	3767.0000000000	 26.8117865676
  0.1012978791	3159.0000000000	 31.9721430833
  0.1049284579	1258.0000000000	 80.2861685215
  0.1040332907	3124.0000000000	 32.3303457106
  0.1031169940	4684.0000000000	 21.5627668659
  0.1122661123	962.0000000000	104.9896049896
  0.1045710708	1597.0000000000	 63.2435817157
  0.1124876115	2018.0000000000	 50.0495540139
  0.1031746032	1260.0000000000	 80.1587301587
  0.0914597214	1651.0000000000	 61.1750454270
  0.1110587126	4241.0000000000	 23.8151379392
  0.1037069726	2266.0000000000	 44.5719329214
  0.1033227128	2197.0000000000	 45.9717796996
  0.1064859632	1033.0000000000	 97.7734753146
  0.1094493542	1471.0000000000	 68.6607749830
  0.1021611002	2036.0000000000	 49.6070726916
  0.1020025031	1598.0000000000	 63.2040050063
  0.0921340131	2746.0000000000	 36.7807720320
  0.1046548957	3115.0000000000	 32.4237560193
  0.1067961165	2369.0000000000	 42.6340227944
  0.1015466015	4914.0000000000	 20.5535205535
  0.1170212766	1128.0000000000	 89.5390070922
  0.1074792244	1805.0000000000	 55.9556786704
  0.1084953941	977.0000000000	103.3776867963
  0.1140724947	938.0000000000	107.6759061834
  0.1071428571	1008.0000000000	100.1984126984
  0.1057524695	1721.0000000000	 58.6868099942
  0.1134838316	1639.0000000000	 61.6229408176
  0.1058118900	4508.0000000000	 22.4046140195
  0.1056383668	1543.0000000000	 65.4569021387
  0.1097178683	957.0000000000	105.5381400209
  0.1031319203	3161.0000000000	 31.9519139513
  0.1049682480	2677.0000000000	 37.7288008965
  0.1049039434	3956.0000000000	 25.5308392315
  0.1053180396	1918.0000000000	 52.6590198123
  0.1028174168	2733.0000000000	 36.9557263081
  0.1014370245	1183.0000000000	 85.3761622992
  0.1111821086	1565.0000000000	 64.5367412141
  0.1067242443	1621.0000000000	 62.3072177668
  0.1039314909	2569.0000000000	 39.3149085247
  0.1035156250	3072.0000000000	 32.8776041667
  0.1182225846	7359.0000000000	 13.7246908547
  0.1139930833	7518.0000000000	 13.4344240489
  0.1027639972	2822.0000000000	 35.7902197023
  0.1091860675	5541.0000000000	 18.2277567226
  0.1023169982	4877.0000000000	 20.7094525323
  0.1088280061	1314.0000000000	 76.8645357686
  0.1060885609	1084.0000000000	 93.1734317343
  0.1088803089	1295.0000000000	 77.9922779923
  0.1073891626	1015.0000000000	 99.5073891626
  0.1081545064	4660.0000000000	 21.6738197425
  0.1058394161	1096.0000000000	 92.1532846715
  0.1063019391	2888.0000000000	 34.9722991690
  0.1106758080	1021.0000000000	 98.9226248776
  0.1026831785	1938.0000000000	 52.1155830753
  0.1070023603	1271.0000000000	 79.4649881983
  0.1103581801	1033.0000000000	 97.7734753146
  0.1220020855	959.0000000000	105.3180396246
  0.1113761741	6707.0000000000	 15.0588936932
  0.1113207547	1060.0000000000	 95.2830188679
  0.1009549795	2932.0000000000	 34.4474761255
  0.1041405270	3985.0000000000	 25.3450439147
  0.1139451728	4195.0000000000	 24.0762812872
  0.1057851240	1815.0000000000	 55.6473829201
  0.1069877615	2533.0000000000	 39.8736675878
  0.0995652174	2300.0000000000	 43.9130434783
  0.1016731017	2331.0000000000	 43.3290433290
  0.1060185185	4320.0000000000	 23.3796296296
  0.1087420043	938.0000000000	107.6759061834
  0.0937049495	2081.0000000000	 48.5343584815
  0.1060015588	1283.0000000000	 78.7217459080
  0.1046944858	2684.0000000000	 37.6304023845
  0.1017423771	3214.0000000000	 31.4250155569
  0.1844788520	10592.0000000000	  9.5354984894
  0.1041985903	3263.0000000000	 30.9531106344
  0.1104014599	1096.0000000000	 92.1532846715
  0.1072935503	1659.0000000000	 60.8800482218
  0.1145418327	1004.0000000000	100.5976095618
  0.1146366428	977.0000000000	103.3776867963
  0.1117625047	8017.0000000000	 12.5982287639
  0.1077788191	1067.0000000000	 94.6579194002
  0.1096173733	967.0000000000	104.4467425026
  0.1099922541	1291.0000000000	 78.2339271882
  0.1104072398	1105.0000000000	 91.4027149321
  0.1139116843	5118.0000000000	 19.7342711997
  0.1056603774	1060.0000000000	 95.2830188679
  0.1061479347	2082.0000000000	 48.5110470701
  0.1026722925	5688.0000000000	 17.7566807314
  0.1084093212	987.0000000000	102.3302938197
  0.1126126126	1110.0000000000	 90.9909909910
  0.1015021459	4660.0000000000	 21.6738197425
  0.1181175023	6502.0000000000	 15.5336819440
  0.1045138889	2880.0000000000	 35.0694444444
  0.1100099108	1009.0000000000	100.0991080278
  0.1208907741	943.0000000000	107.1049840933
  0.0990003225	3101.0000000000	 32.5701386649
  0.1069900143	1402.0000000000	 72.0399429387
  0.1047741935	3875.0000000000	 26.0645161290
  0.1033905400	2389.0000000000	 42.2771033905
  0.1136131013	977.0000000000	103.3776867963
  0.1030139451	2223.0000000000	 45.4340980657
  0.1255193527	9146.0000000000	 11.0430789416
  0.0842026826	1342.0000000000	 75.2608047690
  0.1030110935	1262.0000000000	 80.0316957211
  0.1025974026	2310.0000000000	 43.7229437229
  0.1135734072	1444.0000000000	 69.9445983380
  0.1021802799	3073.0000000000	 32.8669053043
  0.1055607917	2122.0000000000	 47.5966069746
  0.1148897059	1088.0000000000	 92.8308823529
  0.1085801063	1317.0000000000	 76.6894457099
  0.1035230352	1845.0000000000	 54.7425474255
  0.1264117567	7349.0000000000	 13.7433664444
  0.1026217228	2670.0000000000	 37.8277153558
  0.1081750619	1211.0000000000	 83.4021469860
  0.1060109290	2745.0000000000	 36.7941712204
  0.1118310535	4167.0000000000	 24.2380609551
  0.1126346719	1021.0000000000	 98.9226248776
  0.1116856256	967.0000000000	104.4467425026
  0.1058080808	3960.0000000000	 25.5050505051
  0.1205179283	1004.0000000000	100.5976095618
  0.1067794181	6977.0000000000	 14.4761358750
  0.1025338833	3394.0000000000	 29.7583971715
  0.1079557772	4613.0000000000	 21.8946455669
  0.1034557235	4630.0000000000	 21.8142548596
  0.1116504854	1236.0000000000	 81.7152103560
  0.1150712831	982.0000000000	102.8513238289
  0.1099526066	1055.0000000000	 95.7345971564
  0.1059907834	1302.0000000000	 77.5729646697
  0.1087645195	947.0000000000	106.6525871172
  0.1088804913	4234.0000000000	 23.8545111006
  0.1161665053	1033.0000000000	 97.7734753146
  0.1113262343	1033.0000000000	 97.7734753146
  0.1190259445	4394.0000000000	 22.9858898498
  0.1105634960	6087.0000000000	 16.5927386233
  0.1192384770	998.0000000000	101.2024048096
  0.1037478282	4029.0000000000	 25.0682551502
  0.1252348153	7985.0000000000	 12.6487163431
  0.1013904983	1726.0000000000	 58.5168018540
  0.1089613035	982.0000000000	102.8513238289
  0.1043788187	1964.0000000000	 51.4256619145
  0.1020026702	3745.0000000000	 26.9692923899
  0.1028688525	2440.0000000000	 41.3934426230
  0.1089866157	1046.0000000000	 96.5583173996
  0.1153846154	962.0000000000	104.9896049896
  0.1053708440	3910.0000000000	 25.8312020460
  0.1103631171	4902.0000000000	 20.6038351693
  0.1037454425	3017.0000000000	 33.4769638714
  0.1085776330	921.0000000000	109.6634093377
  0.1037318153	3162.0000000000	 31.9418089817
  0.0833333333	1752.0000000000	 57.6484018265
  0.1124620061	987.0000000000	102.3302938197
  0.1038655462	2975.0000000000	 33.9495798319
  0.1545978628	14224.0000000000	  7.1006749156
  0.1060737152	5779.0000000000	 17.4770721578
  0.1082621083	1053.0000000000	 95.9164292498
  0.1279426817	977.0000000000	103.3776867963
  0.1070127505	2196.0000000000	 45.9927140255
  0.1069250090	2787.0000000000	 36.2396842483
  0.1126629423	1074.0000000000	 94.0409683426
  0.1031578947	1425.0000000000	 70.8771929825
  0.1069237511	2282.0000000000	 44.2594215600
  0.1134751773	987.0000000000	102.3302938197
  0.1190078703	8386.0000000000	 12.0438826616
  0.1081382386	2691.0000000000	 37.5325157934
  0.1129104813	2223.0000000000	 45.4340980657
  0.1063380282	2840.0000000000	 35.5633802817
  0.1144957983	952.0000000000	106.0924369748
  0.1073446328	3894.0000000000	 25.9373394967
  0.1083012644	1819.0000000000	 55.5250137438
  0.1065140845	1136.0000000000	 88.9084507042
  0.0993129294	3202.0000000000	 31.5427857589
  0.1006600660	1212.0000000000	 83.3333333333
  0.1141414141	990.0000000000	102.0202020202
  0.1027397260	1606.0000000000	 62.8891656289
  0.1025641026	4290.0000000000	 23.5431235431
  0.1045903544	1721.0000000000	 58.6868099942
  0.1033877039	3985.0000000000	 25.3450439147
  0.1038015638	3709.0000000000	 27.2310595848
  0.1151003168	947.0000000000	106.6525871172
  0.1059225513	2634.0000000000	 38.3447228550
  0.1107303491	4669.0000000000	 21.6320411223
  0.1069246436	982.0000000000	102.8513238289
  0.1102854908	5114.0000000000	 19.7497066875
  0.1147880041	967.0000000000	104.4467425026
  0.1067580803	1021.0000000000	 98.9226248776
  0.1491099837	11629.0000000000	  8.6851835927
  0.1062706271	3030.0000000000	 33.3333333333
  0.1072289157	2490.0000000000	 40.5622489960
  0.1061452514	1074.0000000000	 94.0409683426
  0.1010886470	2572.0000000000	 39.2690513219
  0.1040436165	2201.0000000000	 45.8882326215
  0.1207702889	7270.0000000000	 13.8927097662
  0.1020245072	3754.0000000000	 26.9046350559
  0.1046168959	2036.0000000000	 49.6070726916
  0.1228249744	977.0000000000	103.3776867963
  0.1201189553	7734.0000000000	 13.0592190328
  0.1053901850	1243.0000000000	 81.2550281577
  0.1046065259	1042.0000000000	 96.9289827255
  0.1173580786	5496.0000000000	 18.3770014556
  0.1105855489	6131.0000000000	 16.4736584570
  0.1074020319	2067.0000000000	 48.8630865989
  0.1045335332	2669.0000000000	 37.8418883477
  0.1195924996	6773.0000000000	 14.9121511885
  0.1052369077	2005.0000000000	 50.3740648379
  0.1073047859	3970.0000000000	 25.4408060453
  0.1026951673	4304.0000000000	 23.4665427509
  0.1068965517	1450.0000000000	 69.6551724138
  0.1021352313	2810.0000000000	 35.9430604982
  0.1027397260	3066.0000000000	 32.9419439008
  0.1072834646	1016.0000000000	 99.4094488189
  0.1104809914	4761.0000000000	 21.2140306658
  0.1103155068	4469.0000000000	 22.6001342582
  0.1100987092	1317.0000000000	 76.6894457099
  0.1034077556	3404.0000000000	 29.6709753231
  0.1046260268	2313.0000000000	 43.6662343277
  0.0889003083	1946.0000000000	 51.9013360740
  0.1074950690	1014.0000000000	 99.6055226824
  0.1020158827	3274.0000000000	 30.8491142334
  0.1103448276	1015.0000000000	 99.5073891626
  0.1097683787	993.0000000000	101.7119838872
  0.1125000000	1040.0000000000	 97.1153846154
  0.1067580803	1021.0000000000	 98.9226248776
  0.1026871401	1042.0000000000	 96.9289827255
  0.1033883579	3453.0000000000	 29.2499275992
  0.1067259589	1799.0000000000	 56.1423012785
  0.1118389131	8244.0000000000	 12.2513343037
  0.1055555556	2880.0000000000	 35.0694444444
  0.1054398925	1489.0000000000	 67.8307588986
  0.1130044843	4460.0000000000	 22.6457399103
  0.1144883485	987.0000000000	102.3302938197
  0.1083650190	1052.0000000000	 96.0076045627
  0.1051282051	2340.0000000000	 43.1623931624
  0.1117318436	1074.0000000000	 94.0409683426
  0.1042409830	2523.0000000000	 40.0317082838
  0.1156787763	1046.0000000000	 96.5583173996
  0.1034644195	2136.0000000000	 47.2846441948
  0.1180492252	8776.0000000000	 11.5086599818
  0.1219739292	1074.0000000000	 94.0409683426
  0.1051401869	2568.0000000000	 39.3302180685
  0.1140724947	938.0000000000	107.6759061834
  0.1060606061	2112.0000000000	 47.8219696970
  0.1062976334	2493.0000000000	 40.5134376254
  0.1018276762	3830.0000000000	 26.3707571802
  0.1140350877	1254.0000000000	 80.5422647528
  0.1155462185	952.0000000000	106.0924369748
  0.1096774194	930.0000000000	108.6021505376
  0.1132264529	998.0000000000	101.2024048096
  0.1126527915	3027.0000000000	 33.3663693426
  0.1074074074	1080.0000000000	 93.5185185185
  0.1162551440	972.0000000000	103.9094650206
  0.0891472868	1290.0000000000	 78.2945736434
  0.0994228263	5371.0000000000	 18.8046918637
  0.1044444444	2700.0000000000	 37.4074074074
  0.1023877746	5235.0000000000	 19.2932187202
  0.1049562682	4459.0000000000	 22.6508185692
  0.1142857143	1015.0000000000	 99.5073891626
  0.1214453710	4677.0000000000	 21.5950395553
  0.1045666840	3854.0000000000	 26.2065386611
  0.1210290055	5792.0000000000	 17.4378453039
  0.1213991770	972.0000000000	103.9094650206
  0.1091030790	1494.0000000000	 67.6037483266
  0.1113262343	1033.0000000000	 97.7734753146
  0.1025204360	2936.0000000000	 34.4005449591
  0.1166837257	977.0000000000	103.3776867963
  0.0983384198	2949.0000000000	 34.2488979315
  0.1040037906	4221.0000000000	 23.9279791519
  0.1105904405	1067.0000000000	 94.6579194002
  0.1063975368	2923.0000000000	 34.5535408827
  0.1206077873	1053.0000000000	 95.9164292498
  0.1080045959	5222.0000000000	 19.3412485638
  0.1158106747	993.0000000000	101.7119838872
  0.1112132353	1088.0000000000	 92.8308823529
  0.1131561009	1467.0000000000	 68.8479890934
  0.1168451801	1027.0000000000	 98.3446932814
  0.1049166838	4861.0000000000	 20.7776177741
  0.1042821159	1985.0000000000	 50.8816120907
  0.1205179283	1004.0000000000	100.5976095618
  0.1109879451	7217.0000000000	 13.9947346543
  0.1013946476	5306.0000000000	 19.0350546551
  0.1047985877	6231.0000000000	 16.2092761996
  0.1116412214	1048.0000000000	 96.3740458015
  0.1732716228	6914.0000000000	 14.6080416546
  0.1108202443	1146.0000000000	 88.1326352531
  0.1059410054	2407.0000000000	 41.9609472372
  0.1024113475	3525.0000000000	 28.6524822695
  0.1023622047	3683.0000000000	 27.4232962259
  0.1054084782	6157.0000000000	 16.4040929024
  0.1057977148	2363.0000000000	 42.7422767668
  0.1087169442	1021.0000000000	 98.9226248776
  0.1064727955	2132.0000000000	 47.3733583490
  0.1080721747	5265.0000000000	 19.1832858500
  0.1068702290	2096.0000000000	 48.1870229008
  0.1299638989	10249.0000000000	  9.8546199629
  0.1043034282	1371.0000000000	 73.6688548505
  0.1024785510	2098.0000000000	 48.1410867493
  0.1103773585	1060.0000000000	 95.2830188679
  0.1096774194	930.0000000000	108.6021505376
  0.1084337349	1328.0000000000	 76.0542168675
  0.1148897059	1088.0000000000	 92.8308823529
  0.1091476091	962.0000000000	104.9896049896
  0.1151241535	886.0000000000	113.9954853273
  0.1137363910	4317.0000000000	 23.3958767663
  0.1177072671	6839.0000000000	 14.7682409709
  0.1034890597	5073.0000000000	 19.9093238715
  0.1092436975	952.0000000000	106.0924369748
  0.1200000000	925.0000000000	109.1891891892
  0.1081654295	943.0000000000	107.1049840933
  0.1054945055	1820.0000000000	 55.4945054945
  0.1097200091	4393.0000000000	 22.9911222399
  0.1079216733	4494.0000000000	 22.4744103249
  0.1079607415	917.0000000000	110.1417666303
  0.1052631579	1520.0000000000	 66.4473684211
  0.1010886470	1929.0000000000	 52.3587350959
  0.1080206986	1546.0000000000	 65.3298835705
  0.1028248588	1770.0000000000	 57.0621468927
  0.1250608667	12322.0000000000	  8.1967213115
  0.1095890411	3066.0000000000	 32.9419439008
  0.1023859861	3311.0000000000	 30.5043793416
  0.1027703307	2238.0000000000	 45.1295799821
  0.1021532298	1997.0000000000	 50.5758637957
  0.1078875793	1103.0000000000	 91.5684496827
  0.1074540174	1033.0000000000	 97.7734753146
  0.1140425532	2350.0000000000	 42.9787234043
  0.1246264721	5689.0000000000	 17.7535595008
  0.1089108911	1212.0000000000	 83.3333333333
  0.1047165729	2311.0000000000	 43.7040242319
  0.1097694841	2733.0000000000	 36.9557263081
  0.1053740780	1898.0000000000	 53.2139093783
  0.1164437451	1271.0000000000	 79.4649881983
  0.0863787375	1204.0000000000	 83.8870431894
  0.1039861352	1731.0000000000	 58.3477758521
  0.1064476886	1644.0000000000	 61.4355231144
  0.1083065626	2179.0000000000	 46.3515374025
  0.1104955371	6498.0000000000	 15.5432440751
  0.1119766310	1027.0000000000	 98.3446932814
  0.1162458313	6297.0000000000	 16.0393838336
  0.1024198087	1777.0000000000	 56.8373663478
  0.1056286550	5472.0000000000	 18.4576023392
  0.1264940239	1004.0000000000	100.5976095618
  0.1058201058	1701.0000000000	 59.3768371546
  0.1097716636	7051.0000000000	 14.3242093320
  0.1041409147	3236.0000000000	 31.2113720643
  0.1366392558	12039.0000000000	  8.3894011130
  0.1104780778	4037.0000000000	 25.0185781521
  0.1043029260	2905.0000000000	 34.7676419966
  0.0986842105	1520.0000000000	 66.4473684211
  0.1037344398	2651.0000000000	 38.0988306300
  0.1547771442	8593.0000000000	 11.7537530548
  0.1151003168	947.0000000000	106.6525871172
  0.1009137863	5034.0000000000	 20.0635677394
  0.1073271414	2907.0000000000	 34.7437220502
  0.1031257691	4063.0000000000	 24.8584789564
  0.1081654295	943.0000000000	107.1049840933
  0.1022727273	3696.0000000000	 27.3268398268
  0.1108764520	947.0000000000	106.6525871172
  0.1048218029	3339.0000000000	 30.2485774184
  0.1022511527	3687.0000000000	 27.3935448874
  0.1074087203	5642.0000000000	 17.9014533853
  0.1129367328	5295.0000000000	 19.0745986780
  0.1064341551	4989.0000000000	 20.2445379836
  0.0850456621	1752.0000000000	 57.6484018265
  0.1068950871	7063.0000000000	 14.2998725754
  0.1190253046	1067.0000000000	 94.6579194002
  0.1145223476	7003.0000000000	 14.4223904041
  0.1156316916	934.0000000000	108.1370449679
  0.1041739740	2851.0000000000	 35.4261662575
  0.0822916667	1920.0000000000	 52.6041666667
  0.1102783726	934.0000000000	108.1370449679
  0.1225937183	987.0000000000	102.3302938197
  0.1163461538	1040.0000000000	 97.1153846154
  0.1169821241	3804.0000000000	 26.5509989485
  0.1060037523	1066.0000000000	 94.7467166979
  0.1084337349	1743.0000000000	 57.9460699943
  0.1064976228	3155.0000000000	 32.0126782884
  0.1174636175	962.0000000000	104.9896049896
  0.1122262774	1096.0000000000	 92.1532846715
  0.1102532427	3238.0000000000	 31.1920938851
  0.1091968584	3947.0000000000	 25.5890549785
  0.1145945946	925.0000000000	109.1891891892
  0.1067880795	1208.0000000000	 83.6092715232
  0.1064623032	2414.0000000000	 41.8392709196
  0.1060942512	4053.0000000000	 24.9198124846
  0.1144465291	1066.0000000000	 94.7467166979
  0.1047108730	4479.0000000000	 22.5496762670
  0.1034663866	1904.0000000000	 53.0462184874
  0.1040419162	1336.0000000000	 75.5988023952
  0.1036550543	3502.0000000000	 28.8406624786
  0.1050308914	1133.0000000000	 89.1438658429
  0.1117381490	886.0000000000	113.9954853273
  0.1178188900	1027.0000000000	 98.3446932814
  0.1204588910	1046.0000000000	 96.5583173996
  0.1039614795	4569.0000000000	 22.1054935434
  0.1061946903	1243.0000000000	 81.2550281577
  0.1049645390	2115.0000000000	 47.7541371158
  0.1065274151	1915.0000000000	 52.7415143603
  0.1050620821	1047.0000000000	 96.4660936008
  0.1196801651	7754.0000000000	 13.0255352076
  0.1106729758	3804.0000000000	 26.5509989485
  0.1083481350	4504.0000000000	 22.4245115453
  0.1095189355	977.0000000000	103.3776867963
  0.1908195971	8736.0000000000	 11.5613553114
  0.1015394694	3053.0000000000	 33.0822142155
  0.1126346719	1021.0000000000	 98.9226248776
  0.0745650373	1207.0000000000	 83.6785418393
  0.1036296686	5703.0000000000	 17.7099772050
  0.1075725407	1413.0000000000	 71.4791224345
  0.1047030553	2913.0000000000	 34.6721592860
  0.1100110011	909.0000000000	111.1111111111
  0.1041886660	2841.0000000000	 35.5508623724
  0.1110120374	2243.0000000000	 45.0289790459
  0.1063122924	1505.0000000000	 67.1096345515
  0.1114488349	987.0000000000	102.3302938197
  0.1038415366	3332.0000000000	 30.3121248499
  0.1175298805	1004.0000000000	100.5976095618
  0.1044776119	1541.0000000000	 65.5418559377
  0.1022076860	3669.0000000000	 27.5279367675
  0.1080026025	1537.0000000000	 65.7124268055
  0.1032863850	1917.0000000000	 52.6864893062
  0.1314363144	9594.0000000000	 10.5274129664
  0.1140529532	982.0000000000	102.8513238289
  0.1149425287	957.0000000000	105.5381400209
  0.1032480494	5511.0000000000	 18.3269823988
  0.1040587219	2316.0000000000	 43.6096718480
  0.1142857143	6545.0000000000	 15.4316271963
  0.1196942446	11120.0000000000	  9.0827338129
  0.1114032205	6086.0000000000	 16.5954650016
  0.1119807345	1661.0000000000	 60.8067429259
  0.1219028741	1009.0000000000	100.0991080278
  0.1023746702	1895.0000000000	 53.2981530343
  0.1045241810	1282.0000000000	 78.7831513261
  0.1071310116	3015.0000000000	 33.4991708126
  0.1030741410	3318.0000000000	 30.4400241109
  0.1027503892	1927.0000000000	 52.4130773223
  0.1043764126	4867.0000000000	 20.7520032874
  0.1042144243	5671.0000000000	 17.8099100688
  0.1021087680	5406.0000000000	 18.6829448761
  0.1096647646	5608.0000000000	 18.0099857347
  0.1196581197	1053.0000000000	 95.9164292498
  0.1043421905	3086.0000000000	 32.7284510693
  0.1212121212	957.0000000000	105.5381400209
  0.1185112635	1021.0000000000	 98.9226248776
  0.1378713585	6934.0000000000	 14.5659071243
  0.1047806156	1527.0000000000	 66.1427635887
  0.1095636026	1077.0000000000	 93.7790157846
  0.1115537849	1255.0000000000	 80.4780876494
  0.1057334326	1343.0000000000	 75.2047654505
  0.1163237311	3645.0000000000	 27.7091906722
  0.1072386059	1492.0000000000	 67.6943699732
  0.1162046908	938.0000000000	107.6759061834
  0.1047409041	1814.0000000000	 55.6780595369
  0.1126945845	4561.0000000000	 22.1442666082
  0.1065259117	1042.0000000000	 96.9289827255
  0.1127214171	1242.0000000000	 81.3204508857
  0.1073318216	1323.0000000000	 76.3416477702
  0.1153100775	1032.0000000000	 97.8682170543
  0.1093892434	1097.0000000000	 92.0692798541
  0.1117824773	993.0000000000	101.7119838872
  0.1061076605	1932.0000000000	 52.2774327122
  0.1075892857	2240.0000000000	 45.0892857143
  0.1119981752	4384.0000000000	 23.0383211679
  0.1199207136	1009.0000000000	100.0991080278
  0.1022146508	2348.0000000000	 43.0153321976
  0.1126346719	1021.0000000000	 98.9226248776
  0.1051660517	1084.0000000000	 93.1734317343
  0.1064066852	1795.0000000000	 56.2674094708
  0.1038798498	1598.0000000000	 63.2040050063
  0.1025741796	5089.0000000000	 19.8467282374
  0.1132075472	1060.0000000000	 95.2830188679
  0.1057692308	1040.0000000000	 97.1153846154
  0.1072532699	4205.0000000000	 24.0190249703
  0.1082550667	2023.0000000000	 49.9258526940
  0.1077551020	1225.0000000000	 82.4489795918
  0.1117824773	993.0000000000	101.7119838872
  0.1180773250	957.0000000000	105.5381400209
  0.1026341948	4024.0000000000	 25.0994035785
  0.1032608696	5152.0000000000	 19.6040372671
  0.1454798573	11493.0000000000	  8.7879578874
  0.1089370703	1891.0000000000	 53.4108937070
  0.1156572818	4937.0000000000	 20.4577678752
  0.1299198575	11230.0000000000	  8.9937666963
  0.1076923077	1040.0000000000	 97.1153846154
  0.1037181996	2044.0000000000	 49.4129158513
  0.1066398390	2485.0000000000	 40.6438631791
  0.1017569546	4098.0000000000	 24.6461688629
  0.1112132353	1088.0000000000	 92.8308823529
  0.1074458058	1061.0000000000	 95.1932139491
  0.1064169902	4379.0000000000	 23.0646266271
  0.1139601140	1053.0000000000	 95.9164292498
  0.1041468819	6318.0000000000	 15.9860715416
  0.1070366700	1009.0000000000	100.0991080278
  0.1208751469	11061.0000000000	  9.1311816291
  0.1017699115	3164.0000000000	 31.9216182048
  0.1052631579	4009.0000000000	 25.1933150412
  0.1066853017	4293.0000000000	 23.5266713254
  0.1105038023	4208.0000000000	 24.0019011407
  0.1082484522	5007.0000000000	 20.1717595366
  0.1056379822	1685.0000000000	 59.9406528190
  0.1022187005	2524.0000000000	 40.0158478605
  0.1109979633	982.0000000000	102.8513238289
  0.1068740592	1993.0000000000	 50.6773707978
  0.1037623762	2525.0000000000	 40.0000000000
  0.1085069444	1152.0000000000	 87.6736111111
  0.1155378486	1004.0000000000	100.5976095618
  0.1060707138	1499.0000000000	 67.3782521681
  0.1071281417	2427.0000000000	 41.6151627524
  0.1125725999	5854.0000000000	 17.2531602323
  0.1009839461	1931.0000000000	 52.3045054376
  0.1226482073	5634.0000000000	 17.9268725595
  0.1114413076	5384.0000000000	 18.7592867756
  0.1105371901	968.0000000000	104.3388429752
  0.1101417666	917.0000000000	110.1417666303
  0.1048430016	1879.0000000000	 53.7519957424
  0.1108742004	938.0000000000	107.6759061834
  0.1062882582	1797.0000000000	 56.2047857540
  0.1066666667	5175.0000000000	 19.5169082126
  0.1106106106	1998.0000000000	 50.5505505506
  0.1030952381	4200.0000000000	 24.0476190476
  0.1049432739	4936.0000000000	 20.4619124797
  0.1043807463	3698.0000000000	 27.3120605733
  0.1059424576	3719.0000000000	 27.1578381285
  0.1188305564	9543.0000000000	 10.5836738971
  0.1084093212	987.0000000000	102.3302938197
  0.1073113208	1696.0000000000	 59.5518867925
  0.1107117182	5564.0000000000	 18.1524083393
  0.1059322034	2360.0000000000	 42.7966101695
  0.1052631579	4541.0000000000	 22.2417969610
  0.1289960168	9791.0000000000	 10.3155959555
  0.1094890511	959.0000000000	105.3180396246
  0.1048695969	5483.0000000000	 18.4205726792
  0.1061705989	1102.0000000000	 91.6515426497
  0.1029203957	4246.0000000000	 23.7870937353
  0.1064003261	2453.0000000000	 41.1740725642
  0.1093884582	1161.0000000000	 86.9939707149
  0.1042413381	3348.0000000000	 30.1672640382
  0.1041224614	6598.0000000000	 15.3076689906
  0.1025320413	3199.0000000000	 31.5723663645
  0.1018155054	4076.0000000000	 24.7791952895
  0.1090497738	2210.0000000000	 45.7013574661
  0.1051094891	1370.0000000000	 73.7226277372
  0.1141975309	972.0000000000	103.9094650206
  0.1026894866	3681.0000000000	 27.4381961424
  0.1049568966	4640.0000000000	 21.7672413793
  0.1272534464	943.0000000000	107.1049840933
  0.1533698500	8398.0000000000	 12.0266730174
  0.1079734219	4214.0000000000	 23.9677266255
  0.1105577689	1004.0000000000	100.5976095618
  0.1103448276	1015.0000000000	 99.5073891626
  0.1026431718	2270.0000000000	 44.4933920705
  0.1220268873	967.0000000000	104.4467425026
  0.1031746032	1764.0000000000	 57.2562358277
  0.1040000000	1750.0000000000	 57.7142857143
  0.1041461977	5089.0000000000	 19.8467282374
  0.1016856987	3678.0000000000	 27.4605764002
  0.1086175943	1114.0000000000	 90.6642728905
  0.1081081081	1110.0000000000	 90.9909909910
  0.1049156273	1363.0000000000	 74.1012472487
  0.1192682927	8200.0000000000	 12.3170731707
  0.1046449546	3746.0000000000	 26.9620928991
  0.1113445378	952.0000000000	106.0924369748
  0.1196100487	5334.0000000000	 18.9351331084
  0.1050198151	1514.0000000000	 66.7107001321
  0.1141509434	1060.0000000000	 95.2830188679
  0.1069664032	4048.0000000000	 24.9505928854
  0.1198388721	993.0000000000	101.7119838872
  0.1100292113	1027.0000000000	 98.3446932814
  0.1084582909	6869.0000000000	 14.7037414471
  0.1010516690	2187.0000000000	 46.1819844536
  0.1044560185	3456.0000000000	 29.2245370370
  0.0823341327	1251.0000000000	 80.7354116707
  0.1060445387	943.0000000000	107.1049840933
  0.1042524005	1458.0000000000	 69.2729766804
  0.1132623427	1033.0000000000	 97.7734753146
  0.1031804734	2704.0000000000	 37.3520710059
  0.1234084231	1021.0000000000	 98.9226248776
  0.1209117939	1009.0000000000	100.0991080278
  0.1056049214	2926.0000000000	 34.5181134655
  0.1076836792	1783.0000000000	 56.6461020752
  0.1237006237	962.0000000000	104.9896049896
  0.1389540053	12371.0000000000	  8.1642551128
  0.1136131013	977.0000000000	103.3776867963
  0.1159874608	957.0000000000	105.5381400209
  0.1214207048	7264.0000000000	 13.9041850220
  0.1148295978	6514.0000000000	 15.5050660117
  0.1113300493	1015.0000000000	 99.5073891626
  0.1199207136	1009.0000000000	100.0991080278
  0.1185258964	1004.0000000000	100.5976095618
  0.1028341632	5222.0000000000	 19.3412485638
  0.1025418833	3462.0000000000	 29.1738879261
  0.1056966369	2914.0000000000	 34.6602608099
  0.1207983193	952.0000000000	106.0924369748
  0.1059714045	1189.0000000000	 84.9453322119
  0.1104938272	1620.0000000000	 62.3456790123
  0.1098696462	1074.0000000000	 94.0409683426
  0.1136929461	1205.0000000000	 83.8174273859
  0.1044776119	3819.0000000000	 26.4467137994
  0.1109799292	2541.0000000000	 39.7481306572
  0.1060766783	6599.0000000000	 15.3053492953
  0.1172413793	1015.0000000000	 99.5073891626
  0.1062298337	4029.0000000000	 25.0682551502
  0.1038163864	3747.0000000000	 26.9548972511
  0.1054267948	3538.0000000000	 28.5472018089
  0.1104868914	1068.0000000000	 94.5692883895
  0.1104629967	2743.0000000000	 36.8209989063
  0.1058248915	5528.0000000000	 18.2706222865
  0.1023181455	5004.0000000000	 20.1838529177
  0.1078816892	5849.0000000000	 17.2679090443
  0.1110852893	4303.0000000000	 23.4719962817
  0.1261633919	967.0000000000	104.4467425026
  0.1235059761	1004.0000000000	100.5976095618
  0.1059921710	3321.0000000000	 30.4125263475
  0.1038869258	2830.0000000000	 35.6890459364
  0.1065623119	1661.0000000000	 60.8067429259
  0.1115276476	1067.0000000000	 94.6579194002
  0.1059876118	1453.0000000000	 69.5113558156
  0.0910518053	1274.0000000000	 79.2778649922
  0.1153846154	1040.0000000000	 97.1153846154
  0.1047535211	1136.0000000000	 88.9084507042
  0.1026234568	3888.0000000000	 25.9773662551
  0.1358456617	10004.0000000000	 10.0959616154
  0.1030948965	4879.0000000000	 20.7009633122
  0.1070073362	3953.0000000000	 25.5502150266
  0.1070889894	1326.0000000000	 76.1689291101
  0.1082993197	3675.0000000000	 27.4829931973
  0.1060291060	2405.0000000000	 41.9958419958
  0.1175318315	1021.0000000000	 98.9226248776
  0.1073261783	4286.0000000000	 23.5650956603
  0.1115384615	1040.0000000000	 97.1153846154
  0.1175278622	987.0000000000	102.3302938197
  0.1022848034	3764.0000000000	 26.8331562168
  0.0818414322	1173.0000000000	 86.1040068201
  0.1047169811	1060.0000000000	 95.2830188679
  0.1010488616	3909.0000000000	 25.8378101816
  0.1181028410	4259.0000000000	 23.7144869688
  0.1160613398	6195.0000000000	 16.3034705408
  0.1106243154	913.0000000000	110.6243154436
  0.1200387222	1033.0000000000	 97.7734753146
  0.1028539135	3539.0000000000	 28.5391353490
  0.1082677165	1016.0000000000	 99.4094488189
  0.1320271013	10922.0000000000	  9.2473905878
  0.1102702703	925.0000000000	109.1891891892
  0.1113207547	1060.0000000000	 95.2830188679
  0.1026592455	3234.0000000000	 31.2306740878
  0.1152647975	4494.0000000000	 22.4744103249
  0.1132623427	1033.0000000000	 97.7734753146
  0.1092931937	1528.0000000000	 66.0994764398
  0.1121323529	1088.0000000000	 92.8308823529
  0.1124197002	934.0000000000	108.1370449679
  0.1045254305	2497.0000000000	 40.4485382459
  0.1045328400	1081.0000000000	 93.4320074006
  0.1277719113	947.0000000000	106.6525871172
  0.1165048544	3399.0000000000	 29.7146219476
  0.1108490566	5088.0000000000	 19.8506289308
  0.1051998074	4154.0000000000	 24.3139142995
  0.1043423930	3201.0000000000	 31.5526398001
  0.1058074781	2514.0000000000	 40.1750198886
  0.1115537849	1004.0000000000	100.5976095618
  0.1099317665	5276.0000000000	 19.1432903715
  0.1167279412	1088.0000000000	 92.8308823529
  0.1138975967	957.0000000000	105.5381400209
  0.1060230092	4433.0000000000	 22.7836679450
  0.1140114517	5938.0000000000	 17.0090939710
  0.1134751773	987.0000000000	102.3302938197
  0.1095588235	1360.0000000000	 74.2647058824
  0.1072761194	2144.0000000000	 47.1082089552
  0.1054747912	3233.0000000000	 31.2403340551
  0.1096014493	1104.0000000000	 91.4855072464
  0.1278586279	962.0000000000	104.9896049896
  0.1056042699	5246.0000000000	 19.2527640107
  0.1098204857	947.0000000000	106.6525871172
  0.1013772861	4429.0000000000	 22.8042447505
  0.1122554068	971.0000000000	104.0164778579
  0.1024305556	1152.0000000000	 87.6736111111
  0.1073124406	2106.0000000000	 47.9582146249
  0.1228249744	977.0000000000	103.3776867963
  0.1042689838	2647.0000000000	 38.1564034756
  0.1080817916	1027.0000000000	 98.3446932814
  0.1024461129	4129.0000000000	 24.4611286026
  0.1107142857	1120.0000000000	 90.1785714286
  0.1046882112	4394.0000000000	 22.9858898498
  0.1071049841	943.0000000000	107.1049840933
  0.1085832472	967.0000000000	104.4467425026
  0.1175298805	1004.0000000000	100.5976095618
  0.1171408903	8716.0000000000	 11.5878843506
  0.1067161104	2427.0000000000	 41.6151627524
  0.1058545240	1691.0000000000	 59.7279716144
  0.1033124855	4317.0000000000	 23.3958767663
  0.1034244206	2891.0000000000	 34.9360083016
  0.1035767511	5368.0000000000	 18.8152011923
  0.1105904405	1067.0000000000	 94.6579194002
  0.1020925808	3154.0000000000	 32.0228281547
  0.1112224449	998.0000000000	101.2024048096
  0.1064851882	1249.0000000000	 80.8646917534
  0.1023459062	4348.0000000000	 23.2290708372
  0.1210468920	917.0000000000	110.1417666303
  0.1044580420	4576.0000000000	 22.0716783217
  0.1018044108	4489.0000000000	 22.4994430831
  0.0918367347	2156.0000000000	 46.8460111317
  0.1040206566	2711.0000000000	 37.2556252305
  0.1099195710	1492.0000000000	 67.6943699732
  0.1021028037	4280.0000000000	 23.5981308411
  0.1079348579	5772.0000000000	 17.4982674983
  0.1061452514	1074.0000000000	 94.0409683426
  0.1074049366	2998.0000000000	 33.6891260841
  0.1089866157	1046.0000000000	 96.5583173996
  0.1248334074	11255.0000000000	  8.9737894269
  0.1218014330	977.0000000000	103.3776867963
  0.1073105298	2982.0000000000	 33.8698859826
  0.1082519965	3381.0000000000	 29.8728186927
  0.1026564611	4442.0000000000	 22.7375056281
  0.1166688839	7517.0000000000	 13.4362112545
  0.1012544803	4464.0000000000	 22.6254480287
  0.1062209056	2363.0000000000	 42.7422767668
  0.1046608406	4806.0000000000	 21.0153974199
  0.1134676564	943.0000000000	107.1049840933
  0.1020639601	4409.0000000000	 22.9076888183
  0.1053952321	6376.0000000000	 15.8406524467
  0.1067378252	2998.0000000000	 33.6891260841
  0.1101349231	6374.0000000000	 15.8456228428
  0.1039480260	2001.0000000000	 50.4747626187
  0.1090909091	5335.0000000000	 18.9315838800
  0.1033851784	2186.0000000000	 46.2031107045
  0.1069518717	1122.0000000000	 90.0178253119
  0.1031449893	3752.0000000000	 26.9189765458
  0.1090377698	4448.0000000000	 22.7068345324
  0.1050550692	3541.0000000000	 28.5230160971
  0.1009036145	3984.0000000000	 25.3514056225
  0.1077250177	4233.0000000000	 23.8601464682
  0.1095285858	4985.0000000000	 20.2607823470
  0.1074270557	4524.0000000000	 22.3253757737
  0.1040157999	1519.0000000000	 66.4911125741
  0.1008528785	4690.0000000000	 21.5351812367
  0.1140443506	947.0000000000	106.6525871172
  0.1093906094	2002.0000000000	 50.4495504496
  0.1156955673	3587.0000000000	 28.1572344578
  0.1256332320	987.0000000000	102.3302938197
  0.1152000000	3750.0000000000	 26.9333333333
  0.1056888649	3709.0000000000	 27.2310595848
  0.1038355584	4719.0000000000	 21.4028395847
  0.1116812557	3313.0000000000	 30.4859643827
  0.1062124248	998.0000000000	101.2024048096
  0.1039657020	1866.0000000000	 54.1264737406
  0.1050011851	4219.0000000000	 23.9393221142
  0.1022846363	4771.0000000000	 21.1695661287
  0.0988290398	2135.0000000000	 47.3067915691
  0.1049382716	1134.0000000000	 89.0652557319
  0.0983742078	3629.0000000000	 27.8313585010
  0.1184668990	4879.0000000000	 20.7009633122
  0.1132075472	901.0000000000	112.0976692564
  0.1078037007	1243.0000000000	 81.2550281577
  0.1039774507	3193.0000000000	 31.6316943313
  0.1193681319	7280.0000000000	 13.8736263736
  0.1095845600	3057.0000000000	 33.0389270527
  0.0824120603	1990.0000000000	 50.7537688442
  0.1034559643	4485.0000000000	 22.5195094760
  0.1052830189	2650.0000000000	 38.1132075472
  0.1077184054	1179.0000000000	 85.6658184902
  0.1032087330	3023.0000000000	 33.4105193516
  0.1034136546	2988.0000000000	 33.8018741633
  0.1017148226	4257.0000000000	 23.7256283768
  0.1013814095	4271.0000000000	 23.6478576446
  0.1137667304	1046.0000000000	 96.5583173996
  0.1207118906	7754.0000000000	 13.0255352076
  0.1050029087	3438.0000000000	 29.3775450844
  0.1064006650	2406.0000000000	 41.9783873649
  0.1052631579	2527.0000000000	 39.9683419074
  0.1175811870	893.0000000000	113.1019036954
  0.1237785016	921.0000000000	109.6634093377
  0.1087613293	993.0000000000	101.7119838872
  0.1064318530	1306.0000000000	 77.3353751914
  0.1089774364	4166.0000000000	 24.2438790206
  0.1068789085	1759.0000000000	 57.4189880614
  0.1053416890	3351.0000000000	 30.1402566398
  0.1037500000	4000.0000000000	 25.2500000000
  0.1824424860	8737.0000000000	 11.5600320476
  0.1054880053	3043.0000000000	 33.1909300033
  0.1055966209	947.0000000000	106.6525871172
  0.1137538780	967.0000000000	104.4467425026
  0.1108333333	1200.0000000000	 84.1666666667
  0.1091405184	3665.0000000000	 27.5579809004
  0.1034690799	3315.0000000000	 30.4675716440
  0.1070448307	2186.0000000000	 46.2031107045
  0.1006944444	2016.0000000000	 50.0992063492
  0.0998699610	3845.0000000000	 26.2678803641
  0.1085271318	1290.0000000000	 78.2945736434
  0.1010913268	3482.0000000000	 29.0063182079
  0.1061343720	1027.0000000000	 98.3446932814
  0.1031746032	2520.0000000000	 40.0793650794
  0.1119356834	6468.0000000000	 15.6153370439
  0.1058565612	6386.0000000000	 15.8158471657
  0.1083944580	1227.0000000000	 82.3145884271
  0.1056985294	1088.0000000000	 92.8308823529
  0.1677994902	11770.0000000000	  8.5811384877
  0.1135135135	925.0000000000	109.1891891892
  0.1082965373	4303.0000000000	 23.4719962817
  0.1007268951	4815.0000000000	 20.9761163032
  0.1067020778	6401.0000000000	 15.7787845649
  0.1037545418	2477.0000000000	 40.7751312071
  0.1113969133	5054.0000000000	 19.9841709537
  0.1009361009	2457.0000000000	 41.1070411070
  0.1215281363	9685.0000000000	 10.4284976768
  0.1037512673	2959.0000000000	 34.1331530923
  0.0800542741	1474.0000000000	 68.5210312076
  0.1088435374	1323.0000000000	 76.3416477702
  0.1172413793	1015.0000000000	 99.5073891626
  0.1288758711	9901.0000000000	 10.2009897990
  0.1035269710	4820.0000000000	 20.9543568465
  0.1028675467	4394.0000000000	 22.9858898498
  0.1211822660	1015.0000000000	 99.5073891626
  0.1152434549	8174.0000000000	 12.3562515292
  0.1073487032	1388.0000000000	 72.7665706052
  0.1098687409	2057.0000000000	 49.1006319883
  0.1027568922	3192.0000000000	 31.6416040100
  0.1049019608	3060.0000000000	 33.0065359477
  0.1146919431	1055.0000000000	 95.7345971564
  0.1123152709	1015.0000000000	 99.5073891626
  0.0916967509	2770.0000000000	 36.4620938628
  0.1039426523	3627.0000000000	 27.8467052661
  0.1074972437	1814.0000000000	 55.6780595369
  0.1316094987	9475.0000000000	 10.6596306069
  0.1100695494	3307.0000000000	 30.5412760810
  0.1063270669	4947.0000000000	 20.4164139883
  0.1046182846	1061.0000000000	 95.1932139491
  0.1089613035	982.0000000000	102.8513238289
  0.0905370844	1955.0000000000	 51.6624040921
  0.0998588567	2834.0000000000	 35.6386732534
  0.1042722665	2762.0000000000	 36.5677045619
  0.0957215373	1379.0000000000	 73.2414793328
  0.1135458167	1004.0000000000	100.5976095618
  0.1165983241	5609.0000000000	 18.0067748262
  0.1053984576	3890.0000000000	 25.9640102828
  0.1038607939	1839.0000000000	 54.9211528004
  0.1016825165	5468.0000000000	 18.4711046086
  0.1048752834	1764.0000000000	 57.2562358277
  0.1091417910	1072.0000000000	 94.2164179104
  0.1039017975	4562.0000000000	 22.1394125384
  0.1078125000	1280.0000000000	 78.9062500000
  0.1134133043	917.0000000000	110.1417666303
  0.1036439014	4583.0000000000	 22.0379663976
  0.1062634989	2315.0000000000	 43.6285097192
  0.1276340757	10013.0000000000	 10.0868870468
  0.1024676851	4255.0000000000	 23.7367802585
  0.1240520043	11076.0000000000	  9.1188154568
  0.1046511628	1376.0000000000	 73.4011627907
  0.1070441989	1448.0000000000	 69.7513812155
  0.1121099947	3782.0000000000	 26.7054468535
  0.1026711185	1198.0000000000	 84.3071786311
  0.1046887631	4948.0000000000	 20.4122877930
  0.1147880041	9670.0000000000	 10.4446742503
  0.1058495822	1077.0000000000	 93.7790157846
  0.1596503889	12471.0000000000	  8.0987891909
  0.1047167013	3371.0000000000	 29.9614357757
  0.1032863850	2556.0000000000	 39.5148669797
  0.1144230769	1040.0000000000	 97.1153846154
  0.1031911721	3353.0000000000	 30.1222785565
  0.1039944904	2904.0000000000	 34.7796143251
  0.1062639821	2682.0000000000	 37.6584638330
  0.1001153403	4335.0000000000	 23.2987312572
  0.1029780128	3593.0000000000	 28.1102143056
  0.1064885496	2620.0000000000	 38.5496183206
  0.1019878997	4628.0000000000	 21.8236819360
  0.1067255258	3851.0000000000	 26.2269540379
  0.1149653122	1009.0000000000	100.0991080278
  0.1072124756	2052.0000000000	 49.2202729045
  0.1038961039	3542.0000000000	 28.5149632976
  0.0864509606	1978.0000000000	 51.0616784631
  0.1068472536	1329.0000000000	 75.9969902182
  0.1092117759	1053.0000000000	 95.9164292498
  0.1024767802	6460.0000000000	 15.6346749226
  0.1080817916	1027.0000000000	 98.3446932814
  0.1122262774	1096.0000000000	 92.1532846715
  0.1136131013	977.0000000000	103.3776867963
  0.1053740780	949.0000000000	106.4278187566
  0.1172707889	938.0000000000	107.6759061834
  0.1086729363	957.0000000000	105.5381400209
  0.1107491857	921.0000000000	109.6634093377
  0.1113513514	925.0000000000	109.1891891892
  0.1055243136	3023.0000000000	 33.4105193516
  0.1565689468	9210.0000000000	 10.9663409338
  0.1066417212	2138.0000000000	 47.2404115996
