  0.0991000000	  0.9530027292	697.7913826496
  0.0951000000	  0.9654523241	694.0765934579
  0.0976000000	  1.0267268959	687.4244725412
  0.1048000000	  0.9929431456	665.2223528647
  0.1009000000	  1.1360734798	690.0116901417
  0.0908000000	  0.9531356559	694.3407354208
  0.0984000000	  0.9975511710	696.2177015123
  0.1031000000	  1.1272936991	716.3390728073
  0.0977000000	  0.9411345217	677.7644789626
  0.0995000000	  0.9377299856	706.2755490613
  0.1020000000	  1.1382961449	712.9248760584
  0.0963000000	  0.9024666796	664.7009929544
  0.0975000000	  0.9683241127	689.3316760861
  0.1016000000	  1.0735413715	666.0005541535
  0.0958000000	  1.0138133357	708.3788809458
  0.0980000000	  1.0145534550	681.5102643896
  0.0988000000	  0.9548225140	692.8278491830
  0.1077000000	  1.1275221657	678.9502289152
  0.0964000000	  0.9863926738	698.2651221314
  0.1040000000	  1.0550528460	713.0835326786
  0.0949000000	  0.9366322425	704.2635983748
  0.1021000000	  1.0309813933	684.5383324053
  0.0998000000	  1.0642147465	719.8678502844
  0.0986000000	  1.0070281252	684.4725150969
  0.0986000000	  1.0652647817	698.8240173379
  0.1045000000	  1.0554728343	709.9777932669
  0.1027000000	  1.0375975503	686.4142093221
  0.1040000000	  1.0682664599	669.9480505445
  0.0985000000	  0.9921826014	695.3583788816
  0.0965000000	  1.0064964520	670.7482662803
  0.0922000000	  0.8795051803	673.9656136360
  0.0964000000	  0.9530210808	681.9654001155
  0.0979000000	  1.0004638990	703.4961734954
  0.0913000000	  0.9207859884	726.2220360662
  0.0929000000	  0.9319465071	699.0802737788
  0.0905000000	  0.8362548033	680.8553504400
  0.0911000000	  0.8690412687	686.1969274675
  0.1000000000	  1.0422180141	681.4195980380
  0.0937000000	  0.9819391623	702.0334711535
  0.0951000000	  0.8386173400	693.7749502645
  0.1035000000	  1.1052756039	689.5272249998
  0.0971000000	  1.0292332846	711.0154896478
  0.0973000000	  0.8709595475	669.5279053434
  0.0980000000	  1.0341645346	673.1985951345
  0.0949000000	  0.9603098281	690.1878606402
  0.1000000000	  0.9792174446	686.8304347210
  0.0969000000	  0.9468817160	694.7473920779
  0.1059000000	  1.1187293432	704.8542977306
  0.1043000000	  1.1490676640	674.0317520914
  0.0913000000	  0.9141605682	674.2002439485
  0.0984000000	  0.9884979576	686.6870442291
  0.1006000000	  1.0512119918	727.9682619282
  0.1003000000	  0.9860536592	717.9556928591
  0.1005000000	  1.0011025389	709.6618742004
  0.0969000000	  0.9897145224	724.0986730557
  0.1043000000	  1.0299015971	702.0619925866
  0.0985000000	  0.9933975524	662.5146168771
  0.1016000000	  1.0533866416	704.1037793469
  0.1030000000	  1.0516946420	688.4720846071
  0.0914000000	  0.9099306506	668.2411130962
  0.0966000000	  0.9786753102	703.2755945938
  0.1019000000	  1.0226689033	697.8086212000
  0.1030000000	  1.0735001864	701.0112344334
  0.0980000000	  0.9424276630	681.8321410708
  0.0977000000	  0.9412333588	688.8725718682
  0.1070000000	  1.0658924910	663.3588066884
  0.1042000000	  1.1394231256	671.5522923931
  0.1001000000	  1.0145276333	704.7668029524
  0.1048000000	  1.0822291894	717.2602863135
  0.1040000000	  1.0156679711	670.8920749405
  0.1065000000	  1.0805866941	704.6852074465
  0.0993000000	  1.0391676110	712.9112380875
  0.0897000000	  0.9044406250	695.1165140072
  0.0938000000	  0.9206704582	673.0247042838
  0.0925000000	  0.9169561765	692.7751393243
  0.0964000000	  1.0076399004	708.5706583299
  0.0913000000	  0.9506083266	663.0941659092
  0.1019000000	  1.0472885804	714.1324234175
  0.1039000000	  1.1136404584	726.7092048589
  0.0939000000	  0.9392961419	711.1837342241
  0.1060000000	  1.1727298248	722.1841619861
  0.1014000000	  1.0622516761	687.1580952209
  0.0994000000	  1.0722462801	701.6784263783
  0.1104000000	  1.0563051655	711.3964395949
  0.1041000000	  1.0972025700	676.6870663955
  0.0972000000	  0.9687896249	680.0355783246
  0.1038000000	  1.0882499142	710.9242167001
  0.1015000000	  1.0426272032	677.8889593743
  0.1055000000	  1.0992735298	711.2134803480
  0.1073000000	  1.1065067870	689.3844075606
  0.1041000000	  1.0504922870	694.0226518942
  0.1037000000	  1.0390142121	694.4834719580
  0.0987000000	  0.9098274837	670.7957104782
  0.0871000000	  0.8147415895	696.7919182503
  0.0996000000	  1.0419196249	684.3813166448
  0.0997000000	  1.0106701387	697.1375003636
  0.0986000000	  1.0298474054	666.8601469785
  0.1023000000	  1.0947668371	693.3993547546
  0.0942000000	  0.8979082720	666.4245695189
  0.0920000000	  0.8945469359	683.2587600949
  0.1024000000	  0.9821457027	684.2292392907
  0.1008000000	  1.0039302878	687.1620133344
  0.1049000000	  1.0720018512	682.3836882983
  0.1000000000	  1.0387600264	680.7101581747
  0.1069000000	  1.1189660606	700.4901673595
  0.1099000000	  1.1485972101	727.2846520950
  0.0991000000	  0.9420101924	670.1567886070
  0.1062000000	  1.0906208009	710.7551759611
  0.1003000000	  1.0528514946	724.3076006573
  0.0904000000	  0.8158806380	649.0683244223
  0.1027000000	  1.1173475715	730.2991618222
  0.0994000000	  1.0687724704	742.0958731462
  0.1064000000	  1.1523652989	726.4955130382
  0.1023000000	  1.0779796186	717.3292977992
  0.0943000000	  0.8982084382	668.8506001285
  0.0887000000	  0.8973529044	674.9353776896
  0.0984000000	  1.0348761873	665.7886021256
  0.0988000000	  0.9761861102	708.4876276783
  0.1019000000	  1.0134581753	691.8328882998
  0.1021000000	  1.0516638895	706.8208454269
  0.1094000000	  1.2193246108	703.7246004624
  0.0974000000	  0.9910140023	680.5512597140
  0.0999000000	  0.9486301155	695.3367565109
  0.0976000000	  0.9235136563	675.0452741958
  0.0952000000	  0.9655577624	711.5795288915
  0.1001000000	  1.0801758991	690.6523991128
  0.0991000000	  0.9373985735	712.8160540222
  0.1021000000	  0.9922369540	708.0929134161
  0.1060000000	  1.0695699536	716.1235321638
  0.0969000000	  0.9369978326	658.6293318515
  0.1025000000	  1.0321914769	694.5836442961
  0.1008000000	  1.0215875284	695.8417812315
  0.0961000000	  0.9106967355	650.0349480500
  0.0965000000	  0.9757082855	687.2906140492
  0.1000000000	  1.0337322994	688.3829918495
  0.1038000000	  1.0480789936	719.5376938470
  0.0966000000	  1.0318104547	681.1315294376
  0.1004000000	  1.0444137085	661.8529549913
  0.0861000000	  0.7513810151	669.5045621065
  0.0995000000	  0.9860791384	689.2500742274
  0.1018000000	  1.0849627122	724.3926407991
  0.1042000000	  1.0585629405	721.4568324300
  0.1061000000	  1.0717969886	710.9520994118
  0.0978000000	  0.9199417646	658.1434352840
  0.0978000000	  1.0270252051	693.7583821016
  0.1018000000	  1.0068931040	694.3259340724
  0.0969000000	  0.9138773065	704.8788647465
  0.0992000000	  1.0009079142	703.6325755777
  0.1006000000	  1.0621774331	663.9022972704
  0.1054000000	  1.0467089824	707.6086458637
  0.1005000000	  1.0762692233	684.2495894123
  0.0948000000	  0.9120012776	659.1444575160
  0.1065000000	  1.1586841280	709.9771371377
  0.0964000000	  0.8964726062	694.7058022281
  0.0974000000	  0.9232771138	659.7272123031
  0.0962000000	  0.9482155841	697.1327381946
  0.0977000000	  1.0283638049	684.4023225011
  0.1025000000	  1.0813976468	700.6248277121
  0.0983000000	  0.9227263640	685.7714781486
  0.1000000000	  0.9840298189	719.3190723265
  0.1035000000	  1.1043336848	707.2001435191
  0.1007000000	  0.9799726203	719.0878969110
  0.1000000000	  0.9759235575	698.9130271858
  0.1067000000	  1.0591658579	716.7586614042
  0.1067000000	  1.0439717361	688.8896146824
  0.1073000000	  1.0719126529	705.3877950556
  0.1011000000	  1.0159867945	708.6369405713
  0.1030000000	  1.0122479433	696.1917785828
  0.1042000000	  1.1024858673	692.5370985606
  0.0973000000	  1.0490387157	721.9035286420
  0.1021000000	  1.0725172315	744.3057372669
  0.1046000000	  1.1242334742	695.1233859249
  0.1001000000	  0.9930503102	667.8942904539
  0.1044000000	  1.0636198816	694.8090487254
  0.0994000000	  1.0898251264	684.5999943332
  0.0969000000	  0.9463465879	695.7131218308
  0.0881000000	  0.7986122409	662.6206163165
  0.1013000000	  0.9480127598	666.4400441906
  0.1017000000	  1.0086208198	681.7489455511
  0.1091000000	  1.2027026741	698.2064377859
  0.0997000000	  1.0665407774	692.4491016776
  0.1004000000	  1.0297584619	694.3932530299
  0.0962000000	  0.9815990145	645.3082321056
  0.1022000000	  1.0845583809	709.8328150600
  0.0922000000	  0.9326824618	657.5129692258
  0.0953000000	  0.9487665337	721.1764524244
  0.1036000000	  1.1109590835	709.4832211326
  0.1079000000	  1.1017508487	689.2103772700
  0.0982000000	  0.9800957835	670.2596317253
  0.1061000000	  1.0838295670	703.9539348052
  0.0932000000	  0.9783128397	701.0367873368
  0.0970000000	  0.9809316048	692.7898811088
  0.1119000000	  1.2051527534	727.6416555060
  0.1031000000	  1.0974753466	724.2527909261
  0.0962000000	  0.9967532543	705.3068235374
  0.1018000000	  0.9770306304	686.7292361433
  0.0976000000	  0.9594770699	645.9347973715
  0.1006000000	  1.0489920115	712.2845832490
  0.0949000000	  0.9863197957	658.9061872055
  0.0956000000	  0.9857778723	694.1775500796
  0.1068000000	  1.0816128506	697.8201519889
  0.1060000000	  1.0638609147	703.8436331985
  0.0979000000	  1.0281586757	704.9846704538
  0.1056000000	  1.0217683362	689.5874073713
  0.1035000000	  1.0006665642	672.5726342162
  0.0993000000	  1.0493291159	717.3164415662
  0.0953000000	  0.9309843615	697.9928849451
  0.0998000000	  0.9806584413	668.6393284386
  0.0974000000	  1.0241188739	663.6912687248
  0.1106000000	  1.1689215057	683.9209336278
  0.1054000000	  1.1187487101	691.3654901416
  0.1039000000	  1.1070963646	729.3630463692
  0.0969000000	  0.9461391146	649.5231690829
  0.0952000000	  0.9103539168	651.7124764573
  0.1000000000	  1.0033173563	694.6734053840
  0.1082000000	  1.2243698330	720.6517271721
  0.1039000000	  1.0581652293	683.6342491754
  0.1011000000	  1.0157739546	716.6978694611
  0.0932000000	  0.9126644617	691.1989195621
  0.1162000000	  1.1980992551	745.6728335980
  0.0887000000	  0.8791692777	679.6154110503
  0.0949000000	  0.9700104309	657.3776163994
  0.1012000000	  0.9476403421	740.2440793393
  0.1036000000	  1.1306040348	717.6667150326
  0.1047000000	  1.0478095357	700.3529945219
  0.1013000000	  1.0006771897	703.5351039839
  0.0976000000	  0.9701829573	662.4106703629
  0.1037000000	  1.0973464921	677.7966609906
  0.0950000000	  0.9526197489	686.5450536201
  0.0953000000	  0.9977302696	669.1488388268
  0.1055000000	  0.9793177734	716.1444745789
  0.1020000000	  1.0506490190	696.7938160359
  0.1057000000	  1.1044225149	666.2103726158
  0.1098000000	  1.1271692957	711.2306591829
  0.0997000000	  1.0628506100	672.4833021559
  0.0972000000	  1.0783767743	693.6811851956
  0.0965000000	  0.9686200588	670.0765568543
  0.0966000000	  0.8969511364	675.9897857360
  0.0932000000	  0.9907409226	702.2070797076
  0.1048000000	  1.1493402588	680.7111950789
  0.1006000000	  0.9793834682	682.6933789575
  0.0964000000	  0.9661057808	659.6537900488
  0.1004000000	  1.0731233860	687.1373901074
  0.0986000000	  1.0125761064	671.6847920489
  0.0979000000	  0.9474940233	666.1758219704
  0.0971000000	  0.9757103360	668.5078930585
  0.0914000000	  0.8990921566	670.4503437652
  0.0967000000	  1.0145760466	689.3729092162
  0.1043000000	  1.1442813756	714.1726319280
  0.1088000000	  1.1219851821	685.2235289442
  0.0932000000	  0.9457398010	653.2398954796
  0.0984000000	  0.9708531015	702.2836490955
  0.0991000000	  1.0536504092	705.5823090198
  0.0983000000	  0.9918480626	668.4817287807
  0.1003000000	  0.9891524944	671.6103044571
  0.1025000000	  0.9898461948	716.5340475056
  0.0903000000	  0.9657345432	693.5953344119
  0.0996000000	  0.9480504998	698.0778242607
  0.0998000000	  0.9780232935	685.3829047984
  0.0964000000	  0.9410073344	677.8774669740
  0.1064000000	  1.0253587819	679.2934218167
  0.0993000000	  0.9276218331	678.4036007908
  0.0993000000	  0.9737880508	659.8565110158
  0.1071000000	  1.1611945493	704.7785733726
  0.1088000000	  1.1450779490	704.4135007276
  0.0960000000	  1.0205176508	670.4398441233
  0.1000000000	  0.9616050488	688.1344217267
  0.0965000000	  0.9411750509	682.7276385509
  0.1047000000	  1.0247687381	699.6548616976
  0.0999000000	  1.0587535306	697.2256950775
  0.0993000000	  1.0179593738	665.2840367799
  0.1117000000	  1.0897308180	706.4622902276
  0.0984000000	  0.9198789100	670.3598343507
  0.0996000000	  0.9665255715	686.3501395333
  0.1021000000	  1.1302025476	723.5842702195
  0.1001000000	  1.1078816557	728.1401051238
  0.1045000000	  1.0784154372	698.1861964104
  0.1014000000	  1.0220313759	708.3458806948
  0.0912000000	  0.8713452926	685.5620608217
  0.0936000000	  0.9528783910	686.8031151065
  0.1028000000	  1.1251876929	731.3064327876
  0.0994000000	  1.0630380045	694.6179222721
  0.0992000000	  0.9988345731	638.6632520128
  0.1034000000	  1.0667723613	706.6318831893
  0.0938000000	  0.9211452584	687.2258893563
  0.0998000000	  1.1318603361	700.4214485078
  0.1055000000	  1.0865386566	717.9456771967
  0.0990000000	  1.0138844733	692.4334879360
  0.1069000000	  1.0069930002	717.4393838570
  0.1011000000	  1.0405816736	679.7745546276
  0.1029000000	  1.0183422824	685.9052239514
  0.1030000000	  1.1247669234	689.9841421338
  0.1102000000	  1.1275913324	698.6938936400
  0.0965000000	  0.9487784810	672.4100334391
  0.1039000000	  1.0571981060	695.5909915137
  0.0986000000	  0.9973786085	679.5464754930
  0.1027000000	  1.0929421027	691.1316190452
  0.0967000000	  0.9037502587	657.9123993570
  0.1011000000	  1.0260616717	694.4234616977
  0.1027000000	  1.0279959444	701.3157783272
  0.1064000000	  1.0366400302	690.4368338069
  0.1045000000	  1.0981268533	702.1397125553
  0.1034000000	  1.0916010495	708.7968720351
  0.1077000000	  1.0502083496	690.4305220230
  0.1011000000	  0.9424089031	710.7527628772
  0.0978000000	  0.9495628341	647.3413185095
  0.0991000000	  0.9404370547	682.9910001421
  0.0972000000	  0.9892353616	678.9379150309
  0.0986000000	  0.9608177359	711.6421305221
  0.0971000000	  0.9716785437	692.0970158569
  0.1018000000	  1.0171164568	710.3886258257
  0.1033000000	  1.1618482991	715.5918604266
  0.1051000000	  1.1834637838	684.6950838305
  0.0966000000	  1.0213285555	708.3686845178
  0.1060000000	  1.1176693565	686.3601182901
  0.0980000000	  1.0129498765	667.1235564667
  0.0963000000	  1.0375662606	680.2766831397
  0.0998000000	  0.9941104351	713.9776071315
  0.1035000000	  1.0634605500	714.1050488647
  0.0905000000	  0.9136442222	700.8938259099
  0.1041000000	  1.0988308833	666.8404013196
  0.0925000000	  0.8983793468	689.6759069108
  0.1066000000	  1.0866931635	711.3319953445
  0.1095000000	  1.1121489724	684.6709785747
  0.1061000000	  1.0429454287	674.5491584273
  0.1052000000	  1.1275249374	732.9714773499
  0.0960000000	  1.0124441634	690.2683962591
  0.0941000000	  0.9756899174	663.5785118422
  0.1036000000	  1.0727081666	712.4073368073
  0.0935000000	  0.9346029577	641.8462980696
  0.0966000000	  1.0181796823	690.0148220295
  0.1013000000	  1.0520563280	664.1134974768
  0.1017000000	  0.9919993518	680.0754913916
  0.1039000000	  1.1326981094	706.0780370416
  0.0984000000	  0.9640866340	640.8379862977
  0.1045000000	  1.0950685821	693.5877841024
  0.0895000000	  0.8998254417	663.3132294866
  0.1029000000	  1.1333429171	706.9218742541
  0.1056000000	  1.0848035853	730.9501909942
  0.1086000000	  1.0612227036	713.3808079421
  0.0972000000	  0.9988529164	681.1113347064
  0.0894000000	  0.8179538896	669.5103608552
  0.0989000000	  0.9688187674	679.9334642992
  0.1008000000	  1.0108428906	707.6453038419
  0.0993000000	  1.0537368927	669.4313034228
  0.1019000000	  1.0970760879	697.7877404065
  0.1005000000	  0.9339874155	695.4866284331
  0.0983000000	  0.9898352463	695.7062123551
  0.0982000000	  1.0266423835	654.1242027560
  0.1015000000	  1.0541486783	694.1168504859
  0.0997000000	  1.0658053808	687.6271660751
  0.0948000000	  0.9656292947	689.7118645170
  0.1048000000	  1.0258604016	707.8796919039
  0.0986000000	  0.9340551025	688.5554843881
  0.1030000000	  1.1914019519	708.8542038120
  0.0983000000	  0.8997850483	673.7434587186
  0.1079000000	  1.0135460411	699.1226017980
  0.1031000000	  1.0823282831	729.5511211145
  0.0920000000	  0.9724145390	652.2803996736
  0.1019000000	  1.0273412642	691.2420275190
  0.1036000000	  1.0496116997	664.7635456775
  0.1002000000	  1.0339356125	709.0916974676
  0.0935000000	  0.8976975935	679.5240607352
  0.0995000000	  0.9964650300	696.1408444377
  0.0996000000	  1.0029499069	703.1178405740
  0.0948000000	  1.0025050066	669.7914272632
  0.1006000000	  1.0033667348	680.0242565138
  0.0989000000	  0.9468221251	710.4003514373
  0.1000000000	  1.0494188863	715.9911669870
  0.1027000000	  1.1102217235	705.1149774432
  0.0991000000	  1.0411129576	687.9432882492
  0.0984000000	  1.0099912386	710.9448114779
  0.1050000000	  0.9965397763	712.9781458963
  0.1091000000	  1.1184097340	681.3621577028
  0.1067000000	  1.1012474419	725.5005030632
  0.0960000000	  0.9309074187	690.1950412133
  0.1066000000	  1.0079265359	699.9700966827
  0.1069000000	  1.1058271766	727.7835010179
  0.1023000000	  1.0733443662	693.3738189756
  0.1045000000	  1.0261328715	680.5794042708
  0.1015000000	  0.9928692413	674.2633851725
  0.1060000000	  1.0845077007	683.9871450889
  0.0975000000	  0.9844848838	697.6011994085
  0.1019000000	  1.0153190886	702.4920230259
  0.0878000000	  0.9502421390	692.9737671793
  0.0977000000	  0.9997870142	705.0539164693
  0.1025000000	  1.0233384157	692.4799966753
  0.1068000000	  1.1460164581	724.4282248262
  0.0980000000	  1.0238770281	687.7256614172
  0.1010000000	  1.0856984306	692.7967898433
  0.0986000000	  1.0632129840	692.7804796165
  0.1008000000	  1.0253805961	679.8420537054
  0.0989000000	  0.9535223469	669.5461930224
  0.1076000000	  1.0774672221	696.6348251855
  0.0953000000	  1.0288456170	690.2968442700
  0.1012000000	  1.0826331952	703.1672171936
  0.0925000000	  0.9014766247	680.8140123148
  0.0929000000	  0.8904767306	718.8952738150
  0.0990000000	  1.0311032742	685.9308243418
  0.1027000000	  1.0533038281	664.1097785478
  0.0990000000	  1.0314855674	673.1043536742
  0.0984000000	  1.0063067349	713.5290384571
  0.0981000000	  1.0308192104	715.0218357579
  0.0974000000	  0.9898375236	651.7330331045
  0.0975000000	  0.9345514973	653.3687909916
  0.1068000000	  1.0659120270	702.7377627378
  0.1021000000	  1.0501805088	703.6262916686
  0.1026000000	  0.9899018365	680.5512913636
  0.1031000000	  1.0828343795	676.7088396430
  0.0984000000	  0.9608064425	683.7869364654
  0.1053000000	  1.0884356840	690.7938040231
  0.1049000000	  1.1049561133	722.2340316646
  0.0960000000	  0.9873467415	697.9502773862
  0.0968000000	  0.9985454407	685.7668096909
  0.0989000000	  0.9676285752	692.4163726433
  0.1017000000	  0.9854463981	679.4468855590
  0.0867000000	  0.7724374750	664.1476249362
  0.1044000000	  1.0613729066	709.1841145193
  0.1008000000	  0.9705849647	687.0314919452
  0.0968000000	  0.9506884753	660.1534421244
  0.0934000000	  0.9068352813	659.4607759087
  0.0939000000	  0.9684838171	689.6823706640
  0.0974000000	  1.0498929548	690.1911216446
  0.0986000000	  0.9484237546	662.0260054263
  0.1074000000	  1.1473492563	714.5732185278
  0.0966000000	  0.9073433890	684.5799673505
  0.1014000000	  0.9780265412	669.6163904395
  0.1001000000	  1.0189737040	719.5913830589
  0.0976000000	  0.9769554875	667.5533846364
  0.1058000000	  1.0949000401	683.3462918716
  0.0925000000	  0.8740272896	646.6447373744
  0.0977000000	  0.9927595590	666.3991895789
  0.1076000000	  1.1444969506	726.7138589081
  0.1032000000	  1.1070598298	695.0742780269
  0.1039000000	  1.0090979216	698.9351468264
  0.1062000000	  1.1454576817	723.9296496459
  0.1013000000	  0.9728218316	703.1502868976
  0.1093000000	  1.1876827808	725.6276374419
  0.0988000000	  0.9516330249	696.7251954083
  0.1002000000	  1.0345663380	705.4415714407
  0.1071000000	  1.1352591473	692.6017217920
  0.1024000000	  0.9657436858	677.9754386541
  0.0988000000	  0.9700431239	684.4003330959
  0.0997000000	  1.0993798203	717.6198824001
  0.1071000000	  1.0884257366	726.4813894555
  0.1032000000	  1.0540229083	703.5556726624
  0.1037000000	  1.0092843818	715.0682242249
  0.1015000000	  1.0499606388	693.1736021139
  0.1022000000	  1.0087780600	703.3633028105
  0.1019000000	  1.0341536493	684.9895910608
  0.0997000000	  1.0801004801	688.7917773913
  0.1030000000	  1.0410161111	695.2531216521
  0.1041000000	  1.1108954797	692.5285410104
  0.0990000000	  1.0185973887	668.0077541130
  0.0895000000	  0.8636198618	660.4355586881
  0.1036000000	  1.1363485710	698.0469434011
  0.0982000000	  1.0289433248	695.2088407667
  0.0889000000	  0.8963885866	673.5530859623
  0.1051000000	  1.0993643724	685.0661272160
  0.0949000000	  0.9891109814	679.7839888356
  0.1103000000	  1.1239800837	718.2579606716
  0.1078000000	  1.0724478112	726.7948131733
  0.1041000000	  1.0911376284	713.8950221160
  0.0977000000	  0.9792363689	688.7244957086
  0.1066000000	  1.1639144099	704.0226646601
  0.1005000000	  0.9443571302	691.8895318523
  0.0954000000	  0.8835999426	671.6074129311
  0.0981000000	  0.9958699961	701.5218167335
  0.1060000000	  1.0771532037	699.6552230358
  0.1017000000	  1.0419868284	712.8186834540
  0.0960000000	  0.9742943565	709.3781517922
  0.0950000000	  0.9291097103	674.1982329377
  0.0986000000	  1.0529040592	701.7860303226
  0.1003000000	  0.9801803737	702.8421257927
  0.1022000000	  1.0472384395	696.1132912439
  0.0915000000	  0.9681515578	679.6423841045
  0.1019000000	  1.0629218639	693.6719968974
  0.0987000000	  1.0221537034	670.3156022503
  0.1013000000	  1.0757207601	697.3888129913
  0.1070000000	  1.0793614489	689.5816721479
  0.0946000000	  0.9788167643	692.5111468822
  0.1018000000	  1.0179584188	720.1279654171
  0.0977000000	  0.9503693121	679.5445384579
  0.0986000000	  1.0148807414	710.3426035037
  0.0891000000	  0.9416836429	658.6072247369
  0.0931000000	  0.8802069936	655.0318487007
  0.1042000000	  1.0332362920	682.4911492651
  0.1131000000	  1.1116307604	735.2543170470
  0.0948000000	  1.0133287876	719.8738541144
  0.0999000000	  1.0571842055	706.2823775638
  0.0981000000	  1.0013634415	709.6397396991
  0.0979000000	  1.0385883606	725.9441979109
  0.0943000000	  0.9150505303	678.1373841719
  0.1057000000	  1.0020610588	691.8832966709
  0.1045000000	  1.1156960248	709.7692821613
  0.1099000000	  1.1982294998	734.4205857258
  0.1005000000	  1.0720535768	712.1934849939
  0.0978000000	  0.9472241671	700.5542064260
  0.0996000000	  0.9881212089	708.8607472582
  0.1025000000	  1.0772688015	716.4838060489
  0.0960000000	  1.0219078384	691.0075303735
  0.1013000000	  0.9734542626	665.8330757264
  0.0951000000	  0.9753150762	680.9871566703
  0.0979000000	  0.9976708604	682.4738858334
  0.1099000000	  1.0817581827	695.3701568438
  0.0960000000	  0.9318900950	715.4183097887
  0.0953000000	  0.9838492436	708.3521275320
  0.0978000000	  1.0408909673	683.3645746746
  0.0995000000	  1.0083675779	681.4092679068
  0.1026000000	  1.0952005881	704.3453331010
  0.1027000000	  1.0385312477	680.0835035917
  0.0932000000	  0.9052840458	690.5672814146
  0.0998000000	  0.9853655877	698.4074274399
  0.0952000000	  0.9433576047	689.3026546762
  0.1033000000	  1.0385214515	670.4266128829
  0.1051000000	  1.1103031254	683.7375663914
  0.1091000000	  1.1383120970	712.1669880551
  0.1048000000	  1.0751632488	683.2392976811
  0.0968000000	  0.9499012003	694.7284184621
  0.0933000000	  0.8399036239	679.5749304638
  0.1030000000	  0.9978218730	670.6848387380
  0.1016000000	  0.9865263775	690.5362507097
  0.1009000000	  1.0206767364	665.4151580121
  0.0969000000	  0.9685195441	702.3750198635
  0.1034000000	  1.0946244960	695.7225913147
  0.1028000000	  1.1021125061	698.6385072911
  0.0993000000	  1.0191728116	662.6372653404
  0.1017000000	  0.9883789190	666.7427711670
  0.0940000000	  0.9667164565	697.0169865219
  0.0924000000	  0.9736453322	662.3201437074
  0.1055000000	  1.0753350899	704.8895491966
  0.1039000000	  1.0521552452	669.4586457141
  0.0983000000	  0.9039962900	654.1410836452
  0.0960000000	  1.0225437417	692.8544663608
  0.1054000000	  0.9980793060	701.9286714747
  0.0990000000	  1.0524968637	707.9503432362
  0.0974000000	  1.0454758728	679.6842815467
  0.0980000000	  0.9795683848	725.5445580562
  0.1007000000	  0.9967299630	725.7045901614
  0.0989000000	  0.9690850482	726.6728743531
  0.0978000000	  1.0004630800	651.8316063300
  0.1004000000	  1.0634664358	692.4554479965
  0.1048000000	  1.0777645159	693.1091369671
  0.1061000000	  1.1674172545	679.6480755586
  0.1028000000	  1.0301357619	725.8740306800
  0.0987000000	  1.0844457895	697.8065709549
  0.0970000000	  0.9128743802	706.6353512091
  0.0993000000	  1.0133554267	701.0374882319
  0.1000000000	  1.0347054208	695.9663918704
  0.1009000000	  1.0650812326	691.9714009436
  0.0897000000	  0.8580712270	685.0557192098
  0.0906000000	  0.9521940792	677.4788207209
  0.1094000000	  1.1010065781	687.9792987414
  0.0976000000	  1.0859247382	685.6802129747
  0.1017000000	  1.0380196115	710.2739543357
  0.1037000000	  1.0492365434	670.2811176039
  0.1054000000	  1.0596494151	715.8974312234
  0.0942000000	  0.9575198824	696.2814912237
  0.0963000000	  0.9692370794	694.4028058629
  0.1076000000	  1.0895374337	701.6506516221
  0.1020000000	  1.1231429570	698.8137250155
  0.1032000000	  1.1355269301	712.1531396827
  0.0969000000	  0.9725401816	692.0690197767
  0.1004000000	  1.0067649553	688.0823503100
  0.1062000000	  1.0682838339	705.1039001251
  0.1024000000	  1.0552381527	731.4380791944
  0.0979000000	  0.9861211460	650.9290030315
  0.1004000000	  0.9878620943	676.9851519985
  0.0958000000	  0.9812343758	696.4413323606
  0.1074000000	  1.1392231666	712.1088879981
  0.0979000000	  1.0276527973	695.9729925068
  0.0989000000	  1.0284111394	689.7871163953
  0.0955000000	  0.9415285877	690.3962220512
  0.1017000000	  0.9930036254	704.8080285324
  0.1117000000	  1.1181074277	719.5751834456
  0.1096000000	  1.1107083479	694.3896204762
  0.1015000000	  1.0773357286	723.7955820369
  0.1040000000	  1.0164461002	676.4604483236
  0.1124000000	  1.1387871272	698.2693109869
  0.0964000000	  0.9652282923	693.3547997596
  0.1074000000	  1.1373652538	732.7450844753
  0.0945000000	  0.9156725630	685.4474947055
  0.1039000000	  1.0664331995	733.4979209991
  0.0951000000	  1.0100475728	681.4889116613
  0.0979000000	  0.9924858499	702.4432194168
  0.0949000000	  0.9426505486	672.5403128646
  0.1031000000	  1.0842266837	767.4627679270
  0.0973000000	  0.9821889066	707.1859056604
  0.0976000000	  1.0030363792	696.5689683912
  0.0979000000	  1.0166649139	690.6455912400
  0.1065000000	  1.1553151852	727.0278916097
  0.0995000000	  1.0456315605	710.2878388867
  0.1028000000	  1.0282896107	697.7507744978
  0.1023000000	  1.0378263992	717.5551971812
  0.1044000000	  1.0753132837	690.0849717976
  0.0970000000	  1.0027153165	703.3075770876
  0.1067000000	  1.0903954755	667.2232279472
  0.1023000000	  1.0340943433	676.1662759038
  0.1013000000	  1.1635477102	692.8498834309
  0.1029000000	  1.0480207570	700.4764103294
  0.1007000000	  0.9721663138	694.0818803079
  0.1036000000	  1.0349515597	689.4387020069
  0.0997000000	  1.0647073059	695.0303886371
  0.1001000000	  1.0461085188	715.5239350529
  0.0905000000	  0.8293715316	647.2249347370
  0.0940000000	  0.9154146879	701.0368915715
  0.1016000000	  1.0712650070	676.1302825504
  0.0930000000	  0.9850919289	659.6116300302
  0.0972000000	  0.9785328007	690.3496244863
  0.1019000000	  1.0233857640	689.6560954307
  0.1019000000	  1.0623799790	693.7657470043
  0.0979000000	  1.0287587264	677.1092232656
  0.1081000000	  1.1073804604	680.0699227141
  0.1004000000	  1.0896730768	669.6958637960
  0.0941000000	  0.8681892646	678.4474976404
  0.0964000000	  0.9972181978	671.2331475419
  0.1071000000	  1.1528056713	696.5628943230
  0.1047000000	  1.0612056217	709.3499398863
  0.1007000000	  1.0314934572	678.7442111669
  0.0991000000	  1.0173594656	701.4692113851
  0.1020000000	  1.0955298918	717.5633569072
  0.0996000000	  0.9679961987	690.0007972645
  0.0938000000	  0.9936072039	688.4130969886
  0.1031000000	  1.0411343055	676.9247628049
  0.0946000000	  0.9637207486	660.4132760694
  0.0987000000	  1.0451935670	711.5203405048
  0.0908000000	  0.8736578498	676.9464871678
  0.1005000000	  1.0525189664	680.8769152552
  0.0994000000	  1.0041933184	695.8160623769
  0.0973000000	  1.0260150001	668.6572627828
  0.0943000000	  0.8703637984	672.7510071346
  0.0964000000	  0.9628254690	681.2079669742
  0.1044000000	  0.9919702020	678.9195399429
  0.0970000000	  0.9422441406	688.1102881406
  0.0934000000	  0.9615597430	682.8441756280
  0.0960000000	  0.9304882093	668.2040262283
  0.0943000000	  0.9089405760	665.9739472379
  0.1130000000	  1.1604043523	733.9734977354
  0.0980000000	  1.0241116390	667.8668838675
  0.0920000000	  0.9667985588	700.5112643388
  0.0949000000	  0.9488545940	695.2898798150
  0.1081000000	  1.1550170946	708.2605421280
  0.0919000000	  0.8709913323	678.8233760536
  0.1079000000	  1.0955723594	724.0041579912
  0.0961000000	  0.9488586784	664.3948188947
  0.1052000000	  1.1170757542	677.4448336349
  0.1073000000	  1.0563330523	698.5827842747
  0.1025000000	  1.0389734198	705.2771533395
  0.1065000000	  1.0737544072	691.8973795710
  0.0983000000	  1.0271017685	681.1484770046
  0.0951000000	  0.9528295488	677.7197599812
  0.0990000000	  1.0209873019	660.2538450463
  0.1095000000	  1.1469316025	696.9424720342
  0.0940000000	  1.0107391698	658.3002984759
  0.1052000000	  1.1052208350	703.7665198629
  0.0977000000	  0.9113358666	701.5492628428
  0.1035000000	  1.0213495368	680.7638283816
  0.0913000000	  0.9178422104	675.7208148618
  0.1005000000	  0.9631598116	687.5781755955
  0.1092000000	  1.2264738038	717.3119128899
  0.0907000000	  0.8518711716	690.0577569629
  0.0982000000	  1.0152286007	689.2336697722
  0.1025000000	  1.0803621059	664.7558614616
  0.0989000000	  1.0413320762	717.7917867478
  0.1020000000	  1.0342891422	712.7433073091
  0.0955000000	  0.9522219717	688.6274243077
  0.0954000000	  0.9912721866	658.1405804192
  0.0966000000	  0.9409667364	702.6352463849
  0.0949000000	  0.9691791554	713.8293092744
  0.1062000000	  1.1446621206	713.8346051980
  0.0966000000	  0.9549474904	698.9922081807
  0.0941000000	  0.9766034707	665.4208628726
  0.0902000000	  0.9306212912	664.8461592038
  0.1016000000	  1.0976348350	680.3337186776
  0.1019000000	  0.9867427441	699.4071143595
  0.0928000000	  0.8906092433	670.4613605662
  0.1066000000	  1.1396638100	718.1266457884
  0.0972000000	  0.9780108008	692.3502268365
  0.0979000000	  0.9144655036	695.9609109022
  0.1050000000	  1.0940830187	701.2929740651
  0.0978000000	  1.0212519100	690.7271771572
  0.0985000000	  0.9426601923	698.9181217750
  0.0980000000	  0.9947138845	692.3309962099
  0.0928000000	  0.8983860442	665.6404588083
  0.0934000000	  0.9341686264	691.3139989626
  0.0991000000	  1.0329101621	715.5329138559
  0.1046000000	  1.1033941852	724.7313574262
  0.0993000000	  1.0344073069	704.2199351332
  0.0971000000	  0.9214089254	676.9926671628
  0.1053000000	  1.1405110156	714.7296293276
  0.1071000000	  1.1241967403	699.8420726420
  0.1047000000	  1.0036592803	712.1888780007
  0.1003000000	  0.9385512458	688.7709129714
  0.1016000000	  1.0801903455	717.9503822272
  0.0986000000	  1.0051151322	704.4435631702
  0.0999000000	  1.0068440496	689.4396139152
  0.0973000000	  0.9460220583	681.5244191449
  0.1050000000	  1.1780091944	728.1398435190
  0.0987000000	  0.9392422576	687.0702693839
  0.1061000000	  1.2030112734	750.8557446892
  0.0983000000	  0.9843180764	694.6839789478
  0.1140000000	  1.1056272814	694.2706045330
  0.1037000000	  0.9950580350	683.2695673079
  0.0954000000	  0.9118093574	693.9133825045
  0.0968000000	  1.0027226851	684.0212101853
  0.1043000000	  1.0669203671	699.4343548076
  0.0929000000	  0.9497350739	668.9384448540
  0.1056000000	  1.0799810184	709.2840228281
  0.0961000000	  1.0012789989	685.5717914077
  0.0935000000	  0.9859349435	652.3774307538
  0.1047000000	  1.0596953757	667.8357426070
  0.0983000000	  0.9367173871	671.6237958853
  0.0987000000	  1.0233676052	658.5089246906
  0.1007000000	  1.0439529337	727.9948500323
  0.1024000000	  1.0201509545	687.4344166380
  0.0946000000	  0.9440095722	724.0386986844
  0.1066000000	  1.0922193303	672.8105945015
  0.1001000000	  0.9967749530	685.3269413499
  0.1033000000	  1.0062287887	714.8751736960
  0.0946000000	  0.9753796641	659.3756545185
  0.1024000000	  1.0557385345	714.8652091534
  0.1013000000	  1.0503739623	690.5406625059
  0.1000000000	  1.0077394283	712.4472708776
  0.0982000000	  0.9497191407	677.1407976584
  0.0969000000	  0.9001598278	694.3927930996
  0.1036000000	  1.0750375145	698.2696090292
  0.0963000000	  1.0302504030	699.8814961755
  0.0988000000	  0.8802480035	701.1098193776
  0.0903000000	  0.8616514127	702.6932979977
  0.0934000000	  0.8809403272	647.7219785108
  0.1030000000	  1.0668680829	686.7591333483
  0.1003000000	  1.0189851952	698.9881369102
  0.0937000000	  1.0054242814	697.2836523073
  0.0949000000	  0.9116985232	667.5822134067
  0.1096000000	  1.1678057920	750.0783488575
  0.1044000000	  1.1699424405	704.9346671448
  0.1033000000	  1.1826501564	666.6752225452
  0.1090000000	  1.1374492866	725.0206855233
  0.0995000000	  0.9699837234	665.8064322962
  0.1106000000	  1.1374228330	700.8936752458
  0.0916000000	  0.9125123105	709.3897742550
  0.1086000000	  1.1377936009	708.0409744515
  0.0969000000	  0.8634471897	699.0081016691
  0.1040000000	  1.1177244940	679.2761913165
  0.0996000000	  1.0122797171	688.9091438674
  0.1001000000	  0.9414607118	668.7518149199
  0.1031000000	  1.0072668636	689.9786809629
  0.1079000000	  1.1321485257	713.4211941286
  0.0957000000	  0.9505612467	670.8461069272
  0.1008000000	  1.0338772813	685.4337198448
  0.1066000000	  1.1272827449	715.0051197965
  0.0983000000	  0.9905098474	674.3879366070
  0.0996000000	  1.0834353865	682.4050285174
  0.1015000000	  1.0238092163	727.1553849964
  0.0934000000	  0.9037820205	663.7195179032
  0.1014000000	  1.0438023296	702.3990096778
  0.0973000000	  0.9344996601	688.6005383049
  0.1026000000	  1.0517380969	697.1709971129
  0.1014000000	  0.9911211959	693.1374917045
  0.0951000000	  0.9442626391	692.3240054262
  0.1003000000	  1.0060544536	681.1320219032
  0.0980000000	  0.9462371910	693.0338199979
  0.0988000000	  1.0274434283	682.7515338370
  0.1077000000	  1.1321184273	692.9320092875
  0.1038000000	  1.1160114594	696.8572334229
  0.0958000000	  0.9696471801	691.7736296393
  0.1056000000	  1.1087550007	668.6132481864
  0.0987000000	  0.9396069402	665.4728274101
  0.1007000000	  1.0445095085	714.3748591350
  0.1010000000	  1.0252740059	686.9663473860
  0.0921000000	  0.9246618955	686.9420137714
  0.0951000000	  0.9526526415	707.3001640753
  0.1033000000	  1.0338327524	709.3527862981
  0.0990000000	  1.0212361195	736.1200915290
  0.1038000000	  1.0917054619	689.2813592267
  0.1031000000	  1.0683305839	700.0855477637
  0.0986000000	  1.0320015631	696.4290821057
  0.1021000000	  1.0527172833	707.7204534787
  0.0919000000	  0.8583716297	669.9116918590
  0.0998000000	  0.9957715827	698.3974590402
  0.1028000000	  1.0979958912	691.4761993534
  0.1110000000	  1.1392154115	755.5735875241
  0.1006000000	  1.0521351327	675.4340106586
  0.1056000000	  1.1160119257	708.3712065042
  0.1000000000	  1.0315508696	721.3663106978
  0.0940000000	  0.9555087351	711.9069846532
  0.1030000000	  1.0226832455	694.3010288904
  0.1041000000	  1.0745671976	718.2769817476
  0.1097000000	  1.2294514556	711.1483514163
  0.1040000000	  1.1065919845	704.4589086113
  0.0956000000	  0.9762494367	684.0180644851
  0.0957000000	  0.9312042173	677.5013127878
  0.1010000000	  1.1350793032	692.5051568727
  0.1035000000	  1.1300029420	694.2239818323
  0.0950000000	  1.0245838449	669.4728604333
  0.0949000000	  0.9340475111	668.9768227165
  0.0958000000	  0.9839509826	670.8207086718
  0.1007000000	  1.0763627397	687.7091332557
  0.1095000000	  1.1097604864	742.1269857046
  0.1059000000	  1.0514296240	709.4140889524
  0.0980000000	  1.0129443001	704.5378677353
  0.1027000000	  1.0402715253	674.0365545077
  0.0981000000	  0.9754486655	729.3897133646
  0.1049000000	  0.9862276881	715.9380046382
  0.0976000000	  1.0234091396	682.1195702552
  0.0915000000	  0.9271372846	634.2558889801
  0.1072000000	  1.0946483583	691.3724415609
  0.1002000000	  1.0184434601	693.4080817370
  0.0999000000	  1.0025527177	681.5656173572
  0.0964000000	  0.8839605711	678.9499136854
  0.0981000000	  1.0212659219	714.3118694863
  0.0992000000	  0.9685904443	697.2566359163
  0.1043000000	  1.1028097394	679.4120555350
  0.0971000000	  0.9572333734	685.8663183965
  0.0883000000	  0.9094849380	674.1773965482
  0.1026000000	  1.0347830430	687.4723767443
  0.0968000000	  0.9465954202	681.8730126449
  0.1021000000	  1.0101813375	704.3866871699
  0.1001000000	  0.9601443685	673.0608699786
  0.0976000000	  0.9953786141	684.0146130352
  0.0954000000	  0.8935424636	684.8425753572
  0.1076000000	  1.1905491322	676.1085905297
  0.0993000000	  1.0432358526	680.5760764609
  0.1093000000	  1.1950314782	702.2679439564
  0.0939000000	  0.9633262000	685.2150189052
  0.0939000000	  1.0337405770	703.1701609249
  0.0979000000	  0.9390296788	692.5031491657
  0.1015000000	  0.9752253034	711.2561579363
  0.1048000000	  1.1418205071	705.7043083837
  0.1082000000	  1.1124890432	674.4101573329
  0.1053000000	  1.0556453811	680.7143096675
  0.1054000000	  0.9514709434	722.3934564539
  0.1051000000	  1.0490665883	705.5504823567
  0.1031000000	  1.0583213768	677.4389978842
  0.0994000000	  1.0248315899	682.6880961095
  0.1086000000	  1.0745205473	729.1747988186
  0.1019000000	  1.0384999773	713.8496949037
  0.0999000000	  0.9884918787	700.4843340463
  0.1039000000	  1.0786667629	691.8725548620
  0.1143000000	  1.2836518404	737.0899707560
  0.1016000000	  1.0081083636	683.6966662876
  0.0988000000	  0.9934035259	702.7503213758
  0.1112000000	  1.1708489892	693.2408136246
  0.1028000000	  1.0536350177	696.4687863027
  0.1040000000	  1.0774659102	715.4477847458
  0.0956000000	  1.0309271488	699.5438467324
  0.0951000000	  1.0408557710	716.3450080206
  0.0971000000	  0.9849222961	711.2410152397
  0.1034000000	  1.0697184608	692.5427063115
  0.0924000000	  0.8976985469	656.6833387748
  0.0948000000	  0.9357235196	688.4412690832
  0.1070000000	  1.1004190746	684.4643280842
  0.0942000000	  0.9087105674	691.4640414691
  0.0973000000	  0.9943819050	683.1793375252
  0.0918000000	  0.8933570688	658.3714632091
  0.0986000000	  0.9560096115	684.9254748506
  0.1038000000	  1.1076865960	706.3504699384
  0.1036000000	  1.0182143328	666.5410250208
  0.1018000000	  1.0881841783	678.1860662827
  0.0994000000	  0.9749899885	684.5256022518
  0.1046000000	  1.1705600770	734.8182268168
  0.1011000000	  1.0713316998	711.6849526855
  0.0969000000	  0.9988061373	677.0177156960
  0.1035000000	  0.9565677289	687.9501072195
  0.1048000000	  1.0604143743	708.0183169562
  0.0991000000	  0.9967346270	698.0815401783
  0.0972000000	  0.9848043474	692.2655290331
  0.0963000000	  0.9367958424	704.3791618895
  0.1000000000	  1.0887612116	685.8163747714
  0.1035000000	  1.1004687841	699.1210451259
  0.1050000000	  1.0354181215	732.8437148975
  0.1006000000	  1.0789304867	691.3438454667
  0.1041000000	  1.0807501817	733.1191444815
  0.0976000000	  0.9293087538	683.5278537473
  0.0972000000	  0.9198391649	709.6135498562
  0.0904000000	  0.9282496711	662.7102081225
  0.1124000000	  1.1538060096	740.0751748962
  0.0890000000	  0.8254881830	703.2367291627
  0.1059000000	  1.0740391259	706.9444375745
  0.0967000000	  0.9790947316	670.4026679419
  0.1005000000	  0.9872148535	726.5048926860
  0.1024000000	  1.0293958270	702.8052310749
  0.1019000000	  0.9663410282	686.9998391532
  0.0988000000	  0.9932567859	649.6541097971
  0.1065000000	  1.0820537426	701.1828050312
  0.0988000000	  0.8867550715	694.1574466412
  0.1006000000	  1.1097123227	697.4911151786
  0.1038000000	  1.1555339866	702.2620890582
  0.1076000000	  1.1392093808	685.1844029064
  0.0927000000	  0.9534987240	683.0912387243
  0.0945000000	  1.0092454717	707.0831340373
  0.0996000000	  1.0454812763	684.2059698932
  0.1008000000	  1.0177984275	711.8605557649
  0.0948000000	  1.0111665047	695.1347118890
  0.1073000000	  1.0875880236	688.5625568550
  0.0961000000	  0.9014037290	679.0354425150
  0.0990000000	  0.9542575740	691.5581308081
  0.1065000000	  1.0885722121	751.9927331167
  0.1009000000	  0.9661037585	703.6875696006
  0.1021000000	  1.0527124926	703.7696776799
  0.0941000000	  0.9782492947	679.6015530897
  0.0915000000	  0.9053394748	678.3985883307
  0.1014000000	  1.0362541704	697.0714856861
  0.0973000000	  1.0148185505	648.3620321542
  0.1043000000	  0.9914618007	716.1481037565
  0.0980000000	  0.9277517242	674.8708908026
  0.1009000000	  1.0736233818	685.5043828148
  0.1076000000	  1.1623575115	725.0921975683
  0.0915000000	  0.9459976672	702.5880925900
  0.0999000000	  1.0456721285	665.1029951471
  0.0985000000	  0.9561467940	670.0244099098
  0.0948000000	  0.9454699571	665.2897217369
  0.1032000000	  1.0104383444	691.4893035948
  0.0939000000	  0.9116049271	690.2218519049
  0.0988000000	  0.9411229792	681.0363046274
  0.1029000000	  1.0985567101	698.4366682845
  0.1080000000	  1.0560604509	713.0996728822
  0.0959000000	  1.0530379590	697.3841718310
  0.0933000000	  0.9124401493	707.6001608389
  0.0925000000	  0.8569943320	662.6954714933
  0.0980000000	  1.0292963411	708.5772745978
  0.1050000000	  1.1414967562	715.3835272618
  0.0931000000	  0.9275718427	658.1496462983
  0.1073000000	  1.1450080577	705.8932024089
  0.0905000000	  0.8864532983	661.0016858440
  0.0985000000	  1.0581937762	708.9690044480
  0.0990000000	  1.0475902228	692.1913472843
  0.0974000000	  0.9037623145	691.5503771199
  0.0961000000	  1.0396639623	717.0077997318
  0.0960000000	  0.9549673606	686.2990929293
  0.1000000000	  0.9804724601	701.4271757521
  0.0984000000	  0.9553031732	709.2350050843
  0.1070000000	  1.1503042933	703.9615402357
  0.0978000000	  1.0658665792	699.9335764453
  0.0932000000	  0.8764146986	674.3348046999
  0.1013000000	  1.0152726420	663.0785707911
  0.1011000000	  1.0552471883	733.5810072751
  0.1003000000	  1.0202622477	714.2188061631
  0.1041000000	  1.0966271365	654.1895560948
  0.0958000000	  0.9513427370	694.6596379413
  0.0984000000	  1.0312025961	705.4440622984
  0.1033000000	  1.0761416474	731.2364275594
  0.1020000000	  1.0946354701	700.0817150412
  0.1040000000	  1.0033453442	685.2506279637
  0.1034000000	  1.0582369131	706.2790099151
  0.1107000000	  1.1339356021	691.4262856720
  0.0920000000	  0.8416257177	678.9183790169
  0.1021000000	  1.0338552454	685.1189525859
  0.0933000000	  0.8887710645	656.0533446531
  0.0929000000	  0.9442348480	680.0506986995
  0.1020000000	  0.9837460110	690.8689190371
  0.0975000000	  0.9740234140	686.6963533686
  0.1007000000	  1.0548110990	680.5795809286
  0.0984000000	  1.0071429757	690.7620674382
  0.1007000000	  1.0186410782	687.0315465039
  0.1104000000	  1.0172947211	713.6167225585
  0.1092000000	  1.1239095472	698.6199244008
  0.0999000000	  0.9926481334	688.7304719115
  0.0946000000	  0.9564412744	658.5362431211
  0.1070000000	  1.1774541454	692.2779641415
  0.0991000000	  0.9978362184	680.7315684521
  0.0995000000	  1.0191122087	691.9558936664
  0.0960000000	  0.9017161968	702.9723168018
  0.0965000000	  0.9359930840	694.5628668425
  0.0972000000	  1.0133727361	697.9468260260
  0.1074000000	  1.1309554598	698.2701894310
  0.0841000000	  0.8201196257	676.7577165473
  0.0958000000	  0.8742775880	669.7803846658
  0.0928000000	  0.8691013923	683.1640817890
  0.0985000000	  0.9870853614	652.9976736668
  0.1083000000	  1.1157970263	686.9152839234
  0.0958000000	  0.9476759537	689.5613866448
  0.1022000000	  0.9800307137	714.3845967954
  0.1005000000	  1.0080023563	688.1189301732
  0.0970000000	  0.9987492675	676.6109673263
  0.0947000000	  0.9536287022	654.6212366125
  0.0968000000	  0.9642003759	681.7624323657
  0.0881000000	  0.8197300790	672.1158981550
  0.1020000000	  1.0764131899	692.1634259661
  0.1054000000	  1.0308813691	724.2848483839
  0.0986000000	  0.9423391929	695.9486418417
  0.1024000000	  1.1230782664	703.2322109496
  0.0981000000	  1.0370490449	699.0734200611
  0.0995000000	  1.0432228848	697.9395969948
  0.1078000000	  1.0979553721	707.0947573111
  0.0973000000	  0.9733816883	700.1717009125
  0.0985000000	  0.9466265397	695.9397171033
  0.1097000000	  1.1684017568	709.0742203069
  0.1010000000	  0.9799152965	679.5370867136
  0.1049000000	  1.0564871425	681.6301895264
  0.1018000000	  0.9328373774	657.4956707842
  0.1034000000	  1.0312069403	700.7352009501
  0.1028000000	  1.0237452195	692.2619377043
  0.1013000000	  1.0251990665	665.3011796605
  0.1020000000	  1.0909382458	700.9721180839
  0.1037000000	  1.1091094487	735.2908695194
  0.0918000000	  0.9511533298	682.8524580657
  0.0955000000	  0.9942608760	659.6435104344
  0.1024000000	  0.9762107762	724.6862222676
  0.1012000000	  0.9758060912	705.2223446569
