  0.1033000000	  1.0477901631	697.9451504164
  0.0991000000	  1.0025480274	697.5969408354
  0.1000000000	  0.9748991452	686.5882422037
  0.0989000000	  0.9724943775	685.9770356202
  0.0994000000	  0.9760863741	670.2128308669
  0.0996000000	  0.9722839829	681.8122579882
  0.1005000000	  0.9827691773	687.7015225437
  0.0988000000	  1.0166112751	679.0358454930
  0.0976000000	  0.9782224629	677.6263434143
  0.0985000000	  1.0069402004	686.6417443841
  0.1035000000	  1.0690478552	698.6741151612
  0.1019000000	  0.9946089160	685.4642188615
  0.0979000000	  0.9423103053	686.1880120113
  0.1003000000	  1.0580219056	697.3809999293
  0.1003000000	  1.0249997198	688.7794766166
  0.1039000000	  1.0608050736	695.6467175606
  0.0987000000	  0.9681717443	685.5011152837
  0.0978000000	  0.9983060750	688.1054731184
  0.0996000000	  0.9912217073	685.1543347729
  0.0991000000	  1.0497306898	691.1195714783
  0.0994000000	  1.0013528359	686.6249541894
  0.1003000000	  1.0114465386	682.3659189050
  0.1030000000	  1.0066512278	689.3933655355
  0.1028000000	  1.0194716658	699.9108878946
  0.0986000000	  0.9462538983	681.9994864722
  0.0968000000	  1.0017581206	686.4392551468
  0.0977000000	  1.0100956986	684.3677191114
  0.0993000000	  0.9848806201	685.4673755478
  0.0990000000	  1.0167655021	683.8276973958
  0.0977000000	  1.0448666198	689.9713710981
  0.0999000000	  0.9859823691	686.9825962839
  0.1002000000	  1.0283150808	689.9435925556
  0.1033000000	  0.9894761695	682.0972728682
  0.1027000000	  1.0198776515	685.9508953404
  0.1012000000	  0.9967452090	678.4757178029
  0.0997000000	  1.0256684837	692.0530965718
  0.1008000000	  1.0414562945	693.5340348095
  0.0940000000	  0.9302446771	680.8077233843
  0.0964000000	  0.9899632136	672.4081379553
  0.1019000000	  1.0168095555	700.5607389921
  0.0975000000	  0.9257188538	684.5121430300
  0.0969000000	  0.9626121863	681.0180331574
  0.1014000000	  1.0399643028	683.8105190712
  0.1011000000	  1.0336084567	697.9581000318
  0.0989000000	  0.9534711797	691.8893074063
  0.1011000000	  1.0187278981	690.8788136169
  0.1058000000	  1.0465510484	694.0439520751
  0.0985000000	  0.9606274370	689.9559203561
  0.0982000000	  1.0211477556	691.9863249285
  0.1011000000	  0.9858364730	686.9353209363
  0.0942000000	  0.9809208024	674.1973286179
  0.1001000000	  1.0168308872	689.8745791315
  0.0973000000	  0.9753687078	682.3694642257
  0.0996000000	  0.9841426115	677.8633719356
  0.0997000000	  0.9950523564	690.5742810035
  0.1021000000	  1.0458445299	699.7470108318
  0.1010000000	  1.0611906836	701.7772806827
  0.1003000000	  1.0301500872	685.3363553473
  0.1042000000	  1.0216818034	690.6949434009
  0.0997000000	  0.9777799139	686.5711618117
  0.0985000000	  0.9763898126	680.6023509371
  0.1000000000	  0.9712090057	685.4206073748
  0.0993000000	  0.9935160467	673.1968352511
  0.1025000000	  0.9896668842	692.8619398532
  0.0960000000	  0.9599974240	680.7787334983
  0.1023000000	  1.0462005602	679.6004586639
  0.0995000000	  1.0176596156	680.5358132634
  0.0990000000	  0.9846712851	684.8301434999
  0.1017000000	  1.0274560035	699.1246992840
  0.0982000000	  0.9727654006	667.8050691064
  0.0995000000	  0.9781580070	688.1984800410
  0.0958000000	  0.9690655789	690.1508859877
  0.1019000000	  1.0144906985	679.3930126269
  0.1020000000	  0.9802683133	688.8688762027
  0.1014000000	  1.0073795787	689.0829491891
  0.0996000000	  0.9753907022	686.1653557234
  0.0985000000	  1.0257848517	683.5870445824
  0.1028000000	  1.0472904274	696.2721803842
  0.0960000000	  0.9806928914	685.8336378605
  0.0983000000	  0.9837907140	674.1158179751
  0.1012000000	  0.9973886541	695.4307428341
  0.1020000000	  0.9884416434	692.2413083292
  0.0963000000	  1.0194675480	686.6999468794
  0.0971000000	  0.9864913157	676.2416201987
  0.0980000000	  1.0239733355	695.5682123670
  0.1027000000	  1.0101900858	696.9359183109
  0.0970000000	  1.0395705836	689.2781493283
  0.1016000000	  1.0239820092	686.8178749614
  0.1004000000	  1.0071085472	692.8554400735
  0.1025000000	  1.0124896439	685.7070064937
  0.1032000000	  0.9878572263	689.4787893970
  0.0967000000	  0.9622003016	681.5795878684
  0.0994000000	  0.9955935241	678.7691280317
  0.1006000000	  1.0361055094	694.1007705397
  0.1005000000	  1.0613325416	695.3636201038
  0.0962000000	  0.9682529041	681.1068754306
  0.0981000000	  0.9883399588	684.7353997854
  0.1015000000	  0.9992611848	680.2588290472
  0.1034000000	  1.0613080464	700.4839282423
  0.0973000000	  1.0061335587	682.7713998684
  0.0995000000	  0.9592462432	687.3626497813
  0.1030000000	  0.9808480930	687.2432369759
  0.0994000000	  0.9428112076	693.6732003960
  0.0983000000	  0.9832911498	678.0957600037
  0.0996000000	  0.9761480734	679.6091929361
  0.0964000000	  0.9609701145	674.1262373979
  0.1006000000	  0.9883798329	700.1421468450
  0.1020000000	  1.0006349937	688.0728199999
  0.0961000000	  1.0206785556	694.7576992077
  0.1068000000	  1.0477869980	690.3337618806
  0.0958000000	  0.9702317312	680.3280741858
  0.0974000000	  0.9416093323	676.3238519732
  0.0967000000	  0.9622672620	683.5931785105
  0.0968000000	  1.0399126032	689.3735937305
  0.1008000000	  1.0292155353	690.3179068551
  0.1002000000	  0.9784376526	698.4833674305
  0.1016000000	  1.0173582544	693.1456908841
  0.0980000000	  0.9725880400	683.7480808006
  0.1022000000	  1.0538409326	695.5477282916
  0.0966000000	  0.9538286938	683.4967326031
  0.1025000000	  1.0380603372	682.1177881654
  0.0988000000	  0.9951500595	687.8919978798
  0.0979000000	  0.9726156610	677.4320320817
  0.1009000000	  0.9936222320	687.5441775150
  0.0995000000	  0.9763548079	697.0158217527
  0.1011000000	  0.9924134969	682.1509052568
  0.1022000000	  1.0342470235	693.1747698532
  0.1004000000	  0.9759078144	675.5930432907
  0.1034000000	  1.0530429558	696.6168543723
  0.0965000000	  0.9939508673	676.1896268860
  0.0968000000	  0.9552543548	685.5415049490
  0.1019000000	  1.0354556799	685.0751413392
  0.1041000000	  1.0010363491	686.9348186949
  0.0993000000	  1.0112017888	683.7716338384
  0.0973000000	  1.0274555832	680.9745550624
  0.0980000000	  0.9612297612	677.1352933537
  0.0976000000	  0.9872007359	681.9467233335
  0.1004000000	  1.0141713419	688.5329523794
  0.1008000000	  1.0082908200	695.0580563441
  0.0998000000	  1.0432221887	687.4094378961
  0.0976000000	  0.9529083065	677.6381683406
  0.0990000000	  0.9946312399	681.6745889367
  0.1027000000	  0.9983835149	681.7404277585
  0.0998000000	  0.9852571154	689.1024027771
  0.1038000000	  1.0460332033	705.4107990326
  0.0999000000	  1.0239668372	690.2974094071
  0.0970000000	  0.9852586003	674.9912537909
  0.0994000000	  1.0658706960	696.0707871066
  0.0998000000	  0.9975191413	693.6733539126
  0.1007000000	  1.0111688143	679.7804248780
  0.1012000000	  1.0488731492	696.3469847006
  0.1038000000	  1.0510027764	684.2909228549
  0.0969000000	  0.9563178408	696.7391241280
  0.0966000000	  0.9948972210	685.7791817420
  0.1021000000	  1.0105507683	689.2259412381
  0.1008000000	  0.9883335010	685.9022782168
  0.0999000000	  0.9758250026	691.4814293793
  0.1013000000	  1.0348908932	691.1332825166
  0.1024000000	  0.9910858340	688.2414792361
  0.1009000000	  0.9787824390	678.2260301467
  0.1023000000	  1.0264745974	690.6043261999
  0.1010000000	  0.9673136065	685.6397544018
  0.1001000000	  0.9975558277	682.2865024191
  0.0984000000	  0.9855703212	674.2694353837
  0.1033000000	  1.0202441814	695.1843591413
  0.0988000000	  0.9924513230	688.1135932417
  0.0981000000	  0.9700385480	688.2725637042
  0.0999000000	  1.0298966173	683.5080780230
  0.0994000000	  0.9835258331	678.0406540578
  0.0989000000	  0.9700288102	692.9948797897
  0.1020000000	  1.0155170062	691.6455838020
  0.0954000000	  0.9570204941	675.1291285859
  0.0977000000	  0.9558991552	681.9797985090
  0.1002000000	  0.9753274079	687.3656321676
  0.1019000000	  1.0009206342	680.3129008660
  0.0978000000	  0.9334332130	680.5473851760
  0.0987000000	  0.9752417557	678.5569256371
  0.0974000000	  0.9662293452	683.0974818647
  0.0940000000	  0.9697510839	673.3653636618
  0.0988000000	  1.0064255972	693.2154178932
  0.1011000000	  1.0042754156	687.3439017750
  0.0992000000	  0.9871506924	691.0308689156
  0.1008000000	  1.0368954641	677.9168622501
  0.0953000000	  0.9588708866	674.9976132692
  0.0996000000	  1.0209603502	695.0276946780
  0.1001000000	  1.0215336435	692.0353830760
  0.0989000000	  1.0048614206	691.8527090012
  0.0986000000	  0.9957478533	681.2137384163
  0.0997000000	  0.9783797043	675.1385947767
  0.1026000000	  1.0097034569	697.4718416380
  0.1014000000	  1.0238643369	691.1463297842
  0.0981000000	  0.9442214335	680.0957111894
  0.1040000000	  1.0200298445	686.4465892885
  0.0962000000	  0.9490328311	684.1844472053
  0.0979000000	  0.9777822050	691.9369353986
  0.1001000000	  0.9788686595	690.9336832526
  0.1020000000	  0.9633023635	679.9991203448
  0.1014000000	  1.0441637169	694.3890565313
  0.0993000000	  0.9853121499	686.5274483149
  0.0959000000	  0.9739396093	665.6648225726
  0.0992000000	  0.9891795165	692.0256663234
  0.1040000000	  1.0053659541	710.3780277898
  0.1027000000	  1.0248401757	681.7072436472
  0.0990000000	  0.9780505816	676.7525275710
  0.0981000000	  1.0314544490	677.5692362252
  0.1003000000	  1.0378599988	689.6116649086
  0.1018000000	  1.0051680650	684.4327616577
  0.0983000000	  0.9558048755	679.1572440823
  0.0972000000	  0.9580070625	669.3111571084
  0.1011000000	  1.0595515349	697.8926251210
  0.1011000000	  0.9711071550	680.4086983195
  0.1032000000	  1.0431905240	689.3209704710
  0.1014000000	  1.0165653944	686.3230677003
  0.1005000000	  0.9906898282	688.3232486485
  0.1005000000	  1.0088313716	698.9692081533
  0.0979000000	  0.9821495867	676.5131122492
  0.0995000000	  0.9968857828	678.0395030659
  0.0995000000	  0.9747808164	696.2165811766
  0.1042000000	  1.0415345322	688.3633436268
  0.1005000000	  1.0514626153	685.6904254033
  0.1032000000	  1.0682867160	689.8431258561
  0.0978000000	  0.9932272183	686.2587589755
  0.1007000000	  0.9793530610	689.4729886936
  0.1006000000	  1.0231243491	684.1398337256
  0.0952000000	  0.9419656763	694.1494902944
  0.1002000000	  0.9738044305	682.6980890837
  0.1020000000	  1.0243782163	692.1423677569
  0.0994000000	  0.9819111623	678.9071739544
  0.0998000000	  1.0095547468	686.1950983249
  0.1040000000	  1.0730004590	693.1603103039
  0.1021000000	  0.9813130736	688.6761328065
  0.1034000000	  1.0577264717	695.3965441880
  0.1014000000	  0.9601326178	682.1544507595
  0.1011000000	  0.9664156190	682.3235319851
  0.0996000000	  1.0248129635	691.2958905948
  0.1024000000	  0.9966066547	691.6774862864
  0.1018000000	  1.0482817024	695.0785399327
  0.0991000000	  1.0006630123	683.0395725401
  0.1047000000	  1.0245521640	685.8921911428
  0.1036000000	  1.0455844372	706.5351617944
  0.1026000000	  1.0708148338	698.6616712226
  0.0999000000	  0.9755531155	684.2143423646
  0.1027000000	  1.0584613644	690.2754612035
  0.1011000000	  1.0356692155	688.8975506241
  0.0978000000	  0.9774566058	686.7862773932
  0.1007000000	  1.0044660438	685.2569976102
  0.0971000000	  0.9701042494	690.0660139092
  0.1026000000	  1.0192050754	692.4963616594
  0.0979000000	  0.9411562495	681.1671609848
  0.0974000000	  0.9411166690	689.7205177583
  0.1011000000	  0.9997184105	689.3806016644
  0.0978000000	  0.9880647233	673.9248314785
  0.0978000000	  0.9700728100	687.8928550078
  0.1040000000	  1.0485450254	704.3385585169
  0.0996000000	  0.9643921472	683.1578362868
  0.1008000000	  1.0368496201	681.8790026796
  0.1027000000	  1.0411254405	691.5389600275
  0.0989000000	  0.9971455632	698.2066173448
  0.1022000000	  1.0079221408	684.7853681257
  0.0959000000	  0.9471760712	676.7377921746
  0.1032000000	  0.9908325826	684.2155330708
  0.1012000000	  0.9534948811	686.9680561662
  0.1001000000	  0.9895608002	688.0175905052
  0.1016000000	  1.0262100534	693.6053078528
  0.0968000000	  0.9754099917	678.8826226622
  0.1030000000	  0.9983668616	695.5472797154
  0.0982000000	  0.9660387196	677.4187085354
  0.1003000000	  1.0068489038	683.0118735188
  0.0995000000	  0.9983433805	694.4973489747
  0.1023000000	  1.0209166692	683.3086642947
  0.0999000000	  0.9751992800	682.0860084201
  0.0999000000	  0.9786938330	690.5417025070
  0.1007000000	  1.0038526132	689.4975994071
  0.1010000000	  0.9856970800	682.9117510615
  0.0975000000	  0.9889397618	695.8012350901
  0.1025000000	  1.0282933068	693.4251875877
  0.0950000000	  0.9554837991	676.5611604476
  0.0983000000	  0.9965720754	682.3687221329
  0.1028000000	  1.0401006392	695.8982603945
  0.0940000000	  0.9706827749	676.9184106246
  0.1007000000	  1.0236073571	681.2802166106
  0.1004000000	  1.0005461847	688.0458529517
  0.0993000000	  0.9660835690	675.8428144358
  0.0948000000	  0.9850157056	683.0879566394
  0.1019000000	  1.0207334080	692.1834551089
  0.0995000000	  0.9941835214	680.7276878851
  0.0983000000	  1.0145133439	687.8184369165
  0.1010000000	  1.0555296678	697.8674491713
  0.1027000000	  1.0437288467	698.1985873415
  0.0970000000	  1.0019060291	679.9037384055
  0.0969000000	  0.9535005691	679.1848557795
  0.1002000000	  0.9704884466	691.4106413626
  0.1014000000	  0.9960684099	684.0180225475
  0.1005000000	  1.0026200803	688.5045041243
  0.1004000000	  1.0101529715	685.5127287043
  0.1015000000	  0.9988733539	688.8466633099
  0.1023000000	  1.0167845357	690.0429916467
  0.0957000000	  0.9537497126	672.8008541826
  0.0974000000	  0.9862183925	671.1697853377
  0.1009000000	  1.0083267590	684.0287199338
  0.1044000000	  1.0635552207	692.3572103437
  0.1013000000	  1.0305590780	681.9133571699
  0.1013000000	  0.9732257091	682.1351079548
  0.1054000000	  1.0573212253	707.4835244460
  0.1020000000	  0.9945794249	687.1117122936
  0.0983000000	  1.0279150069	686.7958350884
  0.0999000000	  0.9868571421	684.3455448634
  0.1028000000	  1.0282825770	696.2014891003
  0.1028000000	  1.0234901202	691.0062379357
  0.0975000000	  0.9789621292	684.8705656719
  0.0991000000	  0.9796511404	675.8854376369
  0.0989000000	  1.0250100712	683.8935612664
  0.1031000000	  1.0276540402	699.6966360499
  0.0969000000	  0.9592983384	683.0924918827
  0.1014000000	  1.0234502964	685.8299323855
  0.1019000000	  0.9991236224	686.9047852808
  0.0981000000	  0.9650722959	684.2212489338
  0.1013000000	  1.0070335505	696.8151889686
  0.1007000000	  1.0108674058	693.2657680988
  0.1006000000	  1.0063031050	691.4390097083
  0.1044000000	  1.0355662787	696.6876751979
  0.1000000000	  0.9710555297	691.9153800169
  0.1008000000	  0.9563851810	686.9769991014
  0.0976000000	  0.9633749850	691.1882750892
  0.1006000000	  1.0310636123	682.4773206974
  0.1013000000	  1.0136780843	689.3933158026
  0.0986000000	  1.0470422950	686.0972347342
  0.1022000000	  0.9950852274	679.7976171470
  0.0998000000	  0.9806198708	691.4101009842
  0.1005000000	  1.0383597714	689.0738432273
  0.0990000000	  0.9800022926	679.9665645214
  0.1007000000	  0.9990928674	682.8514154297
  0.0999000000	  0.9733404438	682.8061539718
  0.1017000000	  0.9949919653	672.0273730367
  0.1034000000	  0.9719014467	685.4907026143
  0.1003000000	  0.9936762174	686.3826453743
  0.1028000000	  1.0255626669	697.8699183724
  0.1006000000	  1.0491755017	683.3550208176
  0.1040000000	  0.9938620214	685.1838386777
  0.1003000000	  0.9858073433	689.5216009955
  0.1012000000	  0.9822720780	683.2526186766
  0.1018000000	  1.0001522739	679.7986628092
  0.0990000000	  0.9869914726	682.1424391407
  0.1016000000	  1.0337343054	698.3957498861
  0.1009000000	  0.9946203218	695.2418094782
  0.1020000000	  0.9851252721	698.2204113256
  0.0990000000	  1.0168377748	694.4077637204
  0.0984000000	  1.0326354728	687.9774895612
  0.1014000000	  1.0454216441	694.9534785552
  0.1007000000	  1.0225058227	690.9455900026
  0.0991000000	  0.9927741441	686.9185850200
  0.0996000000	  1.0002555894	702.2750196994
  0.1004000000	  0.9940376882	678.9562123848
  0.1032000000	  1.0298252142	690.2507140066
  0.1043000000	  1.0287895989	691.0020394379
  0.0963000000	  0.9470780555	672.4386880666
  0.1005000000	  1.0243689807	682.1668645800
  0.0994000000	  1.0055608308	695.4544982546
  0.0997000000	  1.0071854033	684.7896191518
  0.0978000000	  1.0121529735	679.1362513778
  0.0978000000	  0.9830828359	678.4078152571
  0.0992000000	  0.9976953296	693.6520893887
  0.1006000000	  1.0250159758	691.8633663453
  0.1051000000	  1.0832447361	700.7881789150
  0.1005000000	  1.0013744087	682.4785837765
  0.0971000000	  0.9916178529	687.9943051358
  0.1014000000	  1.0068425796	690.8999123391
  0.0971000000	  0.9625064879	679.1861269720
  0.0978000000	  0.9530189965	686.4587632506
  0.1034000000	  1.0195346860	692.2157000880
  0.0980000000	  0.9963630377	697.4204799598
  0.0994000000	  1.0394134388	694.7281639709
  0.1030000000	  0.9913317618	683.9028555844
  0.1015000000	  1.0174054814	698.0877901557
  0.0964000000	  0.9343317438	688.8986496925
  0.1010000000	  1.0047717923	687.7720421985
  0.0995000000	  1.0286224118	705.4201175172
  0.0993000000	  1.0289721728	685.4820732705
  0.1012000000	  0.9983829150	690.0814552260
  0.0998000000	  0.9801245809	689.5544253743
  0.1024000000	  1.0361275142	700.1378149529
  0.1020000000	  1.0152481129	681.9239613548
  0.1012000000	  1.0343740798	699.6975914591
  0.1010000000	  1.0829071369	706.8190205678
  0.0969000000	  0.9708017306	689.9438512237
  0.1000000000	  0.9763201397	681.6438485399
  0.1018000000	  1.0812666536	693.0000275920
  0.0982000000	  0.9685420985	678.7906088576
  0.1029000000	  1.0156539983	693.3146035573
  0.0972000000	  0.9597749150	685.7308509961
  0.1000000000	  0.9643332340	677.5408950253
  0.0954000000	  0.9680973990	682.2966588975
  0.1005000000	  0.9845457812	680.3277163306
  0.1015000000	  0.9924663146	697.0222301128
  0.1034000000	  0.9955408566	682.3712427518
  0.0989000000	  0.9913615551	683.5842487555
  0.1004000000	  0.9888371690	698.2446660686
  0.0982000000	  0.9552687984	684.2822651055
  0.1011000000	  0.9802057264	690.2908087871
  0.1021000000	  1.0104484205	673.8368234642
  0.1011000000	  1.0353847506	694.2149643136
  0.1023000000	  1.0210015822	696.3793970391
  0.1004000000	  0.9803493660	678.1818124756
  0.1018000000	  1.0295676208	688.6974265133
  0.0980000000	  0.9644972769	689.6957754297
  0.1012000000	  1.0411023278	693.6305354899
  0.1017000000	  0.9876618444	687.4017634916
  0.0990000000	  0.9893895600	675.8319585085
  0.0981000000	  0.9535924823	683.6843233532
  0.1005000000	  0.9815532553	685.1341330328
  0.1005000000	  1.0198160705	691.9548812094
  0.1053000000	  1.0251369829	693.0322886536
  0.0999000000	  0.9939029491	680.3133732836
  0.1027000000	  1.0099611821	695.0254789367
  0.0982000000	  1.0061257499	683.5695678785
  0.1006000000	  0.9444760218	684.5587665705
  0.0973000000	  1.0093233007	681.9736767311
  0.1018000000	  1.0674967765	681.6757488668
  0.0968000000	  0.9864755918	673.2006616799
  0.0983000000	  0.9925405495	675.9250322478
  0.1027000000	  1.0304829022	682.4701731498
  0.1022000000	  0.9932964975	693.3340335093
  0.0988000000	  0.9764324338	673.5847824405
  0.0990000000	  0.9830640699	686.4460163934
  0.0992000000	  1.0439797541	683.1436177187
  0.0987000000	  1.0038595423	679.0566722823
  0.1030000000	  1.0349221453	692.2363314852
  0.0997000000	  0.9675216237	689.0305544543
  0.1012000000	  1.0504871540	683.9257423654
  0.1020000000	  1.0023643918	680.7500540225
  0.1032000000	  1.0389939132	680.3535398815
  0.1006000000	  1.0185680934	696.4924335228
  0.0977000000	  1.0057068380	679.6825146035
  0.0982000000	  1.0244735182	687.4878623995
  0.1028000000	  1.0411367823	700.4039932305
  0.0988000000	  0.9681093373	684.8620597136
  0.0979000000	  0.9378070510	676.8246805162
  0.1006000000	  1.0156333395	689.0720482495
  0.0999000000	  1.0094012873	686.6309514878
  0.1003000000	  0.9661955959	685.3677110722
  0.0971000000	  0.9963267420	682.5809091410
  0.0986000000	  0.9953862433	693.7865038531
  0.0970000000	  1.0343125931	683.6608499236
  0.0987000000	  1.0217035801	681.5754556914
  0.1068000000	  1.0826748284	702.5883471314
  0.0998000000	  0.9544361569	684.9526398141
  0.1017000000	  1.0176648421	686.3405140319
  0.0999000000	  1.0027115447	679.2355313734
  0.1015000000	  1.0066495869	682.1314807259
  0.0994000000	  0.9925203842	672.3173808849
  0.0981000000	  0.9771413725	689.0544376686
  0.0983000000	  1.0101969893	690.9288377576
  0.0983000000	  0.9755087490	681.4806240219
  0.0981000000	  0.9584234407	671.4726025039
  0.1012000000	  1.0157879476	678.4635298113
  0.0987000000	  1.0286252364	694.5504911655
  0.0954000000	  0.9795870560	682.0158950005
  0.1043000000	  1.0774190371	701.0496219269
  0.0992000000	  1.0107846470	689.5301369324
  0.0976000000	  0.9240893268	679.0478941772
  0.1014000000	  1.0118483210	701.2398934998
  0.0957000000	  0.9843333851	673.6294904780
  0.1001000000	  1.0036115725	688.1140325770
  0.0992000000	  1.0039143870	682.6303708705
  0.1007000000	  0.9855766725	681.9235262091
  0.1015000000	  1.0427047860	687.1814493712
  0.1023000000	  1.0468193206	675.9688534966
  0.1005000000	  0.9928573115	688.6528967150
  0.1045000000	  0.9993270964	687.1739996123
  0.1012000000	  1.0272917756	686.5618144555
  0.1013000000	  0.9730291081	688.7893206784
  0.0991000000	  0.9986301266	691.5967267352
  0.1030000000	  1.0944387602	704.6807599783
  0.1006000000	  1.0345665939	693.8608773954
  0.1003000000	  0.9900974324	682.3800449848
  0.0993000000	  0.9623240204	678.8278939681
  0.1020000000	  1.0258616376	694.5331730149
  0.1002000000	  1.0067412823	679.3663145667
  0.0996000000	  1.0530263634	693.6539112452
  0.0968000000	  1.0056480918	682.3590385210
  0.1005000000	  0.9740034816	686.3172979746
  0.1012000000	  1.0281999164	690.6550409213
  0.1024000000	  1.0438919137	683.8836317363
  0.0939000000	  0.9439975872	680.0310327841
  0.1018000000	  1.0315459834	690.4526341448
  0.0975000000	  0.9684864841	691.6922612147
  0.0970000000	  0.9910313389	684.1169586640
  0.0984000000	  0.9934554557	682.8235828861
  0.1008000000	  1.0032282663	695.5298417033
  0.0995000000	  0.9909339459	692.0621701287
  0.1015000000	  1.0162408493	693.7530372883
  0.0985000000	  0.9922881542	677.3289242041
  0.1005000000	  0.9892537418	687.1430526625
  0.1033000000	  1.0394017011	698.4337430491
  0.0995000000	  1.0102647983	679.5773106339
  0.0974000000	  0.9548336110	682.2581256784
  0.0992000000	  0.9572944784	683.6336296680
  0.0984000000	  0.9801866418	678.9887877880
  0.1016000000	  1.0194434549	693.1489577614
  0.1004000000	  1.0464649089	696.2363105686
  0.1035000000	  1.0868873254	695.6986064023
  0.1025000000	  1.0044349327	688.4346745631
  0.0979000000	  1.0010892705	677.9024068354
  0.0943000000	  0.9368169954	686.4409451744
  0.0991000000	  0.9476710398	680.4952373978
  0.0998000000	  1.0156108652	682.3389077282
  0.0999000000	  1.0478448826	694.6442527857
  0.0987000000	  0.9683233757	679.7080977540
  0.0977000000	  0.9861940694	685.0915543907
  0.0986000000	  0.9852282762	684.0242403949
  0.1004000000	  1.0202418699	683.3310474720
  0.1021000000	  1.0465982601	697.3252074382
  0.0978000000	  0.9534540986	679.0673763922
  0.1003000000	  0.9527307289	677.1145927386
  0.1022000000	  1.0318860164	698.5081411080
  0.1019000000	  0.9959889652	691.1144396513
  0.0962000000	  0.9622981681	675.5902895757
  0.1010000000	  1.0136543176	694.5328001799
  0.0987000000	  1.0104122694	680.4859316364
  0.1020000000	  1.0135651666	687.0906423148
  0.1009000000	  0.9790163774	685.4352481560
  0.0962000000	  0.9687832570	681.4103193560
  0.0956000000	  0.9879371598	682.7232386920
  0.0971000000	  0.9794601928	676.7778932833
  0.0963000000	  0.9621205430	683.8276666012
  0.0982000000	  1.0027327583	677.8374451138
  0.0972000000	  0.9498475092	681.6136712577
  0.0990000000	  1.0007188869	674.4376186786
  0.0934000000	  0.8962998791	666.8617225166
  0.0989000000	  1.0157263606	680.9334314844
  0.1003000000	  1.0546822397	691.8816136063
  0.1006000000	  0.9463024498	675.7173729394
  0.0991000000	  1.0471475996	681.8613981483
  0.1009000000	  0.9934334981	690.1802288059
  0.1019000000	  1.0296365690	699.5636551185
  0.0995000000	  0.9466336210	674.7612714111
  0.0980000000	  1.0215112396	681.9455109297
  0.1050000000	  1.0385707693	698.1408537757
  0.0958000000	  0.9713446145	679.0131656420
  0.1003000000	  1.0181993922	675.2867000144
  0.0968000000	  1.0015870166	684.2702691999
  0.0971000000	  0.9811285413	697.9158809775
  0.1008000000	  0.9873644173	684.0207851620
  0.1039000000	  1.0324609338	704.4134896509
  0.0996000000	  1.0115017520	697.7691621252
  0.1005000000	  0.9872368512	685.8881753428
  0.1044000000	  1.0008534718	693.8046712136
  0.1010000000	  1.0285187789	687.6058182465
  0.1012000000	  1.0063072239	689.7079743242
  0.0992000000	  1.0213911206	676.2072822782
  0.1032000000	  1.0236116610	698.3586485952
  0.0982000000	  0.9407485495	676.0062584642
  0.1020000000	  1.0567491384	677.5527237293
  0.1018000000	  1.0084686311	680.3164911218
  0.1017000000	  1.0007997447	682.0859940196
  0.1013000000	  1.0250534947	698.0782828903
  0.0959000000	  0.9715474704	680.2577419578
  0.1021000000	  1.0278903090	681.6190150346
  0.0979000000	  0.9941549418	690.9854594290
  0.0980000000	  0.9658318204	687.6333815980
  0.1001000000	  1.0162601761	685.0834502416
  0.1032000000	  1.0457880725	694.7905860605
  0.1014000000	  1.0195185625	692.7802099846
  0.0983000000	  0.9457351210	673.0491134791
  0.1017000000	  0.9977511138	686.3401216899
  0.0982000000	  0.9886897849	673.7402260106
  0.1039000000	  1.0287911770	685.6783272585
  0.0999000000	  0.9889809801	692.1865143247
  0.1032000000	  1.0109574225	687.4503170224
  0.1010000000	  0.9849192016	687.9352303723
  0.0987000000	  0.9707704587	674.7652900705
  0.0999000000	  1.0450492896	695.5772132681
  0.1007000000	  1.0235706868	689.1853879011
  0.1013000000	  1.0107271656	686.1253045358
  0.0995000000	  1.0712696730	699.3656481699
  0.0983000000	  0.9986425776	687.3302072160
  0.1043000000	  1.0244684242	694.7537260622
  0.1052000000	  1.0450042307	706.9843436398
  0.0975000000	  1.0098894394	686.0259449954
  0.1001000000	  1.0049295614	686.8755988099
  0.1031000000	  1.0241367252	693.3435661368
  0.1015000000	  0.9988622216	686.4234491701
  0.0953000000	  0.9638070682	676.6049783043
  0.0978000000	  1.0165461854	684.6946497861
  0.1015000000	  0.9979399807	696.1321529545
  0.0967000000	  0.9730818900	677.4807561193
  0.1009000000	  1.0278322783	687.1711716645
  0.0995000000	  1.0381778994	691.6478083307
  0.1003000000	  0.9963966391	689.5030965412
  0.1004000000	  1.0077723474	686.6619652950
  0.0991000000	  0.9917606256	682.4265514721
  0.0995000000	  0.9880761771	689.0844882862
  0.0997000000	  1.0091012809	690.3308333306
  0.0953000000	  0.9625671568	681.8844466440
  0.0996000000	  1.0116927078	694.1626915806
  0.1007000000	  1.0279691231	686.0021814364
  0.0988000000	  0.9506529313	684.6075180843
  0.1030000000	  1.0301419403	696.3489276000
  0.1010000000	  1.0066942853	687.0144693169
  0.1006000000	  1.0195111230	686.7547778691
  0.0939000000	  0.9366880579	674.5390795798
  0.0988000000	  0.9551802182	681.0039117586
  0.0970000000	  0.9422436411	682.4577011274
  0.0986000000	  1.0001382416	692.6247622986
  0.0972000000	  0.9475908178	679.1722922521
  0.0999000000	  0.9996659755	679.3591412128
  0.0984000000	  0.9973993416	683.4422743075
  0.1018000000	  1.0293469285	687.1761159079
  0.0995000000	  1.0227249747	684.3036893216
  0.1034000000	  1.0201101899	695.0316252463
  0.1016000000	  1.0804338259	693.0207364615
  0.0995000000	  0.9913938527	682.1571097214
  0.1011000000	  1.0653266219	682.0762307434
  0.0999000000	  1.0579441945	699.9242637225
  0.0971000000	  0.9669232699	684.0888591569
  0.0990000000	  1.0014819932	684.8381011547
  0.1011000000	  0.9939064270	692.7888935532
  0.1053000000	  1.0366232042	694.1102025003
  0.1008000000	  1.0314852882	688.7422480637
  0.1014000000	  0.9660694993	688.7005270547
  0.0949000000	  0.9613790932	692.0025940521
  0.0973000000	  1.0106873017	687.0927655843
  0.1019000000	  1.0605840527	698.6023686651
  0.1001000000	  1.0117228310	685.8128306183
  0.0987000000	  1.0099371211	676.9310810148
  0.1021000000	  1.0566641267	686.3390776824
  0.1016000000	  1.0310625527	685.6827780299
  0.0999000000	  0.9826869386	679.7308695034
  0.0982000000	  0.9577314215	680.9223033883
  0.1007000000	  0.9665643480	688.6015239802
  0.0985000000	  1.0073451091	689.5632716462
  0.0995000000	  0.9894493838	676.5177016938
  0.0998000000	  1.0030894753	683.5871849233
  0.0991000000	  0.9801242739	692.3804136932
  0.0999000000	  1.0068580819	683.4702694508
  0.0999000000	  0.9993018546	685.9944632092
  0.1012000000	  0.9903845523	691.0847429957
  0.0997000000	  1.0267215555	690.1731752624
  0.0999000000	  1.0264807390	695.5857295639
  0.1003000000	  1.0342904898	689.3987059065
  0.1027000000	  1.0097072103	686.4635999329
  0.0970000000	  0.9531091583	680.6339074403
  0.0981000000	  0.9850139083	689.3188679179
  0.0971000000	  0.9467807064	676.0668117603
  0.1021000000	  0.9938789985	690.7586925549
  0.0943000000	  0.9461791020	680.1524231606
  0.0943000000	  0.9084935254	672.0918397876
  0.0999000000	  1.0252937751	683.2136470272
  0.1027000000	  1.0103480192	692.2059731481
  0.0983000000	  0.9492567101	684.3846903369
  0.0985000000	  0.9452209302	676.4623180349
  0.0998000000	  1.0407322839	679.6197002891
  0.1011000000	  1.0325898266	685.5902082854
  0.1006000000	  1.0116392589	693.2257375185
  0.0990000000	  0.9624560331	679.4781438624
  0.1045000000	  1.0655744852	689.5607128974
  0.0979000000	  0.9975568639	686.9395753726
  0.1010000000	  0.9836523137	693.9182326741
  0.1003000000	  1.0673295409	695.9353918033
  0.1007000000	  1.0257178012	706.4135878303
  0.0993000000	  0.9612412407	685.6914051262
  0.1002000000	  1.0081915504	686.7585253332
  0.0990000000	  0.9738056888	691.6135201859
  0.1035000000	  1.0508498264	696.3661560826
  0.0993000000	  0.9680898591	683.9743638376
  0.1008000000	  1.0130976240	683.5750643243
  0.1004000000	  1.0374828220	681.6655190681
  0.1021000000	  1.0666938970	689.7912975446
  0.1013000000	  1.0191418392	686.6597044056
  0.0975000000	  0.9619077680	683.4130634431
  0.1003000000	  1.0431154073	691.3430701703
  0.1018000000	  1.0498819982	704.9025638884
  0.0993000000	  0.9597803810	682.1897244003
  0.0976000000	  0.9965893204	682.9181029678
  0.0979000000	  0.9899561975	698.7030154523
  0.0994000000	  0.9712094906	678.7285274347
  0.1008000000	  1.0412830070	696.3184126124
  0.1007000000	  1.0046372234	682.0681673555
  0.1031000000	  0.9901944318	691.1288307224
  0.1015000000	  0.9757294794	681.5225098457
  0.1008000000	  1.0122444683	680.8730974833
  0.0997000000	  1.0040643267	686.4285389174
  0.1015000000	  1.0361808638	680.2830236338
  0.1021000000	  1.0339830662	682.2399857147
  0.1016000000	  1.0599351399	701.0630315194
  0.1015000000	  1.0127269084	691.1588134187
  0.1027000000	  0.9872692955	698.1005757242
  0.1002000000	  0.9994016700	689.5327570232
  0.1015000000	  1.0087229661	686.9248431702
  0.1011000000	  1.0077096494	686.5086270104
  0.1001000000	  0.9863181600	670.2274322177
  0.1017000000	  1.0145456176	676.8393107808
  0.0980000000	  0.9839705557	689.9712018460
  0.1019000000	  1.0069570316	694.8886653696
  0.1026000000	  1.0394392711	699.5775032349
  0.0995000000	  1.0265138555	687.8558314078
  0.0981000000	  1.0034000710	679.6674518386
  0.1007000000	  1.0357042163	682.5039795192
  0.0977000000	  1.0103470788	690.4599111277
  0.1002000000	  0.9978880560	684.1977788734
  0.1029000000	  1.0173972584	693.6987180918
  0.0998000000	  0.9407606640	672.6058903599
  0.0995000000	  0.9455333855	686.9948490786
  0.0971000000	  0.9549251922	685.9545003828
  0.1002000000	  1.0219250974	677.1084005657
  0.1058000000	  1.0386469886	693.7213233738
  0.0984000000	  0.9727833694	682.3439417019
  0.0985000000	  0.9878791830	679.1993942691
  0.1009000000	  1.0135699745	701.7759222704
  0.1034000000	  1.0331245380	686.5309324322
  0.1021000000	  1.0587246367	685.6875599394
  0.1029000000	  0.9949095298	691.7187986574
  0.1066000000	  1.0391296673	705.3038669789
  0.0975000000	  0.9817817243	677.7312212532
  0.0990000000	  0.9916639916	684.2746560981
  0.1034000000	  1.0433184653	691.1710050525
  0.1008000000	  1.0446267228	701.3599031442
  0.1007000000	  1.0146635097	686.6486817161
  0.1022000000	  1.0326281143	691.2954792336
  0.1003000000	  0.9960738321	689.7504106779
  0.1010000000	  1.0215864759	690.1217977452
  0.0940000000	  0.9840050175	684.2619836858
  0.1033000000	  1.0149438032	676.8577670399
  0.0994000000	  0.9603676279	677.0344253471
  0.0987000000	  0.9925466504	692.0791305753
  0.0998000000	  1.0405028031	693.4981183789
  0.1010000000	  1.0167920025	686.2661997252
  0.0991000000	  0.9756538942	688.6496001648
  0.0983000000	  0.9693360434	692.5567354483
  0.0977000000	  0.9807320113	685.1529560505
  0.0977000000	  0.9726224076	687.5727012632
  0.0972000000	  1.0161716573	689.1752258289
  0.1010000000	  1.0169726640	689.4062043127
  0.0980000000	  0.9935770100	691.1572373029
  0.1027000000	  1.0047535996	697.5530235919
  0.1016000000	  1.0093475461	685.4710446084
  0.1014000000	  1.0026031670	687.7032560452
  0.0956000000	  0.9951170046	672.7946421328
  0.1012000000	  1.0542546764	684.1922293485
  0.1003000000	  1.0168772066	698.7558156274
  0.0992000000	  0.9785050160	691.1124805492
  0.1001000000	  0.9864265681	682.8722206785
  0.0998000000	  0.9460914289	683.1671193564
  0.0992000000	  1.0081222345	692.8615223416
  0.1007000000	  0.9823057462	688.1798701235
  0.1006000000	  1.0444162110	693.0105519137
  0.1014000000	  1.0362204038	686.8828186455
  0.1001000000	  1.0093312317	693.4723680689
  0.0997000000	  1.0254533383	691.0294431439
  0.1021000000	  1.0034936222	703.5979707117
  0.1018000000	  1.0404622800	689.6155549786
  0.1012000000	  1.0106250834	678.8987976610
  0.1000000000	  1.0086416673	689.6827766760
  0.0983000000	  0.9805713542	691.8425303978
  0.0994000000	  1.0221657354	686.7703615550
  0.1003000000	  1.0052090686	690.5031181554
  0.1023000000	  1.0138556364	692.6897052094
  0.1035000000	  1.0229912465	700.7096321349
  0.0973000000	  0.9716002154	683.0451034318
  0.1008000000	  1.0271363889	680.5389861560
  0.0969000000	  0.9398213516	682.6060641520
  0.1031000000	  0.9957731770	684.3181178998
  0.0997000000	  0.9879865222	689.3611278789
  0.0998000000	  1.0551869818	680.8396416033
  0.1044000000	  1.0307576759	697.9445017243
  0.1022000000	  1.0183764740	697.4408110989
  0.1044000000	  1.0377314176	700.5442623054
  0.1017000000	  1.0293799346	688.5206660134
  0.0998000000	  1.0170068269	682.1617661678
  0.0991000000	  1.0172148738	675.8513945078
  0.1010000000	  0.9942322407	692.6534164092
  0.1025000000	  0.9968438344	690.9997083304
  0.0987000000	  1.0200690723	693.4378883431
  0.1020000000	  0.9839865811	687.7191711718
  0.1022000000	  1.0033940072	699.4636591766
  0.1012000000	  0.9870093542	681.3685644880
  0.0985000000	  0.9849835796	683.6509157107
  0.0991000000	  1.0326307482	675.0451338985
  0.1010000000	  1.0371219554	689.4514421450
  0.1051000000	  1.0364316811	699.7819914594
  0.0979000000	  1.0168908134	682.4870403347
  0.1011000000	  0.9965002983	699.6784474333
  0.0986000000	  0.9989488226	683.3453512300
  0.1044000000	  1.0667336146	691.1875614074
  0.0950000000	  0.9517864678	672.3457042043
  0.1022000000	  1.0212897417	689.8082381529
  0.1026000000	  1.0475435580	705.4820956099
  0.0976000000	  0.9845575490	676.7254451155
  0.1002000000	  0.9964822752	689.8881752151
  0.0998000000	  0.9963927819	680.2282350266
  0.1018000000	  1.0204274597	689.4434263369
  0.0985000000	  0.9604181717	678.1246474766
  0.1010000000	  0.9892310348	684.3065217967
  0.0990000000	  0.9742642357	681.9228441285
  0.1029000000	  1.0353508998	699.8331829931
  0.1031000000	  1.0200448855	702.4276086860
  0.0980000000	  0.9264382602	679.9263875719
  0.1008000000	  1.0101601820	692.1523336323
  0.1015000000	  0.9988425005	686.5943986276
  0.1041000000	  1.0421939901	685.5743820880
  0.0981000000	  0.9972474051	688.1985814819
  0.0994000000	  0.9519509166	685.0334269014
  0.0982000000	  0.9443489672	680.7279492493
  0.1001000000	  0.9889846819	684.8846948218
  0.1021000000	  1.0368050615	682.0785867785
  0.1022000000	  1.0171820057	687.5933691754
  0.0954000000	  0.9134375113	681.0583316670
  0.0994000000	  1.0091327654	692.4838830661
  0.0967000000	  0.9933761547	686.8666702517
  0.0963000000	  0.9756543070	685.2817796522
  0.1059000000	  1.0528508688	691.2386061775
  0.0991000000	  0.9326051269	688.4894240286
  0.0977000000	  0.9677804229	669.5108373307
  0.1046000000	  1.0394702352	704.6687875911
  0.0982000000	  1.0035082342	692.4831197802
  0.1011000000	  1.0326324054	678.6188136315
  0.1025000000	  1.0308330848	692.6042603625
  0.1035000000	  0.9839281402	691.3905622471
  0.1009000000	  0.9796854119	688.5914530649
  0.1005000000	  0.9809128540	687.9769987402
  0.0969000000	  0.9542874574	685.4894438152
  0.0998000000	  1.0191500266	691.8902439057
  0.1010000000	  1.0205919506	684.0510160767
  0.1052000000	  1.0671707612	696.7192112737
  0.0992000000	  1.0530307538	700.1439558504
  0.1007000000	  1.0029083483	687.8403621669
  0.1009000000	  1.0164172154	696.1181131341
  0.0991000000	  0.9749127622	687.7297588028
  0.0980000000	  0.9873376740	679.1687288180
  0.1027000000	  1.0274995981	698.9396277670
  0.1003000000	  0.9999281067	687.7574625389
  0.0952000000	  0.9787042352	682.6974072677
  0.0969000000	  1.0045558435	689.1550441818
  0.0969000000	  0.9477556763	686.6878186018
  0.1019000000	  1.0045138863	680.0934610626
  0.0980000000	  0.9944207555	675.3658587151
  0.1039000000	  1.0487484640	699.1324196088
  0.0998000000	  1.0094279404	686.2994476686
  0.1028000000	  0.9980340456	687.2896779641
  0.0977000000	  0.9539710224	679.2063406799
  0.0988000000	  0.9730384272	699.5988973189
  0.1049000000	  1.0519803397	692.6192598716
  0.1011000000	  1.0405646158	688.3627596619
  0.0997000000	  1.0061741156	688.8687358754
  0.1015000000	  0.9524867973	692.2133470472
  0.1000000000	  0.9857753047	676.7684609230
  0.0976000000	  0.9810953508	683.3182766564
  0.0964000000	  0.9443449472	676.8913619079
  0.1014000000	  1.0372815599	686.6687290680
  0.1008000000	  1.0004066503	689.3085872718
  0.1034000000	  1.0291285257	697.6218643106
  0.1005000000	  1.0168453034	683.7134118272
  0.0990000000	  0.9841311990	679.6358112818
  0.0980000000	  0.9853847922	681.5345529140
  0.0964000000	  0.9752976148	697.2850214077
  0.1008000000	  1.0253703103	694.0976812282
  0.1002000000	  1.0419888475	688.3626431713
  0.0971000000	  0.9541589887	684.7347407473
  0.0994000000	  1.0027338228	688.5490508536
  0.0976000000	  0.9980922885	684.8985982792
  0.1035000000	  0.9882813887	693.7855547790
  0.1023000000	  1.0107490405	691.4189915547
  0.0953000000	  0.9582922221	677.1309727775
  0.0994000000	  0.9697815983	673.7853137770
  0.1001000000	  0.9969713419	686.2930224345
  0.0970000000	  0.9525240808	684.3903879489
  0.0990000000	  0.9882750966	684.2803714435
  0.0998000000	  0.9598948973	688.7837713965
  0.0956000000	  0.9692468744	679.2131923841
  0.1005000000	  1.0385461528	696.1556772978
  0.1012000000	  0.9937834200	692.3596850777
  0.1016000000	  1.0084526587	681.0255551575
  0.1018000000	  1.0241271048	696.0166677936
  0.0998000000	  1.0200297591	690.7480747993
  0.1006000000	  0.9893396308	683.9147768497
  0.0984000000	  0.9973369219	676.1358418225
  0.1006000000	  0.9908717984	695.7072618762
  0.0959000000	  0.9598359257	678.7067621733
  0.0986000000	  0.9867853361	688.1327856108
  0.1021000000	  1.0368324998	700.8354125261
  0.0991000000	  0.9995113378	688.4613985958
  0.1000000000	  1.0303256158	683.3094855816
  0.0996000000	  0.9696686072	691.0349887678
  0.1008000000	  0.9956758690	684.5853954922
  0.0975000000	  0.9989980039	673.0977140054
  0.1034000000	  1.0342123911	687.6784187390
  0.0977000000	  0.9954186377	685.5607184676
  0.1012000000	  1.0362566612	692.8113924111
  0.1017000000	  1.0096808678	687.9040255485
  0.1000000000	  0.9833544282	693.5388531471
  0.0973000000	  0.9983376397	684.3221437496
  0.1014000000	  0.9781356098	689.7910240661
  0.0983000000	  0.9838302861	685.9262147803
  0.1031000000	  1.0227480096	695.8349820354
  0.0986000000	  0.9692870300	689.5048550953
  0.0976000000	  0.9940307549	678.0753862380
  0.0984000000	  0.9903316304	676.2507492511
  0.1003000000	  0.9854319059	690.9903775344
  0.0987000000	  0.9813699024	689.7675095566
  0.0992000000	  0.9752063823	678.8917221041
  0.1008000000	  0.9897866435	690.8039308506
  0.1005000000	  0.9888112923	675.7736096628
  0.0999000000	  1.0156753783	693.2457968903
  0.0991000000	  1.0047440197	689.7527313331
  0.1021000000	  0.9959669726	692.4891526460
  0.0974000000	  0.9914772533	672.7966971611
  0.0997000000	  0.9598014120	676.6994947550
  0.1019000000	  0.9930036206	691.6233032725
  0.1019000000	  0.9915064514	683.5769968249
  0.1000000000	  0.9825800936	690.9680272214
  0.0994000000	  0.9690051184	679.8115237116
  0.0965000000	  0.9878547888	675.1741829621
  0.1000000000	  0.9904903702	687.8159427216
  0.1015000000	  1.0133897039	694.8098921844
  0.0964000000	  0.9440529591	676.7431072099
  0.1004000000	  0.9666970860	680.6535396963
  0.1010000000	  0.9430040428	691.9269758226
  0.1033000000	  1.0240439277	696.7838423022
  0.0975000000	  0.9742447694	684.2685274936
  0.0965000000	  0.9732000263	673.9957784815
  0.1012000000	  1.0018241129	684.4331260000
  0.0998000000	  0.9928340601	685.6321371853
  0.0994000000	  1.0053602866	681.0756205571
  0.1045000000	  1.0300246414	689.9156170456
  0.0990000000	  0.9726668956	681.8925909184
  0.0993000000	  1.0047346954	684.9722109324
  0.1043000000	  0.9963514267	684.4802108345
  0.1039000000	  0.9879039636	693.5869408801
  0.1015000000	  0.9602210118	690.1131721385
  0.1019000000	  1.0207969303	694.7256325348
  0.1008000000	  1.0228108148	693.6690802706
  0.1007000000	  1.0341974931	693.6453382724
  0.0976000000	  0.9618023712	691.9133813193
  0.1017000000	  1.0374676134	693.8724149573
  0.0985000000	  0.9979326907	691.5813185313
  0.0995000000	  1.0014207477	694.2993382598
  0.1019000000	  1.0420517416	700.9537096230
  0.1012000000	  1.0517096713	681.9263933030
  0.1024000000	  1.0036302332	697.6251068952
  0.0997000000	  0.9896091775	677.9908435175
  0.1031000000	  1.0251227605	690.8973146745
  0.0960000000	  0.9808008662	683.8710152796
  0.1004000000	  1.0609568913	698.0858672960
  0.1035000000	  1.0538612167	691.9027480393
  0.0995000000	  0.9954981017	673.8893089260
  0.1037000000	  1.0319621790	693.1844910967
  0.1009000000	  0.9932058534	687.7373162184
  0.1006000000	  1.0270185978	689.1696453202
  0.0976000000	  0.9733570727	673.0576536141
  0.1002000000	  1.0047347771	684.5845219438
  0.1015000000	  1.0334157938	689.9610880294
  0.1047000000	  1.0312996653	686.0686953293
  0.1016000000	  1.0132860386	688.6591905840
  0.1017000000	  1.0023880510	698.2739378665
  0.1004000000	  1.0108763524	686.4346880159
  0.0980000000	  0.9819779493	681.5298055949
  0.0982000000	  1.0026664913	685.0164110973
  0.1001000000	  0.9712013913	686.1625621038
  0.1008000000	  0.9885274050	685.1184169968
  0.0945000000	  0.9375344866	685.7685137657
  0.1002000000	  0.9863491424	683.9301569648
  0.1046000000	  1.0784638452	689.8204444257
  0.1006000000	  0.9968433933	682.5132796036
  0.1006000000	  1.0135133181	686.7974607074
  0.1006000000	  1.0352589655	684.7061381940
  0.1055000000	  1.0922826470	694.1696756638
  0.1018000000	  1.0012260777	685.6690164596
  0.0991000000	  1.0425745055	681.8682728083
  0.0963000000	  0.9463762357	679.8458333101
  0.1013000000	  1.0362218646	688.6176552412
  0.0966000000	  0.9848579132	679.9296861003
  0.1019000000	  1.0085881649	681.0444485809
  0.0981000000	  1.0118761289	690.1804791035
  0.1008000000	  0.9710313925	691.1152307648
  0.1007000000	  0.9683224964	692.0694200690
  0.1030000000	  1.0446005124	690.5174911696
  0.1035000000	  0.9818377568	687.9641550091
  0.0965000000	  0.9649576400	691.4013814120
  0.0975000000	  0.9563354179	682.3349123743
  0.0986000000	  1.0293716670	684.6326367602
  0.1026000000	  1.0333788386	697.5016915934
  0.0998000000	  1.0027829822	683.7002283146
  0.0993000000	  0.9953290575	691.3561654484
  0.1003000000	  1.0233179274	688.3310285874
  0.1007000000	  1.0305982788	682.8142666765
  0.0992000000	  0.9836553845	688.4605186271
  0.0999000000	  1.0032878489	681.9322271973
  0.0996000000	  1.0165266270	690.7204152101
  0.1000000000	  0.9927317895	692.0085498707
  0.0964000000	  0.9598861015	678.1355880889
  0.0994000000	  1.0084515216	683.7704174451
  0.1000000000	  1.0448075695	690.3558463434
  0.0971000000	  0.9691867981	678.4696824321
  0.1027000000	  1.0506076192	683.1447460760
  0.0980000000	  0.9634475653	678.1571654981
  0.1015000000	  1.0231270820	682.9579643107
  0.1017000000	  1.0142510823	680.0934812496
  0.0993000000	  0.9687417571	689.4071301623
  0.1034000000	  1.0136908451	693.7890132785
  0.1018000000	  1.0360559213	678.6393647518
