  0.0999000000	  1.0208346650	706.1251701875
  0.1064000000	  1.0599076561	692.4463669505
  0.1019000000	  1.0228816355	686.3395659724
  0.0975000000	  1.0067533047	675.1822155575
  0.0972000000	  0.9832313266	685.8714567076
  0.0950000000	  0.9694763285	695.5254898420
  0.1050000000	  1.0235624837	715.7541388849
  0.0987000000	  1.0735648489	698.8224270297
  0.1053000000	  1.0866164313	715.7747048943
  0.1009000000	  0.9714284552	707.2169580240
  0.0942000000	  0.9291820804	663.4150839647
  0.1056000000	  1.1394516186	696.1480984737
  0.0913000000	  0.8545163131	652.9007497697
  0.1009000000	  1.0378037715	689.9570151907
  0.1040000000	  1.0734792817	699.8680742256
  0.0954000000	  0.8698143943	701.5571872883
  0.0965000000	  1.0511326427	701.2455285188
  0.1035000000	  1.0660537800	683.0626711961
  0.1076000000	  1.0269823959	708.5978353847
  0.0977000000	  0.9839321269	693.7839594047
  0.0997000000	  1.0431190577	708.2229848391
  0.1045000000	  1.0703477485	701.7904535339
  0.1000000000	  0.9866242670	693.3059461471
  0.0984000000	  0.9441069462	665.7981940508
  0.1117000000	  1.1254525797	710.6166738583
  0.1000000000	  1.0003623456	669.5930602662
  0.1026000000	  1.0706445373	728.4745562988
  0.1004000000	  1.0351393185	699.7675539418
  0.0978000000	  0.9848853812	677.1660862525
  0.0952000000	  0.9629754884	683.9969562063
  0.1073000000	  1.1941567460	700.6122550365
  0.1016000000	  1.0254755845	728.5267059612
  0.1005000000	  0.9968349452	678.0596676911
  0.1036000000	  1.0695209860	689.3621539156
  0.1066000000	  1.0705704603	705.5429392952
  0.1023000000	  1.0767006046	713.7124455876
  0.1014000000	  1.0226711920	686.9286056637
  0.0969000000	  0.9852176788	715.3675321341
  0.1005000000	  1.0494970567	667.2408212512
  0.1009000000	  1.0279125659	689.6551487367
  0.0957000000	  0.9227559930	687.7920697056
  0.1064000000	  1.0573630450	711.0639221044
  0.0990000000	  0.9410547449	692.4030247286
  0.0966000000	  1.0032220891	715.9767631905
  0.0923000000	  0.9030733479	688.6519609008
  0.0961000000	  0.9511583336	651.7397296131
  0.0994000000	  1.0634407984	695.1072936932
  0.0952000000	  0.9329857602	698.4346939732
  0.1013000000	  1.0453637796	707.2374684363
  0.1014000000	  1.0971498097	699.5432550811
  0.1062000000	  1.0344780038	698.0470919151
  0.1005000000	  1.0091713233	688.4412454328
  0.1018000000	  1.0390368243	691.3287239245
  0.1007000000	  0.9892659621	699.5167707196
  0.0988000000	  1.0374807530	669.2654624813
  0.0994000000	  0.9687707333	689.2170396232
  0.1004000000	  0.9664153342	673.2129108096
  0.0931000000	  0.9003773344	660.7778767259
  0.0959000000	  0.9479819035	679.8212565068
  0.0991000000	  0.9601227636	685.5683764277
  0.1053000000	  1.0759576981	707.5813916200
  0.0951000000	  0.9105201268	688.6405623386
  0.0981000000	  0.9710320722	678.7752058735
  0.0971000000	  1.0119735758	693.0754521852
  0.0979000000	  0.9942051503	674.1601646213
  0.1009000000	  1.0275174329	702.4905739884
  0.0980000000	  0.9524968397	673.9307255266
  0.0976000000	  0.9833051858	685.9128669012
  0.0888000000	  0.8766525151	639.3612711321
  0.0942000000	  0.9453556520	663.6761745236
  0.1035000000	  1.0257897927	699.8947436311
  0.0999000000	  0.9582262450	681.8081998368
  0.1027000000	  1.0511649499	684.4117086163
  0.0991000000	  1.0297986018	691.5208936872
  0.1032000000	  1.0603141639	710.0068194206
  0.0957000000	  0.9347421991	678.5680370807
  0.1051000000	  1.1053760520	682.6932220363
  0.1010000000	  1.0480926876	677.2817755830
  0.0982000000	  0.9841555880	676.7571431212
  0.0966000000	  0.9490521748	711.1785092566
  0.0974000000	  0.9805742060	694.2478298482
  0.1014000000	  1.0103992361	690.2995146036
  0.1035000000	  1.0228843756	678.0507719810
  0.0981000000	  1.0201137240	676.4121056543
  0.1048000000	  1.0982326410	710.1300091444
  0.0979000000	  0.9874484748	690.6966120543
  0.0942000000	  0.9690378567	693.0264187484
  0.1021000000	  1.0536807622	688.7182161408
  0.0981000000	  0.9817892288	701.4494517206
  0.1008000000	  0.9892804290	661.6119875304
  0.1010000000	  1.0113550931	686.4501056079
  0.0998000000	  0.9107800106	693.6831732875
  0.0912000000	  0.8680824050	673.3120487068
  0.0969000000	  0.9391813423	671.9540536168
  0.1043000000	  1.0291737985	703.1752061625
  0.1006000000	  1.0162907207	686.3693540881
  0.0936000000	  0.9036113610	699.6202425152
  0.1056000000	  1.1069320794	710.9355548475
  0.1007000000	  1.0703540969	680.9076284700
  0.1015000000	  1.0679204495	678.2291829277
  0.0949000000	  0.8879289933	697.1186899839
  0.0986000000	  0.9722185685	667.7307197647
  0.1042000000	  1.0936918290	710.4138791723
  0.0917000000	  0.8732176531	670.1711599878
  0.0949000000	  0.9656931208	675.2177785256
  0.0962000000	  1.0060183741	677.2861319890
  0.0989000000	  0.9331042720	689.3525978502
  0.0980000000	  1.0046592782	685.1764288763
  0.0996000000	  0.9604308143	700.9249164187
  0.0974000000	  1.0136735270	710.2987308377
  0.0992000000	  0.9717868660	680.6203509576
  0.1011000000	  0.9799866909	706.8781460693
  0.1015000000	  1.0239270083	687.0779111365
  0.0934000000	  0.9094127728	672.0037798475
  0.1016000000	  0.9814484049	698.1556181832
  0.0995000000	  1.0889131616	708.8635370572
  0.1026000000	  1.0392761662	685.1651765729
  0.1009000000	  1.0790561649	705.1896147768
  0.0999000000	  0.9972550533	685.5948400794
  0.1028000000	  1.0024467907	698.5639787024
  0.0973000000	  1.0270243833	698.2980050188
  0.1010000000	  0.9487067317	660.7922317247
  0.1002000000	  1.0334641563	671.8789324403
  0.0984000000	  1.0033228446	703.8938245140
  0.0964000000	  0.9895428866	679.6323609061
  0.1026000000	  0.9823868091	686.6612822969
  0.0985000000	  0.9863136225	691.1811517686
  0.0958000000	  0.8985791791	667.0087668867
  0.1002000000	  0.9689797441	710.0553263819
  0.1014000000	  1.0615097655	683.0811860339
  0.1019000000	  1.0342833320	685.9479019205
  0.1035000000	  1.0177249181	702.8700135011
  0.0992000000	  0.9769667444	700.2439041292
  0.0967000000	  0.8993062333	678.8215581483
  0.1020000000	  1.0894815840	713.5965799384
  0.1081000000	  1.0832503208	728.2996821227
  0.0989000000	  1.0244599118	686.4827881030
  0.1020000000	  0.9925400628	706.4921761186
  0.0986000000	  0.9687988558	673.5990619820
  0.1024000000	  0.9367285913	716.9324647212
  0.1004000000	  0.9980466164	686.8288190386
  0.1043000000	  1.1027893961	711.1064267127
  0.1046000000	  1.0490508711	703.5889478414
  0.1027000000	  1.0816574569	664.6898406869
  0.1018000000	  1.0826748142	692.0365695274
  0.0994000000	  1.0094874382	677.9829085851
  0.0977000000	  0.9880198315	679.1380945778
  0.1022000000	  1.0233569281	677.2435282286
  0.1008000000	  1.0561939000	696.0486098583
  0.0995000000	  1.0066023069	700.5362144105
  0.1006000000	  0.9798026359	680.1949788264
  0.1000000000	  1.0343210794	683.6581432026
  0.0934000000	  0.9064370516	666.5262483431
  0.0938000000	  0.8482095791	660.0545511614
  0.0996000000	  1.0335316051	695.6292463396
  0.1005000000	  1.1062350205	689.6707086611
  0.0999000000	  0.9309217228	683.7834777740
  0.0990000000	  0.9801360247	714.2264125047
  0.1067000000	  1.0353001053	699.2332056801
  0.0980000000	  1.0414025187	682.5622384741
  0.1003000000	  1.0571575084	684.6097570631
  0.0971000000	  0.9553909035	694.9061242184
  0.1009000000	  1.0045686045	682.5804257205
  0.0928000000	  0.9756500626	678.8586533845
  0.1005000000	  1.1028839010	685.8868491937
  0.1021000000	  1.0018481014	697.1466279958
  0.1027000000	  1.0281652060	707.1676477483
  0.1026000000	  1.0446008154	696.3599405798
  0.1003000000	  0.9393160331	661.9983768519
  0.0946000000	  0.9231275595	690.6789661472
  0.1079000000	  1.0786071507	706.6226103302
  0.1019000000	  1.0441557378	694.9070107369
  0.0965000000	  0.9581514679	677.9415435066
  0.1030000000	  1.0395605534	699.9948176142
  0.1058000000	  1.1181657163	688.8826593910
  0.0958000000	  0.9784483068	680.6773606137
  0.0980000000	  0.9873304009	673.4890204200
  0.0982000000	  1.0220799445	685.0482346266
  0.1023000000	  1.1203055163	703.4747935599
  0.0969000000	  0.9783319371	694.4851566826
  0.0972000000	  1.0193907518	696.4796519237
  0.0917000000	  0.8332776765	677.2854066583
  0.1048000000	  1.0373570785	681.6445533577
  0.1022000000	  0.9891858284	704.6785629035
  0.1020000000	  1.0111552152	676.5695247765
  0.0980000000	  0.9633154699	660.7596515054
  0.0980000000	  0.9384310716	678.3264673036
  0.0958000000	  1.0356239513	672.0168827712
  0.1002000000	  0.9853395177	680.4058204830
  0.1013000000	  0.9991717378	695.0861090474
  0.1017000000	  1.0692174086	685.6131693919
  0.0939000000	  0.8874135390	678.9504717043
  0.0991000000	  1.0258034055	671.3250732876
  0.1001000000	  0.9970476989	712.0780416045
  0.0990000000	  0.9860569344	684.2110019691
  0.1035000000	  1.0102602881	708.5418181313
  0.0992000000	  0.9701812991	678.0115438454
  0.0965000000	  0.9231267217	672.7198629826
  0.1047000000	  1.0673859060	718.1386495812
  0.1058000000	  1.0961402236	697.8377539482
  0.0991000000	  1.0184268730	681.4941840890
  0.1055000000	  1.0585758302	680.4914002588
  0.1037000000	  1.0961114375	676.9472935271
  0.1036000000	  1.0696388590	720.2750420141
  0.1029000000	  1.0648768097	710.7674291083
  0.1022000000	  1.0015091112	691.4069862505
  0.1019000000	  1.0369994000	694.3106669424
  0.0997000000	  1.0282443596	694.4913948104
  0.1078000000	  1.1023003526	685.3056985793
  0.0961000000	  0.9727559060	683.7791481518
  0.0942000000	  0.9880499638	650.1831323816
  0.1004000000	  1.0383692468	688.4828240463
  0.1057000000	  1.0936326261	702.2502449801
  0.0985000000	  0.9612077683	693.7282437441
  0.1036000000	  1.0038777274	676.3363648905
  0.1054000000	  1.1185721415	726.9145941295
  0.0996000000	  0.9746460169	689.9981151030
  0.1024000000	  1.0509614435	688.6480636540
  0.0967000000	  0.9691412772	674.8482323647
  0.0973000000	  1.0364435053	691.7893659595
  0.0995000000	  1.0158456740	673.8081379750
  0.1017000000	  1.0636389763	703.3729068547
  0.1014000000	  1.0418059139	682.2159842545
  0.0982000000	  0.9506405996	703.3826937192
  0.1068000000	  1.1345538718	685.3683323245
  0.0988000000	  0.9980059525	670.2926829438
  0.0965000000	  0.9768952414	684.0157641000
  0.0957000000	  0.9633282672	671.4654656113
  0.1034000000	  0.9968020274	707.5564868052
  0.1001000000	  0.9841634453	679.0777596240
  0.1025000000	  1.0447799234	691.5640387011
  0.0986000000	  1.0888593156	705.9993741203
  0.1046000000	  1.0157274885	684.2456417075
  0.1052000000	  1.0758835021	698.3286193542
  0.1045000000	  1.1212876159	711.9210627355
  0.0975000000	  0.9641269008	679.3955267859
  0.0989000000	  1.0051181903	688.1566853099
  0.0978000000	  0.9613401198	701.3866537808
  0.0994000000	  1.0613943984	695.4091966943
  0.1046000000	  1.0367001845	675.6149456718
  0.1050000000	  1.0914304999	714.0777289183
  0.0989000000	  1.0127106297	675.1882070344
  0.1003000000	  1.0095034104	682.2310021706
  0.0916000000	  0.9472935697	660.1496520774
  0.1021000000	  1.0316302727	690.8196034946
  0.1019000000	  1.0154065681	695.0924048308
  0.0986000000	  0.9699066917	690.0034090988
  0.1050000000	  1.0941881774	699.3066103013
  0.0995000000	  1.0455329073	694.9459601965
  0.0980000000	  1.0049756160	693.1996559126
  0.0987000000	  0.9605035482	680.2315105839
  0.0999000000	  1.0299749444	686.8743391542
  0.0941000000	  1.0022225686	690.3442507897
  0.0949000000	  0.9392282050	699.1632402112
  0.0947000000	  0.9553467630	659.0714555715
  0.0965000000	  0.9831985231	692.1545014395
  0.0998000000	  0.9657249697	715.2270613437
  0.0975000000	  0.9823325218	694.9461255525
  0.0996000000	  0.9826728570	675.0635282480
  0.0925000000	  0.9159870286	669.6744824484
  0.1061000000	  1.0453682414	672.6095624407
  0.1021000000	  1.0907348465	697.4000450920
  0.1004000000	  0.9624208736	677.4493491345
  0.0959000000	  1.0015623224	680.4785516286
  0.0985000000	  0.9831751235	694.7683453168
  0.0996000000	  1.0091182258	679.5741459202
  0.0944000000	  0.9451359070	683.0926232291
  0.1001000000	  0.9891723838	676.0124526648
  0.1045000000	  1.0487431786	702.7089229031
  0.0998000000	  0.9558018003	707.3431824800
  0.0937000000	  0.8893652506	665.2453502402
  0.0979000000	  0.9829261881	693.9630905430
  0.0959000000	  0.9375507766	651.2513758971
  0.0987000000	  1.0141065392	698.6325993303
  0.1025000000	  1.0771785485	713.1696304810
  0.0989000000	  0.9723652996	685.4095020448
  0.1019000000	  1.0341532627	713.1726728358
  0.0953000000	  1.0169752913	668.2081669982
  0.0928000000	  0.9275093199	694.8007149917
  0.0978000000	  0.9390308181	679.0401605323
  0.0980000000	  1.0190578019	680.0990771450
  0.1050000000	  1.0931419934	710.7317680584
  0.0953000000	  0.9660916080	678.0611623696
  0.0987000000	  0.9648128293	709.7018861832
  0.1040000000	  1.0018923351	710.8396071498
  0.1058000000	  1.0294922255	699.9935246682
  0.0960000000	  0.9615278084	708.5849339433
  0.1037000000	  1.0408275588	696.8760025466
  0.0954000000	  0.9536494754	679.3021869169
  0.0981000000	  1.0314335324	708.4621049219
  0.1057000000	  1.1059308277	711.8953754455
  0.1036000000	  1.0576010621	709.1391781968
  0.0994000000	  1.0517384832	714.3952704802
  0.0993000000	  1.0065488998	684.4108089280
  0.0997000000	  1.0199424317	704.0218313575
  0.1054000000	  1.0298860645	709.0766006241
  0.0950000000	  0.9397860829	674.1212033948
  0.1024000000	  1.0150453973	679.7532343842
  0.0987000000	  1.0025369500	680.7461300499
  0.1015000000	  1.0757457807	712.0452964986
  0.1028000000	  0.9954397213	690.1050413041
  0.1057000000	  1.0320344958	697.8659860560
  0.1016000000	  0.9678084791	681.4666262722
  0.1058000000	  1.0621492120	699.9463498044
  0.0963000000	  0.9207529626	684.8031257005
  0.1004000000	  0.9827457510	674.8585654872
  0.0988000000	  0.9860072401	713.4611427397
  0.1035000000	  1.0145030140	702.2631741643
  0.1027000000	  0.9452978855	686.9275169908
  0.1047000000	  1.0646255304	675.0444881770
  0.0988000000	  0.8998138996	663.7592510015
  0.1043000000	  1.0300193305	704.4478306135
  0.0994000000	  0.9402935893	659.2611037349
  0.1040000000	  1.0150145435	695.1026120982
  0.0991000000	  1.0041433133	679.5841174492
  0.0979000000	  1.0007281507	670.4002180638
  0.1071000000	  1.0338763386	702.4241959818
  0.1022000000	  1.0806925958	695.5751280248
  0.0935000000	  0.8840983105	670.8883667058
  0.1072000000	  1.1140678035	679.3886177557
  0.0992000000	  0.9737189776	706.6238783566
  0.0985000000	  1.0262916191	698.6540111914
  0.0978000000	  0.9913897516	674.9479730951
  0.0965000000	  0.9802706981	676.3489923172
  0.0957000000	  1.0144075820	675.9183223351
  0.0965000000	  0.9802792030	688.5155385133
  0.0992000000	  1.0223531381	684.3907114958
  0.1014000000	  1.0137569886	692.9789301295
  0.1005000000	  0.9618122972	685.1337409745
  0.1005000000	  1.0133858972	692.4716785392
  0.1086000000	  1.0714058642	719.4641865678
  0.1066000000	  1.1146515049	712.3145825966
  0.0980000000	  0.9846802635	703.1231641278
  0.1082000000	  1.1669903957	689.1739990911
  0.1046000000	  1.1055842557	679.2113161823
  0.0961000000	  0.9923843769	685.0658620250
  0.0960000000	  0.9663439705	689.7753578517
  0.1029000000	  1.0335805955	687.2799315068
  0.0957000000	  1.0279051684	668.9058534623
  0.1006000000	  1.0471219424	678.0736225020
  0.0966000000	  0.9941411705	681.8436965863
  0.1026000000	  1.0365543316	701.2099836892
  0.1022000000	  1.0552877207	712.7046683674
  0.0984000000	  1.0559641837	689.6816370738
  0.1025000000	  1.0147021871	690.1580868957
  0.0961000000	  0.9152045987	684.8780277081
  0.0952000000	  0.9256509889	681.3083498096
  0.1017000000	  1.0340750785	702.4689824217
  0.0997000000	  1.0790842963	697.0760450395
  0.0995000000	  0.9537849245	695.8809409261
  0.0994000000	  0.8973473771	666.7882395727
  0.0987000000	  0.9945294527	695.4216855534
  0.1009000000	  1.0300573995	711.9655478520
  0.1010000000	  0.9917436228	680.2867211512
  0.0950000000	  0.9666238143	653.4913785578
  0.0990000000	  0.9847698261	687.9996485606
  0.1040000000	  0.9999541553	706.9809589827
  0.0927000000	  0.8698352404	691.5497757560
  0.0958000000	  0.9650491662	682.4424798171
  0.0996000000	  1.0435983082	652.2705556878
  0.1029000000	  1.0570380414	707.5464195002
  0.0958000000	  0.9408315341	711.9093460213
  0.0988000000	  1.0230688596	677.0908302903
  0.0985000000	  0.9681591038	708.2132022310
  0.0972000000	  0.9499506366	664.1134288823
  0.0950000000	  0.9705718738	674.1192723901
  0.0977000000	  0.9561654169	682.6809153351
  0.1022000000	  1.0437531971	675.7404508513
  0.1020000000	  1.0536251249	689.2891370877
  0.0915000000	  0.9327542114	679.5024900214
  0.1043000000	  1.1262607643	692.2612683412
  0.1008000000	  1.0159418216	676.1057700789
  0.1057000000	  1.0912504646	697.3108135412
  0.1032000000	  1.0823414761	681.3495501310
  0.0994000000	  1.0431760958	695.4496847514
  0.0976000000	  0.9691504156	687.5277692423
  0.1009000000	  1.0483834171	716.1313178813
  0.1042000000	  1.0426159434	672.1118241493
  0.0965000000	  0.9602758130	676.9608198459
  0.1033000000	  1.0057676114	677.8765745291
  0.1042000000	  1.1232707413	693.7676027996
  0.1017000000	  1.0245383248	691.0583717980
  0.0969000000	  1.0116969225	694.8479519454
  0.1034000000	  1.0477652595	693.0915893748
  0.1013000000	  1.0144973331	658.7490224354
  0.1055000000	  1.1345399527	702.1950354943
  0.1022000000	  0.9799940215	674.2349469515
  0.1043000000	  1.1315345591	708.0209376858
  0.0986000000	  0.9342990586	675.4091869175
  0.0973000000	  0.9717724843	693.1425036133
  0.1006000000	  1.0463887194	689.3627782004
  0.1045000000	  1.0277708762	696.3190393584
  0.1000000000	  1.0002354533	697.4947688393
  0.1030000000	  0.9880085579	700.7817288822
  0.1031000000	  1.0321663831	701.1313820078
  0.0988000000	  1.0083319078	686.9820642304
  0.0998000000	  1.0395355563	700.3331966561
  0.0992000000	  1.0035925213	704.7141185216
  0.0977000000	  0.9703625471	681.7081766988
  0.1008000000	  0.9992035663	683.5041095746
  0.0966000000	  0.9775780091	688.4140779507
  0.1009000000	  1.0073724784	696.7594356733
  0.1022000000	  0.9896012154	699.7632110592
  0.0994000000	  1.0087343961	680.6235010420
  0.0953000000	  0.9572514005	684.4666349394
  0.1013000000	  1.0377125886	692.9213555347
  0.0984000000	  0.9734546009	691.4581734455
  0.0983000000	  0.9104679730	666.0902103440
  0.0998000000	  0.9943302235	684.4869661570
  0.1034000000	  1.0769985341	703.0132165204
  0.0924000000	  0.8925271972	656.4959453998
  0.1019000000	  0.9995452375	684.1907916776
  0.1003000000	  1.0312521544	691.9661551415
  0.1003000000	  0.9807349904	678.8342593953
  0.1013000000	  1.0091987279	696.4267437970
  0.0922000000	  0.9028117662	678.9374467927
  0.1002000000	  1.0433542767	693.3908147609
  0.0958000000	  1.0474248130	688.8767362808
  0.0964000000	  0.9310063492	685.8370439406
  0.0993000000	  1.0392046066	710.4133097178
  0.1015000000	  0.9833680985	668.2030169805
  0.0954000000	  0.9791729143	678.1064704812
  0.1067000000	  1.0639190713	688.0210550318
  0.1018000000	  0.9315121366	685.1544579805
  0.1002000000	  0.9912217474	695.2416379098
  0.0962000000	  0.9611774235	688.3103258375
  0.1049000000	  1.0522548968	703.6087754912
  0.1042000000	  1.0721378891	705.9488456519
  0.0957000000	  0.9336014575	680.1576643925
  0.0963000000	  0.9645379403	679.0653191527
  0.1021000000	  0.9856059761	699.6938085829
  0.1007000000	  0.9986977238	682.6914683296
  0.1024000000	  1.0989383237	698.2213351720
  0.0940000000	  0.9598791565	693.0966157089
  0.0995000000	  0.9767520641	692.3232702295
  0.1015000000	  0.9885288362	708.2782237107
  0.1008000000	  1.0281422515	710.3857630087
  0.1022000000	  0.9874261062	682.3862745125
  0.1038000000	  1.0367489712	671.8569686885
  0.0972000000	  0.9679458338	667.5721548611
  0.0951000000	  0.9750464572	671.7572677050
  0.0991000000	  1.0378841994	698.3467672848
  0.1002000000	  0.9952007551	703.5479049286
  0.0969000000	  1.0047779431	679.8949238450
  0.1064000000	  1.1290885380	679.4429501023
  0.0954000000	  0.9875432599	653.1406599239
  0.1016000000	  1.0166278266	694.9261968084
  0.1044000000	  1.0762312814	696.5972593308
  0.1045000000	  1.1157337712	683.4186564593
  0.0933000000	  0.9072478828	640.3132492212
  0.1027000000	  1.0282947351	695.8529877261
  0.1007000000	  1.0530177636	714.9663684923
  0.0986000000	  0.9357249830	694.3225504337
  0.1007000000	  1.0131952878	708.1494526893
  0.0967000000	  0.9573392398	682.2314815979
  0.0968000000	  1.0002946388	702.1698036352
  0.1035000000	  1.0203678252	708.2094045741
  0.1019000000	  1.1185755973	691.2227294215
  0.0957000000	  0.9990214934	710.9261519380
  0.0974000000	  0.9857712039	674.4698589998
  0.1027000000	  1.1251079723	684.5532120983
  0.0955000000	  0.9989690811	695.6089026872
  0.1011000000	  0.9639500014	674.2545313574
  0.1006000000	  1.0228138234	692.1982450048
  0.1003000000	  0.9743563892	678.6379354710
  0.0990000000	  1.0511290472	711.4846098872
  0.1049000000	  1.0396617075	672.8644639182
  0.1004000000	  1.0817210757	691.8649951962
  0.1008000000	  1.0154037604	691.2433216693
  0.0948000000	  0.9332806171	677.5615733809
  0.1014000000	  1.0105224624	683.1369812677
  0.1019000000	  1.0763152788	720.7880958706
  0.0947000000	  0.9598473626	685.2606656052
  0.1059000000	  1.0890473283	704.9340684668
  0.0978000000	  0.9661862228	674.3239335315
  0.0980000000	  0.9279420275	665.0083239423
  0.1002000000	  1.0246416978	659.6205347369
  0.0977000000	  0.9671984378	684.4350962710
  0.0965000000	  0.9230603397	668.4996908257
  0.1008000000	  1.0639420845	707.1842094284
  0.1011000000	  0.9694929079	690.5086821209
  0.0999000000	  1.0620114486	702.8110297448
  0.1011000000	  1.0371157420	698.8821097367
  0.1003000000	  1.0493063248	672.9897765877
  0.1019000000	  1.0198410151	683.9678080696
  0.0990000000	  0.9037748397	673.6391361920
  0.0977000000	  0.9619588973	683.9880096801
  0.1007000000	  0.9788390913	686.7502281262
  0.0987000000	  1.0307114631	684.5496621470
  0.1017000000	  1.0357681504	687.1493765356
  0.1027000000	  1.0897980626	692.0463612217
  0.1049000000	  1.0414656054	685.0463148538
  0.1100000000	  1.0917435359	705.9924444457
  0.0982000000	  0.9217151173	682.9869689791
  0.0959000000	  0.9956628088	690.7802301951
  0.1025000000	  1.0259581562	686.2293575647
  0.0893000000	  0.9433998262	699.8734893550
  0.1042000000	  0.9929158970	698.8430801135
  0.1071000000	  1.0840994690	709.1380611556
  0.0997000000	  0.9613486429	707.6754089280
  0.1030000000	  1.0899975521	709.2768478042
  0.0969000000	  0.9958480108	685.0902045894
  0.0979000000	  0.9543973061	689.3378889545
  0.1029000000	  0.9635504106	673.2389582776
  0.0990000000	  0.9488755764	676.2419004613
  0.0981000000	  0.9495755723	677.9190774276
  0.1042000000	  1.0243546081	704.5830139791
  0.1017000000	  1.0174931645	724.6907527807
  0.0977000000	  1.0104349278	690.1767329784
  0.0961000000	  0.9115117469	669.3495441267
  0.0981000000	  1.0125321977	679.8943705633
  0.0985000000	  0.9621267573	669.8750781778
  0.0986000000	  1.0180309005	697.8131333727
  0.0988000000	  1.0427712751	683.8962954020
  0.0950000000	  0.9005175230	674.4234388283
  0.0971000000	  0.9950342162	701.4075076489
  0.0953000000	  0.9477141720	670.2326169575
  0.1003000000	  0.9811818227	658.8858766705
  0.1009000000	  1.0139429706	676.9208421892
  0.0976000000	  0.9234887683	685.2560623095
  0.1005000000	  1.0437155698	708.8917630431
  0.1023000000	  1.0511359497	702.4113226390
  0.0990000000	  1.0371359896	691.9227110327
  0.1008000000	  1.0519922714	664.2578343554
  0.0979000000	  1.1088019009	689.9415440455
  0.1012000000	  1.0986020226	686.3306741049
  0.1043000000	  1.0012145834	694.4319484906
  0.0985000000	  1.0410317811	696.1112471751
  0.1059000000	  1.0967742353	704.7125102960
  0.1072000000	  1.1640036974	722.1892977687
  0.0978000000	  1.0129170493	710.7709467217
  0.0959000000	  0.8904839222	677.8681498741
  0.1049000000	  1.1380530789	674.5715866311
  0.0986000000	  0.9612596673	672.4357415250
  0.0973000000	  0.9744700720	665.0899533285
  0.0985000000	  1.0705856284	693.0450440405
  0.1010000000	  1.0053000292	681.5177452582
  0.0977000000	  0.9794643219	714.7981224411
  0.1024000000	  0.9987808743	681.7061294295
  0.0995000000	  1.0364110806	704.0605389497
  0.0897000000	  0.8807427531	698.6549084738
  0.1043000000	  1.0821091740	719.5774692997
  0.1016000000	  1.0303486822	692.7848733619
  0.1001000000	  1.0596792578	700.3416746925
  0.1046000000	  1.0650103544	699.9215668734
  0.1003000000	  1.0167465516	683.6974063249
  0.0987000000	  0.9723920112	690.9565124216
  0.0998000000	  1.0082867810	678.6322113863
  0.1040000000	  1.0411835302	666.5865723587
  0.0985000000	  0.9786389511	715.4725504135
  0.1005000000	  0.9940321818	680.4114897143
  0.1061000000	  1.0715009149	719.6914652265
  0.0981000000	  1.0942850025	688.6066013813
  0.1038000000	  1.0922017672	714.5066980678
  0.1003000000	  1.0077509185	675.1495193669
  0.0995000000	  1.0361742663	689.6759266067
  0.0983000000	  1.0701813917	689.5047275237
  0.0954000000	  0.9711965225	674.8179601613
  0.0977000000	  1.0232275933	673.4365406621
  0.1037000000	  1.0028557735	681.8812288772
  0.1029000000	  1.0292567577	694.5423212083
  0.1020000000	  1.0087411435	697.2029218122
  0.0943000000	  0.9879286838	692.7784240855
  0.0975000000	  0.9752741413	688.6808813377
  0.0972000000	  0.9874542819	689.3120066115
  0.0991000000	  1.0620657341	672.1117666392
  0.0993000000	  1.0333752780	681.4606100805
  0.0995000000	  1.0870104912	671.7634722776
  0.0939000000	  0.9142550632	684.1692651339
  0.1010000000	  0.9891911802	703.1706727879
  0.1039000000	  1.0020385157	693.4638671083
  0.1042000000	  1.1197858119	705.0047178292
  0.0997000000	  1.0499604471	701.3012927278
  0.1033000000	  0.9853723472	697.8725421381
  0.1035000000	  1.0149364118	691.6083517821
  0.1001000000	  1.0323927189	692.3743764973
  0.1075000000	  1.0802118416	698.5166276450
  0.0969000000	  0.9320630881	683.3202294075
  0.1017000000	  1.0465278115	686.1450139668
  0.0981000000	  0.9440745277	685.1016873270
  0.0955000000	  0.9729532583	705.5604327135
  0.1028000000	  1.0284687847	681.9806364798
  0.1025000000	  1.0949098858	722.3336604513
  0.1006000000	  1.0006185589	695.9007101068
  0.0969000000	  0.9465562049	675.2112412605
  0.1034000000	  1.0285616451	719.0008948209
  0.1038000000	  1.0336832565	703.3785404573
  0.0932000000	  0.9033978146	673.8549736067
  0.1062000000	  1.0801942020	691.0075575486
  0.1017000000	  1.0285896935	678.1640252671
  0.1008000000	  1.0310701642	694.5506820455
  0.1009000000	  1.0883201589	709.2433897467
  0.0996000000	  0.9653945028	676.6986583600
  0.0983000000	  0.9303287219	698.7088712414
  0.1025000000	  0.9950788243	723.2431544964
  0.0996000000	  0.9941438547	680.6299499975
  0.1015000000	  0.9975541379	685.8926732382
  0.0973000000	  0.9659860946	682.1720414024
  0.1022000000	  1.0933271445	710.2917485734
  0.0947000000	  1.0390760467	686.3095124846
  0.1010000000	  1.0520686384	697.1697550727
  0.0968000000	  0.9996620086	672.0429671475
  0.1006000000	  0.9160834875	697.5376090948
  0.1000000000	  1.0095104826	711.9005756845
  0.0970000000	  0.9904896425	711.4661385264
  0.0973000000	  1.0255498749	696.0663192006
  0.0950000000	  0.9637058412	699.8250549230
  0.1005000000	  1.0875989290	701.0193548726
  0.1027000000	  0.9812217681	698.1885189828
  0.0977000000	  1.0196071364	679.3080515341
  0.1005000000	  1.0832350443	711.7633433950
  0.1046000000	  1.0977729319	689.4904242803
  0.1005000000	  0.9855728674	694.3120371704
  0.1000000000	  1.0480308703	681.6727107693
  0.0945000000	  1.0447574557	697.5834154017
  0.1032000000	  1.0243424548	685.8653306787
  0.1052000000	  1.0692851289	698.7458040910
  0.1010000000	  1.0643303161	686.9367400476
  0.0991000000	  0.9724394063	675.6290047563
  0.1051000000	  1.0571503236	697.8412989620
  0.0967000000	  1.0108172352	686.5650180862
  0.1026000000	  1.0492278458	701.2406329533
  0.0972000000	  1.0290976725	690.3241761144
  0.1009000000	  1.0275171615	690.3345305961
  0.1021000000	  1.0159381193	715.1126215973
  0.0994000000	  1.0539212496	701.3131569915
  0.1042000000	  1.0840768173	671.7207327978
  0.1003000000	  0.9731622650	692.5686496456
  0.1000000000	  1.0094553645	689.2662255496
  0.1023000000	  1.0409118819	683.4117291003
  0.0971000000	  0.9875255646	688.6681066548
  0.0941000000	  0.9128577267	685.2545268746
  0.0990000000	  1.0474884934	669.0209328710
  0.1019000000	  1.0021554732	686.5334948307
  0.1066000000	  1.0755329595	708.2637869728
  0.0972000000	  1.0265290201	679.4032414583
  0.1018000000	  1.0160741312	688.3380688202
  0.0940000000	  0.8860292875	661.6669735705
  0.0984000000	  0.9554085335	698.5055336591
  0.0948000000	  0.8231546014	646.8041535607
  0.1039000000	  1.0932944800	689.5560491375
  0.0923000000	  0.8693220176	655.2760175338
  0.1056000000	  1.0978139510	714.5912768162
  0.1059000000	  1.1225202541	685.4073754874
  0.0994000000	  1.0506705908	696.3727825174
  0.0989000000	  0.9966080862	679.0104640970
  0.0999000000	  1.0302482394	680.0558347620
  0.1031000000	  1.0802069934	684.6970466440
  0.0958000000	  0.9243969709	665.2847482800
  0.1070000000	  1.0550395726	719.1469272226
  0.0940000000	  0.8706651329	655.5244122608
  0.0910000000	  0.9040107407	652.3710003255
  0.0966000000	  0.9055423359	653.8684900866
  0.1115000000	  1.1969077659	718.3043063871
  0.1071000000	  1.0759777674	674.1843017648
  0.0968000000	  0.9272144110	700.1121864726
  0.0944000000	  0.9286408843	677.4038027340
  0.0986000000	  1.0080490311	688.1030633073
  0.0952000000	  0.9387845648	683.3691086111
  0.1003000000	  0.9805775976	690.6123747163
  0.0997000000	  0.8985190309	674.7422893763
  0.1015000000	  1.0156709766	686.5561283945
  0.1020000000	  1.0582230949	699.6435788440
  0.0950000000	  0.8987271114	668.8283303915
  0.0985000000	  1.0006582809	691.9391647757
  0.0931000000	  0.9549889976	664.2580520012
  0.1055000000	  1.1203212095	691.7409227710
  0.0964000000	  0.9515838411	689.0650909170
  0.0928000000	  0.9073566981	654.4128029116
  0.1030000000	  0.9859708517	695.8836029328
  0.1010000000	  1.0156963895	689.3444904596
  0.1068000000	  1.1215397636	723.2575126399
  0.1038000000	  1.1387683655	696.3223447225
  0.0921000000	  0.8762183486	663.2044652129
  0.0974000000	  1.0136610005	679.1017555876
  0.1022000000	  1.1215729386	716.0995698733
  0.1020000000	  1.0064265015	686.0640062631
  0.1003000000	  1.0521192706	698.8653954997
  0.1011000000	  1.0300780394	693.3398050877
  0.1034000000	  1.0130407479	683.6668313825
  0.0937000000	  0.9663596691	664.0139457518
  0.1012000000	  0.9724476063	686.9949025293
  0.1051000000	  1.0539669284	709.3330850492
  0.1031000000	  1.0545336248	713.2952952527
  0.1018000000	  0.9645394212	673.2008999330
  0.0948000000	  0.9257607601	696.4271285119
  0.1017000000	  1.0500938194	691.2512693631
  0.1017000000	  1.0119906668	710.6432962296
  0.0968000000	  0.9469147719	689.5824801909
  0.0983000000	  0.9500437655	669.4267960647
  0.1015000000	  1.0479672030	708.5615039645
  0.0999000000	  1.0090436246	712.3212720785
  0.0999000000	  1.0179710387	699.1531428693
  0.1078000000	  1.0748008797	680.3027474405
  0.1020000000	  1.0597691893	695.2863492263
  0.1035000000	  1.1192380072	688.7878835791
  0.0996000000	  0.9857266765	692.5505717856
  0.0905000000	  0.9436136272	674.8948179868
  0.1020000000	  0.9848253160	702.0838378681
  0.0976000000	  0.9913169395	679.7762061340
  0.0982000000	  1.0197342684	688.1001413575
  0.1043000000	  1.0206905266	713.4244475406
  0.0960000000	  0.9474394480	688.7721928447
  0.1026000000	  1.0209522826	702.1763334818
  0.1020000000	  0.9796044749	701.7242530747
  0.1062000000	  1.1606613920	686.8229967678
  0.0928000000	  0.9308645551	677.5230879533
  0.1030000000	  0.9648524567	705.3765217398
  0.0936000000	  0.9063190754	677.1354867750
  0.1022000000	  1.0549559188	692.5481193719
  0.1045000000	  1.0115475058	665.7038342765
  0.1134000000	  1.0986949482	720.5511658615
  0.1023000000	  1.0500550959	700.0070391977
  0.1013000000	  1.0149496600	718.4369971203
  0.0974000000	  1.0113245909	673.8700451357
  0.0939000000	  0.8681929625	675.1483846383
  0.0975000000	  0.9838870329	664.5552775707
  0.1022000000	  1.0356059448	687.8405765670
  0.1023000000	  1.0354362567	703.6243937279
  0.0958000000	  0.9591526526	673.6198754187
  0.0952000000	  0.9119685403	683.2348505223
  0.0968000000	  0.9413623035	687.3183089264
  0.0999000000	  1.0339841771	697.6762596989
  0.0992000000	  0.9953708369	704.8039447981
  0.0960000000	  0.9435682854	670.7285061827
  0.0995000000	  1.0052637374	686.8261990231
  0.1009000000	  0.9880601517	674.8379187947
  0.1009000000	  1.0413857207	724.7342034956
  0.1003000000	  1.0166888929	692.7537534862
  0.1001000000	  0.9305669864	682.2236161193
  0.0991000000	  0.9789289262	678.7606404668
  0.1025000000	  1.0209493974	694.4210785606
  0.1016000000	  1.0196185792	702.0038392193
  0.0969000000	  0.9745332104	694.5482053448
  0.1027000000	  1.0493112706	696.1734077281
  0.0966000000	  0.9882299773	666.6815078438
  0.0984000000	  0.9783209128	699.8726095545
  0.0943000000	  0.9301501199	663.2407001870
  0.1056000000	  1.0768248788	713.7095209999
  0.0976000000	  1.0042921232	679.9673044331
  0.1006000000	  0.9733099014	687.4954770844
  0.0941000000	  0.9662467110	660.9404765460
  0.0930000000	  0.8399123059	671.0474403036
  0.0941000000	  0.9379138311	672.4821438641
  0.1058000000	  1.0297825852	663.9413634914
  0.0984000000	  0.9921098116	690.2655089448
  0.0977000000	  0.9662704112	657.4955126873
  0.0982000000	  1.0173417191	720.8322629104
  0.1013000000	  0.9868952872	668.1404200871
  0.0957000000	  0.9700399767	680.8111579052
  0.1060000000	  1.0451780434	681.9471149883
  0.1034000000	  1.0710848159	699.7438015956
  0.1013000000	  1.0122839364	672.3516196346
  0.0995000000	  0.9429221379	683.6709241062
  0.0967000000	  0.9476230641	705.4031831800
  0.1020000000	  1.0616284580	689.5188903074
  0.1023000000	  1.0514250788	687.5271223270
  0.0952000000	  0.9334422328	692.5581456484
  0.1037000000	  1.0420844227	668.1652403998
  0.1011000000	  1.0007164328	663.8407026753
  0.0997000000	  1.0107717194	677.4393788947
  0.1080000000	  1.1201109638	698.2977133211
  0.0993000000	  1.0017009702	685.5790693105
  0.0932000000	  0.9928333595	691.5765834373
  0.1027000000	  1.0644429217	659.7486142295
  0.1018000000	  1.0118747727	713.1837675828
  0.1085000000	  1.1136927627	692.8905302634
  0.0956000000	  0.9656978209	673.6276712070
  0.0955000000	  0.9575315364	686.6054690982
  0.1003000000	  0.9637366737	684.3886834705
  0.0986000000	  1.0194648999	693.7733137771
  0.1008000000	  1.0077220251	707.0835673786
  0.1045000000	  1.0242881246	698.6044932950
  0.0924000000	  0.8857963871	672.6437599931
  0.1027000000	  1.0145930590	690.4858899896
  0.0977000000	  0.9858538052	674.4172838297
  0.1007000000	  0.9558798170	693.2284037901
  0.0921000000	  0.9526631525	667.9520170458
  0.0940000000	  0.9553232382	694.9117874913
  0.0979000000	  1.0341647956	697.3305267307
  0.1005000000	  1.0449668629	707.7654758069
  0.0975000000	  0.9339210490	688.0886096066
  0.1022000000	  1.0705583286	725.8464511174
  0.1055000000	  1.0849173450	686.9249490474
  0.1078000000	  1.1255231284	725.2851247006
  0.0943000000	  1.0117469266	693.4662137944
  0.0922000000	  0.9208978674	688.4221124690
  0.0924000000	  0.8861744650	642.5062955854
  0.0995000000	  1.0457021557	704.4021738400
  0.1008000000	  1.0184612850	697.1669983767
  0.0970000000	  1.0018650772	680.6354246491
  0.0978000000	  0.9484245664	695.0117348441
  0.1039000000	  1.0122378869	691.0729265216
  0.1018000000	  1.0884625972	706.8724061642
  0.1033000000	  1.1386421850	707.1053263990
  0.1025000000	  0.9863581223	687.4381040725
  0.0982000000	  1.0075912405	683.4469319435
  0.0953000000	  0.9834579311	703.0610641954
  0.1032000000	  0.9781354102	690.5091639242
  0.1052000000	  1.0731124291	712.8935369468
  0.0991000000	  1.0241949971	680.2199880910
  0.0978000000	  0.9844137019	670.6632494348
  0.0950000000	  0.9625720800	676.8422569194
  0.0924000000	  0.8948959152	702.3468095065
  0.0940000000	  0.9528380323	696.1222293512
  0.0917000000	  0.9186400946	693.6444250194
  0.1059000000	  1.1690951820	693.2585734006
  0.1041000000	  1.0453591608	701.6436025688
  0.1018000000	  0.9834198190	687.3062140653
  0.0991000000	  1.0088847602	694.3511200504
  0.0948000000	  0.9675454721	668.7039375260
  0.1019000000	  1.0839766072	704.8568725001
  0.1007000000	  1.0699286030	681.5295196384
  0.0974000000	  0.9087903503	680.7804907712
  0.0970000000	  0.9017706388	675.1406319656
  0.0972000000	  1.0237592430	691.2620231739
  0.1023000000	  1.0624482552	717.4073062292
  0.0943000000	  0.8960406353	658.7703109177
  0.0984000000	  1.0164964349	676.7184967207
  0.0947000000	  0.9735298050	664.3538294634
  0.1060000000	  1.1184144386	694.8216076512
  0.0989000000	  1.0543293411	725.0363548942
  0.1000000000	  0.9549888757	670.3975350042
  0.1039000000	  1.0860205566	706.7587146351
  0.1039000000	  1.0535178108	685.5110388162
  0.1026000000	  0.9710648979	696.6919494711
  0.1029000000	  0.9844350488	684.6730283129
  0.0976000000	  1.0103959436	650.7270430709
  0.0922000000	  0.8895093519	667.6288905640
  0.0986000000	  0.9526874549	686.2876408890
  0.0993000000	  0.9737409869	657.2271807512
  0.0983000000	  1.0499931211	694.5543273528
  0.1025000000	  1.0643592430	679.7117919021
  0.0984000000	  1.0033693289	679.6522551003
  0.0994000000	  1.0438311373	714.4841119439
  0.1011000000	  1.0446649354	701.3553747243
  0.1067000000	  1.0735253307	729.9174329261
  0.1000000000	  0.9866442170	673.4675522931
  0.0991000000	  0.9603141593	676.2339673520
  0.0982000000	  0.9980321689	666.8965967441
  0.1025000000	  1.0461138068	668.2552187149
  0.0991000000	  0.9098749284	700.2579397647
  0.1003000000	  0.9656823565	671.0337398300
  0.1054000000	  1.0981921049	708.9872809088
  0.0925000000	  0.9304885210	661.1380336990
  0.0969000000	  0.9594930620	686.8603315409
  0.1022000000	  0.9846325880	678.5053667471
  0.1022000000	  0.9974079288	703.3664821032
  0.0974000000	  0.9614631493	694.3166901128
  0.0975000000	  0.9727232113	694.2540367756
  0.0981000000	  1.0256139115	687.4672428861
  0.1004000000	  0.9912940247	688.3374699529
  0.1026000000	  1.0250458173	687.1577054036
  0.0956000000	  1.0082794456	673.5199587444
  0.1018000000	  1.1416931987	708.7815721378
  0.1010000000	  1.0802594885	707.4938748113
  0.0973000000	  1.0048708550	675.7153023848
  0.0992000000	  0.9909300274	664.2565945879
  0.0985000000	  0.9777739521	706.6795820875
  0.1002000000	  1.0350285871	685.4979621750
  0.1048000000	  1.1118672901	696.5551407533
  0.0986000000	  0.9928096605	704.9422947084
  0.1032000000	  1.0301262137	727.7803030739
  0.1043000000	  1.0338441100	719.0680402493
  0.0938000000	  0.9100542312	680.7565272478
  0.1017000000	  1.0243935290	710.1659344128
  0.1086000000	  1.1612414184	696.9622546110
  0.0993000000	  0.9380301379	681.1511401057
  0.0997000000	  1.0101909155	677.0423011308
  0.1051000000	  1.0715041119	691.2893390956
  0.1046000000	  0.9971634588	692.7551080785
  0.1017000000	  1.0892781138	720.6899404327
  0.0969000000	  0.9697952006	671.7510529616
  0.1000000000	  0.9874649310	725.1984330959
  0.1031000000	  1.0869669126	692.5507460806
  0.1048000000	  1.0156540135	668.4243145637
  0.1010000000	  1.0177087327	702.0550057372
  0.1001000000	  0.9914415342	693.9204449300
  0.0955000000	  0.9588256575	660.4604347848
  0.1044000000	  1.0638498883	683.0083081404
  0.0984000000	  0.9730468596	670.6054974772
  0.1003000000	  1.0221444935	692.9542697302
  0.1003000000	  0.9760013277	685.9376052762
  0.1002000000	  0.9532659367	673.5339767159
  0.1009000000	  1.0759087538	680.3831082586
  0.1071000000	  1.1185294364	720.7177555581
  0.1004000000	  1.0670487817	713.2775720898
  0.0998000000	  0.9858644597	671.5982227617
  0.0959000000	  0.9488734123	676.0453959743
  0.1018000000	  1.0889423318	692.5871837354
  0.0972000000	  0.9950137721	660.7184915285
  0.0975000000	  0.9266315086	675.3912012508
  0.0957000000	  0.9506539180	662.5023878093
  0.0993000000	  1.0727854875	714.7737560378
  0.1035000000	  1.0455952170	692.8219104835
  0.1101000000	  1.1112798090	708.6137022334
  0.1010000000	  1.0106726879	688.9670782747
  0.1024000000	  1.0538856875	716.9270520640
  0.1042000000	  0.9605517903	698.2593848625
  0.1019000000	  1.0122439773	665.4321522857
  0.1001000000	  0.9913514637	648.7353852730
  0.0991000000	  1.0164398297	690.5530265724
  0.0976000000	  0.9656801778	673.4443256877
  0.0970000000	  0.9297569085	689.9414626141
  0.1006000000	  0.9809418831	703.5010238187
  0.1000000000	  1.0085367382	684.5728856386
  0.1006000000	  1.0633156865	697.2370347960
  0.0984000000	  0.9726172607	726.2204555784
  0.0996000000	  0.9790709002	670.6312372652
  0.1062000000	  1.1015097190	672.0929630202
  0.0953000000	  0.8954387905	657.6925164634
  0.1035000000	  1.0922057829	700.2866654912
  0.0938000000	  0.9037261155	667.1823080695
  0.1006000000	  0.9492304649	690.2382770763
  0.0903000000	  0.8479483549	676.6652295335
  0.1016000000	  0.9960129725	708.3808650218
  0.1007000000	  1.0645289281	689.2427888718
  0.1014000000	  1.0973757310	718.1673320339
  0.0935000000	  0.9569739553	703.1386504668
  0.0972000000	  0.9510127253	692.2030450030
  0.1060000000	  1.1253515537	717.1546608886
  0.1080000000	  1.0737514597	701.1347718411
  0.1029000000	  1.0477336368	688.8782472734
  0.1011000000	  0.9873532118	698.3531443821
  0.1055000000	  1.0241910673	720.1262196870
  0.0958000000	  0.9835554789	690.5374991293
  0.1033000000	  0.9917673049	690.7015574966
  0.1053000000	  1.0429694789	687.5694398282
  0.0930000000	  0.8910874686	682.5447531524
  0.0966000000	  0.9371153312	675.1757680190
  0.1067000000	  1.0874920746	696.6178329895
  0.0982000000	  1.0494423192	679.1384845722
  0.0988000000	  1.0353763492	696.1103003310
  0.0961000000	  0.9722505405	676.5537297172
  0.1026000000	  1.0053068574	679.5810672204
  0.1008000000	  1.0387258889	709.4415537290
  0.1051000000	  1.0791507515	702.1908739232
  0.0950000000	  0.8621619567	667.8323121518
  0.1071000000	  1.1798548371	701.0658297197
  0.1035000000	  0.9960066459	694.7453788764
  0.0982000000	  1.0267496021	696.8745776622
  0.1047000000	  1.0013486564	694.7468848448
  0.0985000000	  1.0871667879	686.1774078161
  0.1013000000	  1.0038716442	697.1764491716
  0.0993000000	  1.0342186010	699.6004083503
  0.0969000000	  0.9682336534	692.1124747394
  0.1050000000	  1.1158461164	678.3469014649
  0.0982000000	  0.9813191530	698.7498549936
  0.0991000000	  0.9309484596	684.7063084294
  0.0975000000	  0.9904641863	659.2692560738
  0.0978000000	  0.9808483471	669.9983300508
  0.1005000000	  1.0057436483	682.6685705468
  0.1077000000	  1.1020323102	715.9340685119
  0.0974000000	  0.8945837987	672.3194332992
  0.1016000000	  1.0052051942	699.6576923997
  0.0961000000	  0.9704816058	678.0482138472
  0.1025000000	  1.0428526758	694.1712649928
  0.1013000000	  1.0309755549	699.5653014564
  0.1020000000	  0.9726371066	680.5857417762
  0.0996000000	  0.9721783339	671.6987626691
  0.1035000000	  1.0111244487	689.8097225960
  0.0981000000	  0.9951100606	719.5878649043
  0.0960000000	  0.9497381252	670.7020122368
  0.0993000000	  1.0182384905	692.9242048973
  0.1059000000	  1.0520273318	688.6103669429
  0.1026000000	  1.0360618403	701.6565345923
  0.1034000000	  1.1018883118	699.5817447166
  0.0973000000	  0.9232273350	659.2278830562
  0.1009000000	  0.9499367791	687.6577755048
  0.0977000000	  0.9981747492	664.9737557986
  0.1018000000	  1.0619354432	689.3903037055
  0.1002000000	  1.0382831259	712.3429699995
  0.1006000000	  1.0228468023	697.3846020533
  0.1007000000	  1.0295140119	701.2003611238
  0.1008000000	  0.9831340322	701.5728869283
  0.0966000000	  0.9652971489	692.1181609208
  0.1005000000	  1.0322522689	677.9210262191
  0.0975000000	  0.9639174663	685.4482057303
  0.0999000000	  0.9979258579	704.2053077022
  0.0987000000	  0.8951865960	668.3930694920
  0.1011000000	  1.0634381278	696.6539833498
  0.0947000000	  0.9217110207	660.2629196248
  0.0956000000	  0.8982803010	696.6173121018
  0.0947000000	  0.9435475141	684.8704609623
  0.1066000000	  1.0657456232	698.2646872071
  0.1039000000	  1.0054169778	712.9877267616
  0.1023000000	  1.0476947128	706.5316060692
  0.0944000000	  0.9433292918	676.2567345108
  0.0976000000	  0.9799018509	673.8230448969
  0.1040000000	  1.0433972451	686.6334294315
  0.1023000000	  0.9797698779	684.6584972831
  0.0995000000	  0.9729019229	669.1825423936
  0.0964000000	  0.9120899657	667.1842071011
  0.1036000000	  1.0236152418	700.5240112914
  0.0988000000	  0.9508687802	690.8720855913
  0.0987000000	  0.9963091061	684.3776896295
  0.0957000000	  0.8933291590	658.5930733371
  0.0956000000	  0.9601896494	687.9778724454
  0.0972000000	  0.9933930274	692.5187470329
  0.0973000000	  0.9692367876	685.3438237069
