  0.0981000000	  0.9643069634	686.7672108066
  0.1014000000	  1.0187679325	697.6489813668
  0.1017000000	  0.9970210808	690.4860477148
  0.0975000000	  1.0076940337	677.1347549034
  0.1003000000	  1.0337803021	683.9042785621
  0.0962000000	  0.9376296269	675.7327194689
  0.1030000000	  1.0077347735	681.0548884321
  0.1008000000	  0.9914527515	684.3630610889
  0.0959000000	  0.9615239440	684.3836654745
  0.0962000000	  1.0074850883	683.1269612401
  0.0972000000	  0.9721232288	677.8686267567
  0.0986000000	  1.0047371819	680.0391467331
  0.0975000000	  0.9946399634	678.6958459027
  0.0968000000	  0.9856342017	681.1453266360
  0.1014000000	  1.0105932002	694.4994837048
  0.1018000000	  1.0182735855	687.0178080779
  0.1016000000	  1.0345967526	689.4187922802
  0.1005000000	  1.0054217397	691.0036464172
  0.1015000000	  1.0034492570	694.8937960663
  0.0992000000	  0.9867562043	695.4590471359
  0.1007000000	  1.0520232449	689.8170235696
  0.0990000000	  1.0317302172	692.7664291880
  0.0999000000	  1.0149197317	684.0550545000
  0.1030000000	  1.0423183134	693.1632620479
  0.0994000000	  0.9928063071	699.8464084951
  0.0968000000	  0.9678419016	682.7506999198
  0.1000000000	  1.0142006676	699.1140074255
  0.0984000000	  1.0565488036	688.8687776554
  0.0984000000	  1.0104140996	675.9477446590
  0.0973000000	  0.9687254989	673.6806010324
  0.0973000000	  1.0524634731	683.8560277726
  0.1007000000	  0.9851205123	681.1331017952
  0.1013000000	  1.0184278168	692.0703591178
  0.0991000000	  1.0149837959	681.3464946717
  0.1019000000	  0.9784601558	683.9944258526
  0.1028000000	  1.0945043683	702.5607884925
  0.0994000000	  0.9790313826	686.6423649354
  0.1021000000	  1.0463477438	688.2553299493
  0.1001000000	  0.9857066235	682.4121349155
  0.1002000000	  1.0216670300	692.4055411863
  0.1010000000	  1.0327260308	686.8341481265
  0.1057000000	  1.0715323364	696.1314674653
  0.0995000000	  0.9707163755	681.9822933327
  0.0990000000	  0.9990029152	673.9744218830
  0.0997000000	  1.0491284685	686.7066689732
  0.1026000000	  1.0051783558	697.3605652974
  0.0993000000	  1.0084569643	692.8906887106
  0.1021000000	  0.9958789355	688.7020575399
  0.0977000000	  1.0195763540	690.2966058225
  0.1021000000	  1.0180418715	687.1847125749
  0.0987000000	  1.0218654951	689.5977924883
  0.0984000000	  0.9788802087	685.2094125266
  0.0995000000	  0.9732270720	690.2624790766
  0.0968000000	  0.9587216612	684.6054809888
  0.0986000000	  0.9816336121	681.9037402652
  0.0992000000	  0.9603988084	673.7755764257
  0.1039000000	  1.0137800915	682.6002638839
  0.0988000000	  0.9440196979	680.6253955135
  0.0986000000	  0.9959824339	690.5484728985
  0.1015000000	  1.0320835518	694.9220610268
  0.1003000000	  0.9835673843	684.7182714359
  0.0998000000	  0.9482100985	679.1613082001
  0.0994000000	  0.9733248199	684.1023570203
  0.0990000000	  0.9793520272	674.4824063728
  0.0995000000	  0.9988932697	692.6501890100
  0.0998000000	  0.9697530473	685.6278477202
  0.0998000000	  1.0038048911	680.9391525971
  0.0953000000	  0.9573505840	680.2817850292
  0.1000000000	  1.0484577744	687.0047518926
  0.0968000000	  0.9755270668	675.4555259237
  0.0978000000	  0.9820708779	672.4385338475
  0.0984000000	  0.9837270173	681.9879993233
  0.0940000000	  0.9841671167	672.4471293659
  0.0979000000	  0.9688500545	680.6268913259
  0.1024000000	  1.0735291141	693.9029404390
  0.1003000000	  0.9801988588	693.5296229531
  0.0995000000	  0.9458442766	685.4696433612
  0.0968000000	  0.9307910658	684.4314000822
  0.0980000000	  0.9855605985	691.3098181095
  0.1032000000	  1.0027715066	694.4137340255
  0.0984000000	  0.9586950688	688.0560729197
  0.1011000000	  0.9735119450	689.6138986421
  0.0977000000	  0.9963035658	692.4690932350
  0.1032000000	  1.0317809478	700.4535331357
  0.0982000000	  1.0044977694	681.6987118908
  0.1000000000	  1.0311518921	693.8206416591
  0.1041000000	  1.0583016464	688.6552394094
  0.0994000000	  0.9680629957	681.6267083225
  0.1002000000	  0.9669392944	685.0949062867
  0.0997000000	  0.9571122934	678.3462400243
  0.0958000000	  0.9908515415	680.4211957742
  0.0987000000	  0.9507082920	673.7352348846
  0.0995000000	  0.9890009676	692.3704793792
  0.0988000000	  0.9977341707	688.9836992367
  0.0967000000	  0.9646264113	685.4631481946
  0.1011000000	  1.0091612419	682.3234286151
  0.1005000000	  1.0354990863	687.7176753818
  0.0983000000	  0.9850002000	696.4853068324
  0.1026000000	  1.0439916587	697.4058124466
  0.1002000000	  1.0119072981	687.3818163437
  0.0991000000	  0.9709844807	680.7005167561
  0.1004000000	  1.0307316710	687.3811451814
  0.1012000000	  0.9925235057	682.1835052430
  0.1026000000	  1.0437437159	689.7641501915
  0.0999000000	  0.9784577126	693.4770954193
  0.1016000000	  1.0318919224	683.3465945845
  0.1002000000	  0.9909521132	684.6161200419
  0.0998000000	  1.0160083657	683.4790165941
  0.0995000000	  0.9984430263	685.5685845789
  0.1013000000	  1.0325876346	692.7586266394
  0.1039000000	  1.0037456249	687.7089571156
  0.1004000000	  0.9788224238	674.3605695800
  0.0979000000	  0.9807730563	683.4613785233
  0.0974000000	  0.9745089987	672.1810374252
  0.0970000000	  1.0110011883	689.5197426679
  0.0982000000	  0.9556783523	674.6261287281
  0.1015000000	  0.9946435931	684.0083605690
  0.0998000000	  0.9401037561	686.6726276761
  0.0967000000	  0.9998253699	675.2664268409
  0.1046000000	  1.0501185314	694.0651173830
  0.0991000000	  0.9757235725	679.6198518809
  0.1027000000	  1.0312221836	690.4165912871
  0.0997000000	  1.0005382253	685.2393499264
  0.1032000000	  1.0409469063	695.4848619965
  0.0993000000	  1.0044488518	689.2124275231
  0.1075000000	  1.0406779165	700.6343505904
  0.1004000000	  1.0077987285	681.8997634075
  0.1037000000	  1.0229887294	684.4082611214
  0.0979000000	  1.0032251309	680.7257784030
  0.1020000000	  1.0140294673	692.3729866942
  0.1035000000	  1.0221687940	695.2495592092
  0.0999000000	  0.9663697701	678.7071312096
  0.1012000000	  1.0544436600	692.1882223806
  0.1001000000	  0.9942854107	687.7928643739
  0.0998000000	  1.0304757839	686.5036542339
  0.0977000000	  0.9688984637	680.7502326925
  0.0974000000	  0.9759783495	687.5263596380
  0.1001000000	  1.0104567351	678.1713558101
  0.1014000000	  1.0082067743	686.3151463980
  0.0990000000	  0.9887623015	681.1467383988
  0.0996000000	  1.0172595055	686.6827035053
  0.1000000000	  1.0162666313	689.1621203056
  0.0984000000	  0.9795348324	680.0012877917
  0.1007000000	  1.0085149057	675.9578368615
  0.1016000000	  1.0148309591	684.3582218471
  0.0995000000	  1.0216008120	686.1049390645
  0.1010000000	  1.0124328319	687.9178035231
  0.1018000000	  1.0164980336	695.0062657402
  0.1011000000	  1.0065686196	677.1773370275
  0.1030000000	  1.0484252690	699.3390313642
  0.1027000000	  1.0240752259	696.9245493958
  0.1002000000	  1.0196268640	686.0061698000
  0.1039000000	  1.0287418006	682.8332393209
  0.1022000000	  0.9637116633	682.9514720546
  0.0954000000	  0.9797639010	684.4141117176
  0.1022000000	  1.0591477001	690.7501980731
  0.0998000000	  0.9611103694	681.7277928974
  0.0973000000	  1.0454644588	696.1310560990
  0.0951000000	  0.9737182102	678.6872963759
  0.0987000000	  0.9604066927	684.4336463932
  0.0996000000	  1.0039565673	687.5713842212
  0.0978000000	  1.0189512705	688.5804140454
  0.1013000000	  1.0006480069	696.2126830169
  0.0998000000	  0.9722795211	683.3740474526
  0.0981000000	  0.9993503511	686.5848834852
  0.1014000000	  1.0156668383	687.4095293391
  0.0998000000	  1.0022921897	695.0174308878
  0.1023000000	  1.0167718287	691.7700496989
  0.0987000000	  0.9662973359	677.0844256768
  0.0997000000	  1.0022524991	686.0795505839
  0.0966000000	  0.9889853713	676.0981801011
  0.0998000000	  1.0313583760	689.5758917599
  0.1002000000	  1.0487978497	695.9766764028
  0.1010000000	  1.0418829623	687.7650515315
  0.0977000000	  0.9581349708	684.2172236529
  0.1049000000	  1.0712798790	695.1298009165
  0.0997000000	  1.0407906590	690.8921663322
  0.0993000000	  0.9685940697	680.1291017921
  0.1034000000	  1.0570675312	696.5967493240
  0.1002000000	  1.0374171883	694.5363876491
  0.1023000000	  1.0321766614	684.1848261186
  0.0982000000	  0.9696718524	686.6798582367
  0.0971000000	  0.9506213600	673.2900941302
  0.1005000000	  1.0139311385	692.1948755700
  0.1000000000	  1.0045116867	679.4079500963
  0.1017000000	  0.9952287718	690.7724430355
  0.0949000000	  1.0000700797	685.2885008462
  0.0992000000	  0.9619236300	689.4950385967
  0.1006000000	  0.9944181560	682.1194440636
  0.1009000000	  1.0259294678	687.8809812593
  0.1004000000	  1.0117003341	689.9610306994
  0.1019000000	  1.0173969153	689.8867898128
  0.1029000000	  1.0375791774	690.1094873942
  0.0986000000	  0.9620336430	681.5609074752
  0.1004000000	  1.0056171256	692.0825811006
  0.0996000000	  1.0444741178	688.7931474424
  0.0974000000	  0.9830718201	674.8038334274
  0.1018000000	  0.9926935367	686.9632127485
  0.0975000000	  0.9831812350	681.7961267564
  0.0987000000	  1.0165073691	694.7378597711
  0.1015000000	  0.9949955009	680.9038010844
  0.0979000000	  1.0149870123	694.3723632086
  0.1002000000	  0.9916792501	671.9689163248
  0.1020000000	  0.9998631194	693.8713301717
  0.1029000000	  0.9711729879	686.9314921177
  0.1038000000	  1.0184518355	700.8681931740
  0.1021000000	  0.9916736341	684.6158193811
  0.1022000000	  1.0205221308	687.6531268755
  0.1017000000	  1.0285992426	684.9473910226
  0.1008000000	  1.0085991919	678.7729667614
  0.1025000000	  1.0163121106	687.9621657110
  0.0994000000	  1.0145828853	684.2341981638
  0.1064000000	  0.9830630247	689.3964718904
  0.1009000000	  0.9636978485	682.2818161674
  0.0990000000	  0.9887737801	689.4255082812
  0.0961000000	  0.9308845129	688.1213689115
  0.0995000000	  0.9906806131	687.6291857136
  0.1004000000	  0.9836200902	695.0005413322
  0.1009000000	  0.9806252185	682.1024371387
  0.1018000000	  1.0298706373	690.8664287773
  0.1033000000	  1.0490264438	697.6703316733
  0.0998000000	  0.9437425783	687.5172027128
  0.0993000000	  0.9906205004	686.7005051873
  0.1003000000	  0.9880162235	692.2905320549
  0.1009000000	  1.0621902740	690.1418512938
  0.1008000000	  1.0013420976	691.7374406682
  0.1001000000	  0.9945275847	684.0318359028
  0.0998000000	  0.9794396811	672.3168969517
  0.1056000000	  1.0353856408	688.6669170502
  0.0944000000	  0.9741351314	677.5292984714
  0.1053000000	  1.0705554500	693.1634578019
  0.0957000000	  1.0418991590	684.2158761501
  0.1015000000	  1.0328199526	679.5947548949
  0.0987000000	  1.0234054106	686.5658879426
  0.0980000000	  0.9532534516	687.9273542042
  0.0993000000	  0.9731692193	686.1690483491
  0.0975000000	  0.9620772945	681.8519434558
  0.1001000000	  1.0385945067	691.5471241994
  0.0997000000	  1.0127563050	689.0386044913
  0.0980000000	  0.9949622866	682.5029014360
  0.1009000000	  0.9784606583	681.7488681448
  0.1006000000	  1.0331181946	697.8280182075
  0.1031000000	  1.0594243743	690.0914844785
  0.0988000000	  0.9940408986	686.0145454654
  0.0982000000	  0.9924739247	687.0989657021
  0.1040000000	  1.0464396050	684.8097543278
  0.1000000000	  0.9854013526	685.8953784475
  0.1039000000	  1.0278550240	690.0221620032
  0.0976000000	  0.9460621984	673.1530896530
  0.0997000000	  1.0305646971	692.2147474645
  0.1013000000	  1.0075321436	692.1401589647
  0.0999000000	  0.9705238557	687.9006249341
  0.0979000000	  0.9869177039	690.3786238264
  0.1015000000	  1.0031125249	697.2862940252
  0.1007000000	  1.0156692987	682.8786710378
  0.1048000000	  1.0273352726	696.3762758584
  0.0986000000	  0.9757305002	675.6943023445
  0.0996000000	  1.0118750926	694.7958411105
  0.1021000000	  1.0166497819	686.8421998481
  0.1032000000	  1.0075585922	693.1956358531
  0.0982000000	  0.9136426120	668.1707003639
  0.0970000000	  0.9896387632	682.5763123261
  0.0988000000	  0.9959020777	691.3153382395
  0.1022000000	  1.0575120761	688.0192212089
  0.0959000000	  0.9893988394	694.6896601406
  0.1019000000	  0.9969012363	688.3843843010
  0.1008000000	  0.9909722592	683.2362043705
  0.0983000000	  1.0098162941	682.8221436222
  0.1004000000	  0.9925395196	682.9057567272
  0.0972000000	  0.9500424282	682.1746346635
  0.0970000000	  0.9359685343	683.2832765097
  0.0996000000	  1.0025824685	685.6790138250
  0.1011000000	  1.0045811084	689.2483047334
  0.1010000000	  1.0453193431	683.2443370428
  0.1012000000	  1.0417083709	691.2281467381
  0.0981000000	  0.9617487755	693.8338050107
  0.0988000000	  0.9467276407	675.9050416610
  0.1025000000	  0.9623490546	682.2542667387
  0.0957000000	  0.9629691731	675.0227299411
  0.0966000000	  1.0150213582	682.8085758514
  0.0995000000	  1.0044165637	692.0829267839
  0.1001000000	  1.0144198171	680.9953208146
  0.1006000000	  0.9652569561	687.7947846927
  0.0970000000	  0.9405917063	684.3483762222
  0.1019000000	  0.9570820359	678.1246679877
  0.0971000000	  0.9739316383	678.4676999410
  0.1017000000	  1.0313787667	695.2906628700
  0.1011000000	  1.0603098027	701.6108780970
  0.1016000000	  0.9955263734	684.8752211472
  0.0992000000	  1.0264935929	686.1498760279
  0.1039000000	  1.0096696967	694.9066783905
  0.1017000000	  1.0288521496	683.7050130095
  0.0980000000	  0.9597726472	689.8877644518
  0.1021000000	  0.9974542530	689.6670412836
  0.1016000000	  0.9933080171	685.8469220462
  0.0980000000	  0.9762854997	674.4581720603
  0.1034000000	  1.0313354007	693.8960449634
  0.1020000000	  1.0305449706	692.9976356602
  0.0975000000	  0.9831256016	680.5721609119
  0.1012000000	  1.0208895451	684.7111316061
  0.0951000000	  0.9411649402	682.9162502758
  0.0998000000	  1.0000276837	689.5955474938
  0.0976000000	  0.9868221452	678.5453508535
  0.1018000000	  1.0130199974	691.9196484085
  0.1025000000	  0.9765143914	691.3083203851
  0.0959000000	  0.9652059574	679.7600177133
  0.1016000000	  1.0287406942	687.3659492121
  0.1002000000	  0.9947136027	689.9925746007
  0.0992000000	  0.9794700633	691.4375969303
  0.1009000000	  1.0062669151	694.6378607499
  0.1022000000	  1.0735936616	705.2001532889
  0.1023000000	  1.0194972252	689.0776833198
  0.0969000000	  0.9497681629	671.9855315381
  0.1011000000	  1.0411693235	700.7222339106
  0.0991000000	  0.9865231565	688.0595872459
  0.1001000000	  0.9830803391	694.2782837324
  0.0984000000	  0.9840872868	680.6513734972
  0.0994000000	  1.0146989174	695.0017237810
  0.1004000000	  1.0082770537	684.3129436661
  0.1009000000	  0.9558036005	679.9095366893
  0.1019000000	  1.0254989011	687.5262434606
  0.1013000000	  0.9817134510	695.7324094000
  0.1035000000	  1.0226618947	700.5851408987
  0.1034000000	  0.9887175390	686.3596830792
  0.1023000000	  0.9824727348	680.3737787075
  0.1004000000	  0.9858821879	686.5904990994
  0.0978000000	  0.9699157188	678.2557526914
  0.1013000000	  1.0042221490	691.9550125586
  0.1006000000	  0.9668933448	676.8319527479
  0.1020000000	  1.0447758860	684.9398622693
  0.0963000000	  0.9850475413	695.4581252709
  0.1012000000	  0.9808088764	678.7361667393
  0.1010000000	  1.0209036486	682.2602739912
  0.1001000000	  0.9751271379	689.5857373892
  0.1047000000	  1.0452168120	700.5903117515
  0.1006000000	  1.0136315830	685.8277857837
  0.1009000000	  0.9882927163	684.6137180586
  0.1016000000	  1.0084265751	683.8816951034
  0.0984000000	  0.9774043264	681.1199131948
  0.1008000000	  0.9729181869	684.6491609823
  0.1010000000	  1.0269300198	693.9666354860
  0.0982000000	  0.9821924141	690.1945351304
  0.1009000000	  1.0286228884	682.5638882588
  0.1000000000	  1.0011247941	685.3307852464
  0.0987000000	  1.0031924108	693.7564734226
  0.0998000000	  1.0017039141	696.2233586051
  0.1016000000	  1.0347107249	694.1941126405
  0.1016000000	  0.9735380209	684.0700263322
  0.1003000000	  1.0186682555	682.3152867072
  0.0989000000	  0.9568281461	684.2051432727
  0.1024000000	  1.0383744635	690.2950418019
  0.0962000000	  0.9835650091	684.2813878660
  0.0986000000	  1.0142426034	695.3003042678
  0.1000000000	  0.9503597380	685.0346501428
  0.0997000000	  0.9786045445	681.8077024955
  0.1014000000	  0.9662013358	686.1989796934
  0.1009000000	  0.9929729191	672.4806465128
  0.0994000000	  0.9945148198	686.4433148304
  0.1008000000	  0.9931814396	688.1803407429
  0.0988000000	  1.0063456059	685.5623481520
  0.0995000000	  1.0020589492	691.1856260237
  0.1006000000	  0.9777362459	685.3019746050
  0.0980000000	  0.9911943014	680.9403318439
  0.0977000000	  1.0072009102	680.3223216871
  0.1015000000	  1.0159333169	682.1271054513
  0.0963000000	  0.9956011188	684.7322814707
  0.0975000000	  0.9379362389	677.1008106576
  0.0988000000	  0.9936623887	685.6691669917
  0.0992000000	  1.0133833521	685.5526383766
  0.0978000000	  0.9834050065	684.0162113464
  0.0976000000	  1.0099959743	678.8270572167
  0.1020000000	  0.9942985408	693.2040792931
  0.1008000000	  0.9650447639	675.1509873182
  0.1021000000	  1.0243826684	685.1028861262
  0.1017000000	  0.9975972995	689.0184338875
  0.0988000000	  1.0304468509	685.0222352728
  0.0972000000	  0.9841704267	683.8935077621
  0.1018000000	  1.0220537010	692.8107555723
  0.1006000000	  1.0184470553	681.5535662152
  0.1025000000	  1.0328460660	693.9736921075
  0.0991000000	  1.0222987424	685.6446420347
  0.0991000000	  0.9645876806	687.1953750541
  0.1012000000	  0.9918618674	682.3982890287
  0.0992000000	  0.9592737724	679.8446051389
  0.1015000000	  0.9953221112	683.7799952847
  0.1034000000	  1.0801219081	701.2063616536
  0.0993000000	  1.0040738523	694.6529069963
  0.1015000000	  1.0390703875	708.0360924451
  0.0964000000	  0.9916706003	674.0573907549
  0.0992000000	  0.9886315063	687.3370275483
  0.1008000000	  0.9752984031	675.0637739938
  0.1003000000	  0.9889049780	687.7356728145
  0.0982000000	  1.0007164309	674.3222045393
  0.1006000000	  1.0277922192	693.6066364928
  0.1008000000	  0.9952781664	679.0808559465
  0.0974000000	  0.9749033670	676.7968678893
  0.1022000000	  0.9794715519	692.9898133378
  0.0999000000	  1.0054890795	682.8136620397
  0.0975000000	  0.9658122520	685.6909800673
  0.1017000000	  1.0439049923	684.4809531429
  0.0975000000	  0.9956569128	689.7522388591
  0.0983000000	  1.0275975770	686.6745720395
  0.1001000000	  1.0205595109	687.1020761883
  0.0977000000	  0.9469908145	678.8216154970
  0.0981000000	  0.9771248156	676.0721992471
  0.0988000000	  0.9771762637	683.6225861552
  0.1045000000	  1.0311007472	683.1442047589
  0.1019000000	  1.0005124622	689.1289531653
  0.1051000000	  1.0751215593	700.5969019622
  0.1028000000	  0.9559606569	679.6308790554
  0.1016000000	  1.0054120919	691.5708131446
  0.0992000000	  0.9803090046	687.3973420752
  0.1030000000	  1.0148496005	686.8012925952
  0.1006000000	  1.0308364995	687.2082383903
  0.0997000000	  0.9787720786	681.2141697497
  0.0993000000	  0.9836455686	678.7913316717
  0.0977000000	  0.9716853116	691.1061049584
  0.0975000000	  0.9731705027	686.4397787383
  0.1004000000	  1.0249095842	684.7487845228
  0.1020000000	  1.0364552718	687.8491686653
  0.1043000000	  1.0438892971	702.9120799207
  0.0979000000	  1.0213067959	679.8208404497
  0.0998000000	  1.0215895402	684.6937894541
  0.1008000000	  0.9769752495	682.9789861204
  0.1017000000	  1.0228505959	692.4285204401
  0.1038000000	  1.0334658478	692.7501030619
  0.0963000000	  0.9646798994	676.1332688778
  0.1013000000	  0.9784050770	686.9754997151
  0.0969000000	  0.9982104625	690.1377842054
  0.1004000000	  1.0149315579	692.7933563016
  0.1026000000	  1.0169710187	699.9625138407
  0.1024000000	  1.0513688137	697.4420049547
  0.0996000000	  1.0368833554	690.6474127637
  0.1003000000	  1.0520692844	692.9939267948
  0.0973000000	  0.9320480095	687.1785256032
  0.1018000000	  0.9744793809	684.8063156290
  0.0984000000	  0.9193245138	676.9138491271
  0.0979000000	  0.9877036890	677.1778909847
  0.0971000000	  0.9984331539	689.6126733037
  0.0971000000	  0.9602616128	681.0854660683
  0.0998000000	  0.9966822548	686.9665997025
  0.0993000000	  0.9365460497	679.9032442708
  0.0972000000	  0.9794552242	686.1423933921
  0.1002000000	  1.0509443858	693.3740896725
  0.1004000000	  1.0079790341	691.2810470966
  0.1007000000	  0.9983075952	687.0297870319
  0.0971000000	  0.9688570726	688.6477989937
  0.1018000000	  0.9853036926	688.7886549632
  0.0988000000	  0.9934025074	682.1313431007
  0.1023000000	  0.9880229129	684.1669427085
  0.0980000000	  0.9715153953	683.4543256965
  0.1018000000	  1.0506759710	688.1052962305
  0.1057000000	  1.0435289014	699.4469372933
  0.1016000000	  1.0182856865	690.7055409107
  0.1008000000	  0.9820608233	681.4554335459
  0.1027000000	  1.0401607242	698.8166921711
  0.0982000000	  1.0318624365	694.5754454795
  0.0984000000	  0.9671980583	684.4667721185
  0.0985000000	  0.9548548552	684.1882901678
  0.1004000000	  1.0230553670	697.9073046904
  0.1009000000	  1.0041809550	676.8422578901
  0.1069000000	  1.0505474279	698.3018047575
  0.0977000000	  0.9270525927	682.2223426349
  0.0979000000	  0.9591567871	683.1770403359
  0.0992000000	  1.0118363475	682.9602364795
  0.0995000000	  1.0080965925	689.8507155116
  0.0992000000	  1.0104917234	681.8373617393
  0.1029000000	  0.9997060047	690.8797348961
  0.1047000000	  1.0127601661	695.0872472939
  0.1021000000	  1.0397098410	689.3578923988
  0.1004000000	  0.9970086501	695.4648920261
  0.1013000000	  0.9969788877	691.0344157779
  0.1018000000	  1.0143015730	690.5499352067
  0.1024000000	  1.0230945441	690.0644185052
  0.0999000000	  0.9992470690	682.0826278302
  0.0954000000	  0.9469775015	674.0838934002
  0.1032000000	  1.0144316400	689.1603822734
  0.0993000000	  0.9490556292	683.5404525937
  0.1019000000	  1.0046380544	690.5643092293
  0.0979000000	  0.9588443521	685.0386741641
  0.1012000000	  1.0368855206	689.4258910442
  0.1004000000	  0.9939278244	686.4628640483
  0.0993000000	  0.9780200182	695.4435412341
  0.0989000000	  1.0002669039	687.6676084217
  0.0990000000	  0.9706694917	685.2528284738
  0.0998000000	  0.9977281577	691.6792882669
  0.0992000000	  0.9243000713	678.0427986443
  0.1032000000	  1.0143056490	691.5232011635
  0.1014000000	  0.9575466109	689.8658281260
  0.1017000000	  0.9690080460	687.3426451188
  0.1026000000	  1.0038850034	703.2603901301
  0.0992000000	  0.9631297553	678.7197730101
  0.0993000000	  1.0202980441	689.8002100310
  0.0992000000	  1.0125945334	684.0803819143
  0.1024000000	  0.9932258903	694.4327002888
  0.1005000000	  1.0009593393	688.8902354748
  0.1028000000	  1.0374843967	699.5391486841
  0.0972000000	  0.9920264284	685.3725575550
  0.1037000000	  1.0302829094	695.4861017355
  0.0974000000	  0.9833699392	679.8467039500
  0.1005000000	  1.0094577734	689.9679529287
  0.0987000000	  1.0047935759	685.9372599050
  0.1012000000	  1.0549440898	697.3538776442
  0.0994000000	  1.0098731597	680.8369312649
  0.0989000000	  0.9651129725	689.2710914383
  0.1073000000	  1.0362838566	690.0782415762
  0.0998000000	  1.0033794490	690.2811312441
  0.0997000000	  0.9636088076	687.9497894701
  0.1055000000	  1.1042686661	702.7984302489
  0.0994000000	  0.9978874119	679.8740818626
  0.0987000000	  0.9968220074	693.9070123832
  0.0994000000	  0.9890147079	687.2310592636
  0.0995000000	  0.9688701668	679.9752575349
  0.0996000000	  0.9323577414	682.7282108786
  0.0996000000	  0.9643428691	672.1707281273
  0.0981000000	  0.9961665502	683.5541536645
  0.0978000000	  0.9652919187	676.7999870709
  0.1005000000	  0.9928020297	683.0540826195
  0.0985000000	  0.9871954983	685.3754527728
  0.1005000000	  0.9859749881	685.1175559807
  0.0983000000	  1.0037390876	675.6403470846
  0.1019000000	  0.9628519051	689.1497173808
  0.0990000000	  1.0248418266	689.0362511156
  0.0983000000	  1.0089305134	684.1307683765
  0.0964000000	  0.9983430497	679.1175087252
  0.0991000000	  0.9581146836	695.2986158653
  0.0999000000	  0.9915487711	682.1805282869
  0.0980000000	  0.9973718779	680.8824650999
  0.1003000000	  1.0489706367	698.5757529515
  0.1043000000	  0.9963570432	699.4027661382
  0.0993000000	  1.0236192548	682.1994942805
  0.0991000000	  1.0204467549	688.2506060197
  0.1025000000	  1.0128849502	691.6566324884
  0.1025000000	  1.0130130040	682.0660023638
  0.0975000000	  0.9874503652	683.4470140144
  0.0970000000	  1.0131225591	674.8229164425
  0.0998000000	  1.0265552919	692.7718808318
  0.1023000000	  0.9900975656	687.4355367736
  0.0952000000	  0.9549345476	675.7978570642
  0.1008000000	  1.0449820709	692.8201374610
  0.0989000000	  1.0133713565	689.7764284940
  0.0994000000	  0.9962401162	690.3512538834
  0.1004000000	  1.0064640291	687.2815240017
  0.0990000000	  0.9950788339	690.0464093088
  0.1021000000	  1.0168225937	686.1290218164
  0.0975000000	  0.9635187625	689.6481932313
  0.1022000000	  1.0460025981	689.1697368024
  0.1014000000	  0.9896850337	690.2678550982
  0.0988000000	  0.9853352325	686.5249945215
  0.1003000000	  0.9910184317	691.1620285974
  0.1008000000	  1.0018947038	682.0923860130
  0.0993000000	  0.9607454857	678.3435309714
  0.1020000000	  1.0274755328	698.3796090564
  0.1010000000	  1.0310479948	684.7156246504
  0.1013000000	  0.9844623954	697.9769980057
  0.0954000000	  1.0013708929	677.7336364348
  0.0993000000	  1.0060034312	683.9008498645
  0.1017000000	  1.0348351036	685.6184794283
  0.1033000000	  1.0443937682	696.6418633998
  0.0992000000	  0.9979178224	685.4291848200
  0.1019000000	  0.9884993069	693.1225100332
  0.0991000000	  0.9804673885	680.8772257703
  0.0955000000	  0.9934381640	690.0604060982
  0.1025000000	  0.9925755706	687.1312875815
  0.0995000000	  0.9985502101	682.6243347280
  0.0952000000	  0.9627094488	680.1544656686
  0.1023000000	  1.0321864360	701.4833368863
  0.0975000000	  0.9776474217	664.8622336746
  0.1024000000	  0.9570284912	689.4632109430
  0.0990000000	  1.0092476359	683.2741438975
  0.0985000000	  0.9878519058	694.7852560331
  0.0953000000	  1.0124195387	672.4512011184
  0.1005000000	  1.0038899448	667.6537389172
  0.1014000000	  1.0273564969	691.6520343635
  0.0998000000	  0.9943314765	681.5209400719
  0.0979000000	  0.9521118638	680.6412958416
  0.1064000000	  1.0465655631	697.9342492352
  0.1016000000	  0.9791338845	680.7259399940
  0.0988000000	  1.0242845220	686.7105350600
  0.1011000000	  0.9764352416	690.1407907783
  0.0946000000	  0.9706051639	685.1534295896
  0.0984000000	  0.9659257604	681.5474434255
  0.0991000000	  0.9549645984	693.0632841689
  0.0983000000	  1.0525266274	693.0830616274
  0.0992000000	  0.9573227501	679.5453723330
  0.0979000000	  0.9828439466	686.1718548970
  0.1049000000	  1.0435922973	688.3727371653
  0.0996000000	  0.9714927840	688.8811956467
  0.0997000000	  1.0124853602	699.6504202105
  0.1028000000	  0.9698296173	685.1239857127
  0.0993000000	  0.9789073144	688.1854978341
  0.1001000000	  1.0093493014	684.2971093755
  0.0996000000	  0.9950243589	687.9243270738
  0.0980000000	  0.9942160983	681.1109535647
  0.1012000000	  1.0077603328	681.3397058934
  0.1012000000	  0.9865542124	687.2745582597
  0.1000000000	  0.9641985322	686.3779757566
  0.0987000000	  1.0180946605	688.1714656072
  0.0940000000	  0.9660925898	675.1024541941
  0.0987000000	  1.0182908421	690.9913120844
  0.0995000000	  0.9691828335	679.1727503026
  0.1011000000	  1.0504636172	705.8611784106
  0.0973000000	  0.9954596623	683.9573426017
  0.1001000000	  1.0212002444	691.9736967733
  0.1021000000	  0.9949486124	688.3759960650
  0.0956000000	  1.0162382931	688.9053984973
  0.1016000000	  1.0096395934	682.9861825187
  0.1005000000	  0.9862611575	687.7407704474
  0.0993000000	  0.9761289741	683.5512007062
  0.0986000000	  0.9441697601	682.8169974981
  0.0994000000	  0.9920821065	692.9219757724
  0.0988000000	  1.0010133361	681.1062432367
  0.1005000000	  0.9732907341	683.3548546419
  0.1014000000	  1.0122459702	694.0570811003
  0.1051000000	  0.9928037403	685.6018638624
  0.0979000000	  1.0119785963	678.5255489938
  0.1024000000	  0.9848234030	695.3113438593
  0.1005000000	  1.0045718678	689.3676608222
  0.0984000000	  1.0035089244	675.0002717949
  0.1012000000	  1.0334167787	692.3842462486
  0.0994000000	  1.0184604383	682.9351367148
  0.1014000000	  0.9453274606	678.6943116976
  0.0984000000	  0.9562342706	679.7417098337
  0.1007000000	  1.0316165710	696.1797066025
  0.1044000000	  1.0075251464	690.4405613474
  0.1016000000	  1.0222226850	692.0623876646
  0.0976000000	  0.9412443657	690.4911717087
  0.1010000000	  1.0252118583	687.9035791368
  0.0990000000	  0.9754255013	690.6530611245
  0.1001000000	  1.0303613115	687.6062320154
  0.1003000000	  0.9880910094	688.2853300888
  0.1019000000	  0.9906704530	686.4647711419
  0.1007000000	  1.0076201452	683.9617256534
  0.0970000000	  0.9528464889	677.0082397613
  0.0983000000	  0.9871912177	673.4888612836
  0.0970000000	  0.9939321996	695.8006334140
  0.1007000000	  1.0241949521	678.5980383234
  0.1026000000	  0.9616666930	691.0131324442
  0.1004000000	  1.0111519756	691.7428042706
  0.1023000000	  0.9996050393	685.7496493425
  0.0991000000	  1.0007785349	691.1593280653
  0.1032000000	  1.0323928681	694.1642238753
  0.0987000000	  0.9774160520	687.3762676166
  0.0994000000	  1.0256800068	698.5977364643
  0.1006000000	  1.0045460349	692.9068750163
  0.0996000000	  0.9470811112	671.5570030834
  0.1004000000	  0.9759412063	680.5618363225
  0.1013000000	  0.9717218601	702.2959950733
  0.0997000000	  1.0053075053	693.3769765918
  0.1014000000	  1.0002678936	689.7388982471
  0.0968000000	  0.9828278769	689.1437878289
  0.1004000000	  0.9857365522	689.7292116992
  0.1021000000	  1.0194861666	684.2929352931
  0.0982000000	  0.9548578268	685.4957331705
  0.1031000000	  1.0271359428	695.9805954213
  0.0979000000	  1.0172016407	688.7884798325
  0.1009000000	  1.0040150547	691.3078323013
  0.0998000000	  1.0298839919	694.9129177184
  0.1007000000	  1.0012315080	698.7542323422
  0.1006000000	  1.0178008925	692.3123592293
  0.1013000000	  0.9916780137	674.6070718268
  0.0993000000	  0.9529077777	680.4105038715
  0.0974000000	  0.9938318318	676.8408156405
  0.0976000000	  0.9854571603	676.3798195405
  0.0959000000	  0.9173884703	680.7553037122
  0.1004000000	  0.9953078163	691.7534290748
  0.1013000000	  0.9888797740	678.6277179652
  0.1033000000	  1.0733274924	683.9372931803
  0.0988000000	  1.0064625464	682.7323255788
  0.0954000000	  0.9655692527	677.5488680846
  0.1013000000	  1.0663040880	694.0648742825
  0.1005000000	  0.9942748300	698.6947436400
  0.1031000000	  1.0306379222	691.3257525980
  0.1004000000	  0.9920488889	689.6841796599
  0.0998000000	  1.0067278369	679.7123548844
  0.0952000000	  0.9584565559	676.7887194803
  0.0973000000	  0.9566211900	689.6532668486
  0.1007000000	  0.9782849998	689.7867149009
  0.1039000000	  1.0272316733	693.2584268928
  0.1006000000	  1.0354376139	703.6222685723
  0.1017000000	  1.0102733553	688.3925455546
  0.0997000000	  0.9668522579	677.9493084703
  0.1010000000	  1.0053885793	698.4928586006
  0.1018000000	  1.0681540087	699.5334221467
  0.0983000000	  0.9571218562	675.5327796642
  0.0989000000	  1.0114355668	685.1195413218
  0.1021000000	  1.0554378740	688.5264542751
  0.0989000000	  0.9954455618	683.3414040529
  0.0992000000	  0.9968501380	677.4771866803
  0.0956000000	  0.9538744308	679.3650938415
  0.1019000000	  1.0089883360	692.0008849902
  0.0975000000	  1.0141140757	694.1356517001
  0.1007000000	  0.9942616592	689.1081775307
  0.1010000000	  1.0182714779	685.9378445196
  0.1046000000	  1.0186899690	690.7763232918
  0.0980000000	  1.0224397953	691.1589957086
  0.1001000000	  1.0216668726	689.8406591473
  0.0981000000	  0.9393540551	682.1859737331
  0.0981000000	  0.9932012575	690.1784212896
  0.1019000000	  1.0058679929	691.3501018319
  0.0962000000	  0.9050650439	683.4223243501
  0.0985000000	  0.9796947390	691.3515485676
  0.0980000000	  1.0024729306	689.3547647944
  0.0996000000	  1.0754991724	697.0992220891
  0.0985000000	  0.9857598302	684.8063524878
  0.1006000000	  1.0091442381	681.1812566637
  0.1041000000	  1.0196489019	684.9914239071
  0.0994000000	  1.0497329382	703.4448451399
  0.1013000000	  0.9906329848	683.1588648707
  0.1051000000	  1.0595563363	685.5273041776
  0.0986000000	  1.0309827755	694.9060233920
  0.0987000000	  0.9938458938	697.3483850404
  0.1001000000	  1.0132269472	689.3402033532
  0.0972000000	  0.9090371618	672.5148472728
  0.1010000000	  1.0288097927	686.4012178927
  0.0977000000	  0.9574815874	685.0386800929
  0.0991000000	  0.9804772405	685.4868772817
  0.1026000000	  0.9966289113	693.3905671668
  0.1008000000	  1.0151618281	696.0769328257
  0.0980000000	  0.9742621783	683.7166390671
  0.0974000000	  1.0107213836	687.9310111496
  0.0981000000	  0.9914850124	678.7983678848
  0.0987000000	  1.0172883162	680.4489600872
  0.0952000000	  0.9267688368	681.0936479819
  0.0992000000	  1.0087225867	682.1361417599
  0.0996000000	  0.9805744354	693.0371190105
  0.0962000000	  1.0300713852	692.7945484785
  0.0992000000	  0.9972039600	687.0592759314
  0.0994000000	  0.9826655674	678.1900253034
  0.0961000000	  0.9702258515	682.1975755359
  0.0961000000	  0.9539648271	689.7026474473
  0.1002000000	  1.0072566398	689.8439435542
  0.0967000000	  0.9567566527	685.6489340456
  0.0971000000	  1.0023469098	684.7386984820
  0.1011000000	  0.9497709123	673.2239544023
  0.1045000000	  1.0101408789	697.2174793211
  0.0966000000	  0.9742783684	676.4853047835
  0.0991000000	  0.9265565604	682.5450898192
  0.1034000000	  1.0061116149	690.4703599160
  0.0999000000	  0.9871172607	685.6259818803
  0.0989000000	  1.0148600915	688.7010537307
  0.0996000000	  0.9704111126	678.0184755328
  0.0975000000	  0.9757357670	678.9343271473
  0.1016000000	  1.0003781954	692.0417733197
  0.1017000000	  1.0267703962	693.3287462321
  0.0994000000	  1.0175341287	687.2989181512
  0.1023000000	  0.9600799034	686.5404221212
  0.1020000000	  1.0157614505	696.6677152954
  0.1006000000	  0.9943950954	690.2563205942
  0.0959000000	  0.8987590219	678.1888767398
  0.1002000000	  1.0242502207	687.1464497909
  0.0967000000	  0.9836018815	681.3664532466
  0.0976000000	  0.9827716782	683.5868757367
  0.1027000000	  1.0995285957	706.0983781069
  0.1030000000	  1.0082211127	689.7005936983
  0.1012000000	  1.0361255472	700.4009878239
  0.0977000000	  1.0019406518	682.1455984565
  0.0991000000	  0.9679702017	673.5228363582
  0.1015000000	  0.9708364087	695.2612851966
  0.0955000000	  0.9673182934	682.1111759140
  0.1015000000	  0.9522773966	687.9183689720
  0.0967000000	  1.0028309515	682.7820879708
  0.0991000000	  0.9906464295	682.4728605444
  0.0997000000	  0.9919022550	672.0943109727
  0.1042000000	  1.0137290990	688.1892417566
  0.1021000000	  0.9947616662	678.6353217748
  0.0945000000	  0.9506859802	680.6423574288
  0.0992000000	  0.9934223731	680.9053692799
  0.0983000000	  1.0454502952	680.3504140205
  0.0990000000	  0.9673699467	678.1921141718
  0.0985000000	  0.9745424136	684.5055225802
  0.1029000000	  1.0540272162	697.8805788837
  0.1028000000	  1.0261611794	695.0703837134
  0.0975000000	  0.9670789665	681.2455327933
  0.0968000000	  0.9644629746	671.3990426704
  0.0996000000	  1.0175371451	681.2226813327
  0.0997000000	  0.9477347126	699.7331098420
  0.1054000000	  1.0483133214	689.5693161239
  0.1014000000	  1.0559463975	688.4999741796
  0.1018000000	  1.0222368539	691.6385852487
  0.1002000000	  0.9557596564	687.7281110262
  0.0952000000	  0.9239843789	672.7889417672
  0.1016000000	  0.9945794438	690.9748264031
  0.1021000000	  1.0048914866	691.6982745180
  0.0987000000	  0.9733627036	683.4860073664
  0.1028000000	  1.0039237693	689.9770848546
  0.0976000000	  1.0266326649	684.9676600519
  0.0994000000	  0.9567084328	689.1043564831
  0.1029000000	  1.0418464587	696.5299395916
  0.1026000000	  1.0331352673	686.6085476667
  0.1016000000	  0.9982397304	683.1245676425
  0.0973000000	  0.9853654398	681.7456079073
  0.1022000000	  0.9688096377	686.4872850375
  0.0975000000	  0.9817168839	688.0568535332
  0.1027000000	  0.9642084228	685.0077717825
  0.0984000000	  0.9771795206	692.2555666352
  0.0980000000	  0.9687519259	679.5508200156
  0.0989000000	  1.0333428557	692.0977425659
  0.1008000000	  1.0408393524	695.2810989849
  0.1016000000	  0.9775591393	690.2989120226
  0.0982000000	  0.9918014253	680.9925569820
  0.0991000000	  0.9633718701	691.5645877255
  0.0905000000	  0.9076363387	666.8345296447
  0.0985000000	  0.9887479409	683.7326098542
  0.1006000000	  1.0384851758	683.1501132573
  0.0997000000	  1.0390053175	683.5470770012
  0.0989000000	  0.9942197050	686.5871009786
  0.0990000000	  1.0131706570	685.5735613545
  0.0974000000	  0.9996838615	692.9712173021
  0.1024000000	  0.9887928199	690.6656830118
  0.0983000000	  0.9713607850	688.1771961090
  0.0985000000	  1.0046317859	686.8817215442
  0.0997000000	  1.0362386416	697.2622238354
  0.0991000000	  1.0134920690	685.6949424240
  0.0972000000	  0.9645048669	678.5911092524
  0.1023000000	  1.0078291901	687.1450461128
  0.0971000000	  0.9689718825	678.8720473270
  0.1020000000	  0.9897201661	687.4010462856
  0.1023000000	  1.0443870414	690.5421809328
  0.1034000000	  1.0473327284	700.6192937512
  0.0983000000	  0.9746164162	669.9660244488
  0.1007000000	  1.0270965557	687.4585994774
  0.0994000000	  0.9939626471	680.5820643785
  0.0983000000	  1.0298178495	688.9843935354
  0.1056000000	  1.0750390489	698.0336925057
  0.0986000000	  0.9387319184	686.4256879399
  0.0974000000	  0.9812901563	687.1707607843
  0.1013000000	  1.0630757746	696.3293063468
  0.1040000000	  1.0495519668	703.9904089951
  0.0998000000	  0.9999298833	684.1141463280
  0.0985000000	  1.0092479647	690.6979976404
  0.0978000000	  0.9532448055	680.4574861521
  0.0987000000	  0.9977355441	684.4585391751
  0.1005000000	  0.9870017449	683.6978638117
  0.1013000000	  1.0301593794	698.1902658156
  0.0995000000	  1.0022992655	686.0160412674
  0.0992000000	  0.9958358608	680.8673522912
  0.1001000000	  0.9721795050	685.6356088394
  0.0976000000	  0.9868000127	684.5786789221
  0.1014000000	  1.0241622342	693.1864842974
  0.1010000000	  0.9987970298	678.1001889649
  0.1019000000	  1.0139219702	680.2257493663
  0.0980000000	  0.9688727246	669.2713512844
  0.1003000000	  1.0261076913	691.7372804888
  0.0991000000	  1.0023252225	684.1885583660
  0.0995000000	  0.9883190012	680.6330191315
  0.1048000000	  1.0450481796	697.4737294063
  0.0976000000	  0.9712753635	685.6974784077
  0.0994000000	  0.9628522950	683.4977686214
  0.0994000000	  0.9989436043	678.7695513284
  0.0992000000	  1.0037224629	689.7783313236
  0.0986000000	  0.9949637599	685.9705167587
  0.1017000000	  1.0691752872	691.9022627630
  0.1005000000	  0.9904921459	683.6302802359
  0.1015000000	  0.9944466157	686.2483438786
  0.1017000000	  1.0214775189	690.5270944647
  0.0976000000	  0.9797526156	682.5615789714
  0.1020000000	  0.9867318542	689.2144978130
  0.1014000000	  0.9915894166	688.7757130735
  0.0993000000	  0.9437560273	686.0860621115
  0.0994000000	  1.0130075009	687.1773519720
  0.0998000000	  0.9709555828	689.5178442382
  0.0997000000	  1.0357527904	685.4954701472
  0.0997000000	  0.9905181011	695.1122050581
  0.1008000000	  0.9696640602	689.0222637152
  0.1020000000	  1.0328995670	692.6029977404
  0.0990000000	  0.9882023059	686.9529394405
  0.1018000000	  0.9826655117	681.6775751277
  0.1023000000	  1.0193064751	700.6656779523
  0.1021000000	  0.9961676223	681.3568719122
  0.0958000000	  0.9667756490	682.2334865061
  0.1030000000	  1.0389084501	693.9163057794
  0.1003000000	  1.0224268528	692.5029975934
  0.1017000000	  1.0615165571	700.4737058227
  0.0968000000	  1.0122057032	684.7249600303
  0.0956000000	  1.0027209423	680.9287383947
  0.0955000000	  0.9682197391	679.3614626603
  0.1009000000	  1.0148997415	689.1921704895
  0.0983000000	  0.9917216734	684.0808064591
  0.1015000000	  0.9961096070	689.5521204563
  0.0984000000	  0.9583926459	681.9996086286
  0.0999000000	  1.0365073834	691.6517512929
  0.1004000000	  0.9801533047	688.1632454076
  0.1013000000	  1.0446604958	688.8706308644
  0.0977000000	  1.0083358657	677.8718897241
  0.1039000000	  1.0228225260	688.0963686331
  0.0993000000	  1.0071492490	677.6531209382
  0.0993000000	  0.9808370565	694.3885752004
  0.1064000000	  1.0425515317	693.6918139390
  0.1006000000	  1.0387845330	680.1406327442
  0.0999000000	  1.0423316284	689.8713363505
  0.0972000000	  0.9344515891	673.9701736394
  0.0986000000	  1.0094704507	683.4953281874
  0.0965000000	  0.9866645820	688.3466185934
  0.1019000000	  0.9948585420	685.2423744211
  0.0965000000	  1.0063356920	680.2212741710
  0.0976000000	  0.9858817504	686.3294242494
  0.0989000000	  0.9789428723	676.4761649697
  0.1005000000	  0.9985994561	694.5064509521
  0.1005000000	  1.0275954713	689.4010886939
  0.0998000000	  1.0254104657	685.6273171448
  0.0971000000	  0.9888797455	685.8952557563
  0.0980000000	  0.9932599183	680.6403799126
  0.1026000000	  1.0214335588	686.0251706326
  0.1040000000	  1.0087007561	683.3992568097
  0.1004000000	  1.0142236158	692.6557094895
  0.0990000000	  0.9884671896	676.4485911844
  0.0994000000	  0.9939218038	685.6187303071
  0.1021000000	  0.9837952198	693.5094898685
  0.1004000000	  1.0026857886	682.0068912803
  0.1002000000	  1.0315797385	689.2341019561
  0.0999000000	  1.0110216698	696.2717052750
  0.0975000000	  0.9471023123	672.6820453832
  0.0990000000	  1.0134885197	695.5011176896
  0.1026000000	  0.9823716552	687.6503877579
  0.1025000000	  1.0363939879	684.6705621212
  0.1023000000	  1.0073349427	688.2846385253
  0.1020000000	  0.9918671810	685.7968832578
  0.1010000000	  1.0077871156	694.2904335741
  0.1010000000	  0.9749150669	678.0476283757
  0.0955000000	  0.9924465431	675.2303227658
  0.1024000000	  1.0217819389	685.3353235154
  0.1011000000	  0.9703190081	679.0885932412
  0.0976000000	  0.9453865253	686.6487290027
  0.0980000000	  0.9595186469	693.7413653588
  0.1009000000	  1.0023160189	683.5440566546
  0.0982000000	  0.9803086969	680.1344421597
  0.0999000000	  0.9936194792	680.4400083473
  0.1019000000	  1.0209647617	681.0903381524
  0.1012000000	  0.9914823865	690.2088536066
  0.0989000000	  1.0200902213	689.6424999953
  0.0964000000	  1.0040924627	693.4725271164
  0.1012000000	  1.0341265053	697.0042856930
  0.0986000000	  0.9815546415	679.5010485333
  0.1013000000	  1.0179815884	684.7597125277
  0.0962000000	  1.0040977337	690.2499858357
  0.0987000000	  0.9362082976	667.5026396949
  0.0981000000	  0.9814790238	679.5493107505
  0.0997000000	  0.9993038893	684.1388361598
  0.1004000000	  1.0440105471	686.5218973211
  0.1014000000	  0.9895853446	693.5602054332
  0.1006000000	  1.0509421570	689.8613386599
  0.0971000000	  1.0200561369	675.6640770287
  0.1005000000	  1.0023984456	687.5434192283
  0.1007000000	  0.9651571330	684.7376043333
  0.0982000000	  0.9619243438	689.3339522837
  0.1018000000	  1.0401809168	687.7057340801
  0.1044000000	  1.0233108091	695.6096830287
  0.1015000000	  1.0465474838	693.0820173397
  0.1000000000	  1.0119572129	688.7784110050
  0.0997000000	  0.9883412687	686.7363249223
  0.1025000000	  0.9978993454	689.0251998418
  0.1031000000	  1.0223714862	678.3790143410
  0.0982000000	  0.9831531324	689.7762368333
  0.1048000000	  1.0588675477	686.1387892384
  0.0979000000	  0.9837521763	683.5557436297
  0.1005000000	  1.0520239796	692.8146050151
  0.1003000000	  0.9632944645	689.7388182056
  0.1013000000	  1.0152524575	684.5573992441
  0.0977000000	  0.9967296442	679.9957903640
  0.0968000000	  0.9667067228	690.3128064879
  0.1045000000	  1.0339942033	689.2456776233
  0.1025000000	  1.0023626997	694.3572507437
  0.1001000000	  0.9818808802	675.4635090442
  0.0994000000	  0.9879940703	685.7910505022
  0.1014000000	  0.9727895906	685.2720085842
  0.0989000000	  0.9933187742	686.3955556516
  0.0966000000	  0.9690025645	684.2982649695
  0.0996000000	  1.0084717129	694.2625050639
  0.0967000000	  0.9793403160	688.9556141004
  0.0951000000	  0.9844686652	674.7424105550
  0.0999000000	  0.9867183029	682.3349190022
  0.0962000000	  0.9895873202	681.1394739641
  0.0980000000	  0.9846674102	682.1645060982
  0.0990000000	  1.0524959140	693.7102540277
  0.0984000000	  1.0066514664	688.1595222069
  0.1033000000	  1.0517944431	689.2321817223
  0.0993000000	  1.0072086989	679.9660910729
  0.0961000000	  0.9753237606	678.1205165673
  0.0975000000	  0.9361134526	681.5885465893
  0.0998000000	  1.0060504150	683.5139938907
  0.1032000000	  1.0054636272	690.7491400437
  0.0996000000	  0.9814842409	681.5615116742
  0.1001000000	  0.9805334203	690.3797567423
  0.1048000000	  1.0475831249	680.1633613112
  0.0990000000	  1.0319764122	687.8986775719
  0.1034000000	  1.0111090737	685.3928133583
  0.0988000000	  0.9995109724	682.0911531386
  0.0995000000	  1.0369722590	693.6637640859
  0.1042000000	  0.9812183633	691.3352387066
  0.1018000000	  1.0085468154	690.5512991585
  0.0990000000	  0.9698068663	680.2227254528
  0.1031000000	  1.0543923613	700.9506901064
  0.0971000000	  0.9976341937	688.0412323751
  0.1012000000	  1.0093265594	691.1153923736
  0.1004000000	  1.0393638556	687.3406059894
  0.1008000000	  0.9986769714	687.9855225139
  0.0995000000	  1.0092009726	697.7053177694
  0.0980000000	  1.0280673986	689.2139620772
  0.0974000000	  1.0013415985	684.2591315610
