  0.0954000000	  0.9741827441	682.4181753195
  0.1013000000	  1.0321377439	683.1553939352
  0.1018000000	  1.0624748021	699.7808475939
  0.1010000000	  0.9904045839	684.3731125404
  0.0988000000	  0.9514812004	677.4671561625
  0.1016000000	  1.0050396114	682.9039774153
  0.1021000000	  1.0501609866	690.9595865228
  0.1023000000	  0.9944100835	682.0237470693
  0.0989000000	  0.9260837453	683.7577324283
  0.0992000000	  0.9849938663	683.8816239262
  0.1003000000	  0.9775558594	679.9782181443
  0.1011000000	  1.0391360733	688.5245148177
  0.1013000000	  1.0001671972	683.8387307232
  0.1026000000	  1.0248511049	691.6893398395
  0.0984000000	  0.9626847243	684.1460309353
  0.1020000000	  0.9981840617	681.0336067335
  0.0973000000	  0.9976581390	685.0810614170
  0.0975000000	  0.9580744120	677.6304589940
  0.1026000000	  0.9751950347	684.8605534783
  0.0989000000	  1.0165118761	685.7220937092
  0.1027000000	  0.9917425742	690.2201231914
  0.0991000000	  1.0138523383	695.0068344018
  0.0998000000	  0.9925761093	696.3170308402
  0.0986000000	  0.9447201637	682.8640548549
  0.0963000000	  0.9902865746	687.4205540557
  0.0991000000	  0.9706894318	695.2327560757
  0.1017000000	  1.0222057780	690.4243225269
  0.0984000000	  0.9912595892	689.5538393569
  0.1000000000	  1.0147634690	697.8453664297
  0.0980000000	  1.0063689031	690.4837189230
  0.1001000000	  1.0187656057	695.4911499280
  0.0972000000	  0.9717920269	669.9762083409
  0.0990000000	  0.9786079690	684.7914094373
  0.0976000000	  0.9836678785	679.6223831356
  0.1012000000	  1.0020186678	686.7780112698
  0.0998000000	  1.0107684587	682.1477488429
  0.0972000000	  0.9500280957	676.4115709851
  0.0973000000	  0.9715289810	684.3009969938
  0.1002000000	  1.0180767758	682.9114901420
  0.0977000000	  0.9796860223	689.5173484665
  0.1017000000	  0.9948789423	682.4829472003
  0.0972000000	  0.9998025406	691.0022987084
  0.0997000000	  0.9634308211	687.7241552821
  0.1018000000	  1.0294711084	691.2950967897
  0.1000000000	  1.0101269249	682.0537648174
  0.1009000000	  0.9854816941	688.1348378971
  0.0991000000	  1.0213371094	686.2870773603
  0.1005000000	  1.0620760278	692.7135652241
  0.0963000000	  0.9885722582	680.2857321497
  0.1014000000	  0.9830194479	688.2129660054
  0.1012000000	  1.0229502457	683.5351714481
  0.1013000000	  0.9825447145	688.9790375000
  0.1021000000	  1.0572878981	691.0133861865
  0.1031000000	  1.0371016543	698.8068853230
  0.1030000000	  1.0196863737	691.8209951906
  0.0970000000	  0.9821791582	674.4321964106
  0.1003000000	  0.9899041695	693.5055672072
  0.1000000000	  1.0030295973	689.1810724213
  0.0991000000	  1.0175199029	686.8673736967
  0.0999000000	  1.0093435246	690.0973801039
  0.1001000000	  1.0121532663	680.8618780233
  0.0984000000	  0.9855485939	689.4464621265
  0.1011000000	  1.0078518803	698.5299363237
  0.0996000000	  1.0034529600	686.0396689762
  0.1001000000	  1.0176122091	692.0075169703
  0.0991000000	  0.9938969124	684.1014012318
  0.0990000000	  0.9951769435	695.6424294081
  0.1004000000	  0.9770908229	691.6557307194
  0.1014000000	  0.9901776075	693.4630664658
  0.0985000000	  0.9827463019	689.8737130238
  0.0953000000	  0.9687734561	687.1316543350
  0.0989000000	  1.0428445237	688.6795825273
  0.1032000000	  1.0070137920	693.1622607874
  0.1010000000	  1.0044384419	685.9399553246
  0.1003000000	  0.9979291230	685.4327231185
  0.0995000000	  1.0556143068	685.4914529496
  0.1044000000	  1.0106502703	686.4738972857
  0.1019000000	  1.0108438217	681.9404945866
  0.1014000000	  0.9957390772	682.9961579513
  0.1010000000	  0.9840654329	684.9452440973
  0.1013000000	  0.9983300857	690.7707883006
  0.0970000000	  1.0048318835	683.5641941261
  0.1005000000	  0.9891173177	680.1894695132
  0.0981000000	  0.9489711863	683.0624598804
  0.1035000000	  1.0440132859	687.5939327308
  0.0970000000	  1.0454225843	699.9863690674
  0.0999000000	  1.0348232010	678.1295353797
  0.0964000000	  0.9652624991	680.9287953710
  0.0951000000	  0.9912835590	677.3090944479
  0.1003000000	  0.9762252927	681.8477760939
  0.0991000000	  0.9840651934	689.3155172215
  0.1006000000	  0.9936530624	691.4934548922
  0.0983000000	  1.0268769533	701.3154879972
  0.1010000000	  0.9615550380	688.3351293143
  0.0985000000	  1.0149451698	688.6373602967
  0.0994000000	  0.9663639893	689.7067946518
  0.0995000000	  1.0132448765	689.6653798380
  0.1022000000	  0.9916293439	685.8177307394
  0.1025000000	  1.0187210186	694.9568761589
  0.1018000000	  1.0489336595	691.1599816287
  0.0969000000	  1.0092408321	681.3056764918
  0.0991000000	  0.9990173323	679.0325083542
  0.0960000000	  0.9723322142	683.6395756035
  0.0991000000	  0.9728583905	689.7700076116
  0.0997000000	  0.9928765618	691.5889006870
  0.0983000000	  1.0280384547	678.2103523453
  0.0987000000	  1.0037657117	678.9026629535
  0.0938000000	  0.9136554176	677.4439453928
  0.1019000000	  0.9933139089	694.4199820636
  0.1001000000	  1.0404754811	684.8535663074
  0.0965000000	  0.9513603493	682.3267590303
  0.1004000000	  1.0184411279	686.9952057418
  0.0995000000	  0.9733938899	690.0604975070
  0.1045000000	  1.0202415976	696.7129386944
  0.0978000000	  0.9581053108	678.5617361357
  0.0987000000	  0.9980138535	684.3815171227
  0.1002000000	  0.9600295967	682.1104247344
  0.1018000000	  1.0306950724	691.6469781422
  0.0999000000	  0.9689357332	681.4931203174
  0.1007000000	  1.0179231150	689.4596814358
  0.0989000000	  1.0275491434	701.7599483668
  0.1040000000	  0.9675434778	687.4407036201
  0.1002000000	  1.0097336614	684.3515928430
  0.1003000000	  1.0416382233	693.8336541726
  0.0985000000	  0.9546028865	685.1930126700
  0.0989000000	  0.9878983203	676.2085026334
  0.1005000000	  1.0026546318	683.3944003230
  0.0997000000	  0.9834617615	698.7850512385
  0.1033000000	  1.0372130901	697.2196071340
  0.0967000000	  1.0178899864	683.8887171730
  0.1036000000	  1.0121733718	692.3202652688
  0.1000000000	  1.0005874976	680.0796419249
  0.1011000000	  1.0489045769	693.0093033609
  0.0988000000	  0.9644462607	685.9592405576
  0.0961000000	  0.9843607873	687.1693813519
  0.1005000000	  0.9941334806	684.7261793690
  0.1030000000	  1.0367382730	703.6943856110
  0.1001000000	  0.9997527801	690.0017900837
  0.1012000000	  1.0042400276	689.0499971601
  0.0958000000	  0.9674784314	678.3987935249
  0.1030000000	  1.0572154295	690.5955884410
  0.0993000000	  0.9599043169	682.2156256750
  0.0990000000	  1.0050158863	684.1449985282
  0.0989000000	  1.0233931327	678.1232957261
  0.0971000000	  0.9719997237	677.1662760696
  0.1026000000	  1.0217732700	688.1470425490
  0.0994000000	  1.0134123928	690.3404721720
  0.1004000000	  1.0514569263	698.2728727572
  0.1012000000	  0.9927695368	684.4486733700
  0.1036000000	  1.0139004168	684.4863086595
  0.1009000000	  1.0401252793	687.6751636474
  0.1017000000	  0.9889195229	685.7116146700
  0.1006000000	  0.9746154690	676.2138378719
  0.0974000000	  0.9759836373	686.7799290708
  0.0994000000	  0.9913736745	676.1934455922
  0.1005000000	  1.0435477198	685.8128871419
  0.1031000000	  0.9915581968	687.6964537656
  0.1008000000	  0.9793226158	684.6046862038
  0.1022000000	  1.0442959249	697.3927541983
  0.0975000000	  0.9980702668	680.1250503488
  0.0950000000	  0.9644705157	677.7192974606
  0.1021000000	  1.0643611675	688.8758748842
  0.1012000000	  1.0209637889	679.6152759963
  0.1011000000	  0.9926746502	687.1789780582
  0.1010000000	  1.0590676631	685.2363636744
  0.0982000000	  0.9724287374	681.8203806039
  0.1016000000	  1.0089532371	689.4676080847
  0.1018000000	  1.0054130898	689.2307525744
  0.0995000000	  1.0009632457	683.1707460318
  0.1006000000	  1.0289197650	682.3094626154
  0.0997000000	  0.9808186930	683.3212953331
  0.1010000000	  1.0102644889	681.9748027910
  0.0991000000	  0.9406247632	683.4189176753
  0.0998000000	  1.0414865479	689.0022773636
  0.1020000000	  1.0228560350	688.6385225160
  0.0992000000	  1.0150764760	681.3757868576
  0.1005000000	  0.9657891029	681.9002773477
  0.0996000000	  0.9744408875	691.1147346401
  0.1007000000	  0.9792512018	683.1245247621
  0.0989000000	  0.9653904792	678.3769014770
  0.0997000000	  1.0352508870	689.6325329869
  0.0992000000	  1.0027640143	680.5174157932
  0.0988000000	  1.0088771626	692.2661588044
  0.0958000000	  0.9473974565	679.9192206187
  0.1014000000	  0.9993208137	691.6062500219
  0.1019000000	  0.9933176201	694.3516704791
  0.1030000000	  1.0146480664	685.6361754307
  0.0992000000	  0.9715324737	691.2228662410
  0.0992000000	  0.9639402222	684.0287812603
  0.1013000000	  0.9925111944	688.9580906502
  0.0972000000	  0.9304371296	671.0404417871
  0.0982000000	  0.9769161422	684.2408839767
  0.1001000000	  0.9807280042	682.7294057127
  0.1003000000	  1.0040433768	682.9875929545
  0.1004000000	  0.9559647449	691.3053843030
  0.1016000000	  0.9758118052	685.0740227270
  0.0985000000	  1.0523036557	689.3607659576
  0.1001000000	  1.0037232862	681.4413836026
  0.0979000000	  0.9596317122	687.1269955284
  0.0956000000	  0.9459365616	678.1412691793
  0.1037000000	  1.0291559336	700.7763030933
  0.1010000000	  1.0228680797	688.9804052316
  0.0978000000	  1.0247999697	676.8402220515
  0.1033000000	  1.0621789400	702.8314925594
  0.0984000000	  0.9585579684	687.4237689794
  0.1007000000	  0.9558143570	681.1380944477
  0.0995000000	  1.0599535940	689.3050968942
  0.0986000000	  1.0017822935	684.0672779686
  0.0979000000	  0.9872381357	683.2726318632
  0.0984000000	  0.9548809928	684.7534990148
  0.0990000000	  0.9956668726	685.6635360262
  0.1002000000	  1.0048481217	686.0934651498
  0.1000000000	  0.9718656608	683.9121906438
  0.1016000000	  0.9606708604	679.8801991428
  0.0987000000	  0.9947676152	684.6086606472
  0.1036000000	  1.0442132117	695.8718820498
  0.0972000000	  0.9307447645	685.8108354827
  0.0973000000	  0.9473876476	672.4827777014
  0.1004000000	  0.9925497090	689.0549655284
  0.0960000000	  0.9371172650	673.7844901301
  0.1055000000	  1.0385403800	694.6264935981
  0.0976000000	  0.9988279420	689.7474472087
  0.1036000000	  1.0562860597	699.3088730389
  0.1023000000	  1.0118310301	696.3689584167
  0.1007000000	  1.0218345066	687.0382788216
  0.1035000000	  0.9946088078	689.5115127743
  0.1038000000	  1.0025479694	693.8691796799
  0.1025000000	  0.9733370841	695.2238052708
  0.1004000000	  0.9932589315	686.1823543241
  0.0990000000	  0.9522276618	681.0392646380
  0.0978000000	  1.0120695151	687.8196210663
  0.1021000000	  1.0235300060	684.6010390649
  0.0983000000	  0.9875565226	692.1219082049
  0.0980000000	  1.0083331875	670.8217844725
  0.1018000000	  1.0058976427	683.0010410046
  0.1006000000	  0.9901767366	690.8654721533
  0.0999000000	  0.9725724032	680.0485557367
  0.0979000000	  1.0416162305	687.2974058960
  0.0987000000	  0.9902470255	680.9710669069
  0.1006000000	  0.9927526562	689.1895925229
  0.1011000000	  1.0324724976	691.5819603408
  0.0987000000	  0.9987289302	685.4202829780
  0.0992000000	  0.9582107617	680.4356275179
  0.0986000000	  0.9794451088	690.7128239959
  0.0994000000	  0.9904131807	691.3424200883
  0.1048000000	  1.0247705761	683.8849268622
  0.0998000000	  1.0146914771	690.9264743146
  0.1011000000	  0.9975457064	693.9929537651
  0.1027000000	  1.0491203960	681.8725175368
  0.0967000000	  0.9892194426	681.7786044032
  0.1002000000	  0.9775664705	688.3255635820
  0.0995000000	  0.9918112649	691.5109966484
  0.0990000000	  1.0028956549	673.6069763104
  0.1011000000	  0.9809108794	670.1543462979
  0.0980000000	  1.0066181089	683.0197981428
  0.1029000000	  1.0341167643	684.2421735401
  0.0987000000	  1.0164949585	692.3364916733
  0.1020000000	  1.0057187165	685.2185249349
  0.1013000000	  0.9887327118	678.8365086529
  0.1003000000	  1.0239159522	686.5572240271
  0.0980000000	  0.9926507319	681.7378043835
  0.0989000000	  0.9989309568	681.2746143690
  0.1040000000	  0.9638765622	697.4579814675
  0.0993000000	  1.0161911808	690.9323540335
  0.0991000000	  0.9361121120	687.9880212871
  0.1026000000	  0.9744351665	679.2830352796
  0.0982000000	  0.9875804643	680.1456705152
  0.0946000000	  0.9556760204	683.4438281782
  0.0965000000	  0.9761856181	668.9590820707
  0.0999000000	  0.9930159423	683.8695608611
  0.0994000000	  0.9861521849	689.0610824168
  0.0991000000	  1.0281399760	688.7142689793
  0.1009000000	  1.0119954791	693.4433307509
  0.1003000000	  0.9629972954	688.3239750281
  0.1005000000	  1.0201501300	682.7023618542
  0.0985000000	  1.0020298996	691.8743190362
  0.0969000000	  0.9675105882	684.3450160459
  0.0974000000	  0.9874927748	676.6572262038
  0.1012000000	  1.0274393401	684.5955391689
  0.0993000000	  0.9839331125	684.8714313490
  0.0991000000	  0.9758692423	675.1851189743
  0.0995000000	  1.0021386837	692.4409076319
  0.0974000000	  0.9886304383	683.0903048342
  0.1035000000	  0.9908236126	692.3466776856
  0.0993000000	  0.9598566902	679.3015335990
  0.1024000000	  1.0932130507	691.3552150698
  0.0998000000	  0.9906112446	688.6879188659
  0.1030000000	  0.9990160909	682.3792491205
  0.1039000000	  1.0476203304	697.8747039828
  0.0993000000	  0.9615675906	686.6148056968
  0.1017000000	  1.0259428288	696.9578023635
  0.1014000000	  0.9863240344	687.6062404114
  0.1017000000	  0.9977300755	681.2226420759
  0.0968000000	  0.9731957691	685.4344015833
  0.0976000000	  0.9459012733	680.7825268226
  0.0999000000	  1.0002240232	686.8729886124
  0.1021000000	  1.0028873331	684.7402464558
  0.1034000000	  1.0739958543	690.5481543601
  0.1009000000	  1.0160376424	684.6283687055
  0.1006000000	  1.0169625485	694.8813999517
  0.0970000000	  0.9710594157	677.0743454619
  0.0962000000	  0.9268558009	680.6431749522
  0.0991000000	  0.9734984643	690.7429322629
  0.1000000000	  1.0233468415	686.6490781469
  0.0962000000	  0.9560676204	682.6268329507
  0.1022000000	  1.0114439900	684.9564347521
  0.1005000000	  0.9832263613	686.9983268416
  0.0998000000	  1.0177542378	685.2256711165
  0.1007000000	  1.0209131858	684.4697546919
  0.1004000000	  0.9974780837	688.4698839283
  0.0999000000	  0.9481747444	677.0063461889
  0.0984000000	  0.9992557301	689.3075395382
  0.1015000000	  1.0063180990	687.5872599497
  0.1009000000	  0.9995715440	683.4895393762
  0.1013000000	  0.9880730076	688.8743362029
  0.1013000000	  0.9906309756	682.6934051825
  0.0970000000	  1.0014289513	684.7552770117
  0.1000000000	  1.0111177949	684.5590038484
  0.0979000000	  1.0014219243	681.7099622657
  0.1011000000	  1.0178914149	692.1617804577
  0.0961000000	  1.0105455363	680.8486561580
  0.0972000000	  0.9933062599	685.9980969601
  0.1050000000	  1.0445637156	699.3869426461
  0.0988000000	  1.0069283602	676.8132028229
  0.1010000000	  1.0069567066	679.8602047564
  0.1023000000	  0.9995725729	690.7737451663
  0.0998000000	  0.9967824373	683.1576215666
  0.1013000000	  1.0350205045	689.3130237924
  0.1007000000	  1.0318491897	694.3159658880
  0.0965000000	  1.0168568303	691.4853219058
  0.0991000000	  0.9392824784	669.9516725409
  0.1007000000	  0.9719247539	680.2612313614
  0.0975000000	  0.9817834897	684.6056661445
  0.0987000000	  1.0439060106	690.3377738994
  0.1007000000	  0.9997359488	679.6209626690
  0.0983000000	  0.9887335354	674.9683880328
  0.1034000000	  0.9922547508	698.9763252259
  0.0971000000	  0.9869196874	678.6789967540
  0.1036000000	  1.0332574138	706.3815035983
  0.1025000000	  1.0002168213	692.9997127256
  0.0981000000	  0.9927417506	688.5131472131
  0.1037000000	  1.1072858384	691.7535113927
  0.1029000000	  1.0186158491	696.5350560702
  0.0975000000	  1.0221422954	688.5477554885
  0.1009000000	  0.9772641560	681.6343837519
  0.0977000000	  0.9620765332	677.7424464051
  0.1016000000	  1.0249267550	685.7251242811
  0.1020000000	  1.0021536034	686.8860321148
  0.0998000000	  0.9701154601	690.9121700623
  0.0998000000	  0.9920642625	678.3554892899
  0.0963000000	  0.9918338248	677.4578218267
  0.1044000000	  0.9862860232	694.6108580367
  0.1008000000	  0.9944148908	690.5198814049
  0.1007000000	  1.0120173673	692.0040887607
  0.0968000000	  1.0024606737	689.2624362943
  0.0990000000	  0.9624451556	683.6827691232
  0.0986000000	  0.9753812305	677.9342093582
  0.1056000000	  1.0248123392	683.2250829720
  0.0999000000	  0.9903009481	679.4051434543
  0.0991000000	  1.0090452431	697.9839178085
  0.0972000000	  1.0068699268	674.1187576513
  0.1033000000	  1.0457905319	687.1791032014
  0.1042000000	  1.0234235614	690.7636944538
  0.1035000000	  1.0338858525	695.8658387030
  0.1002000000	  1.0123957007	685.0172532411
  0.0999000000	  0.9793007973	683.7440364705
  0.0997000000	  1.0295883210	698.5679398751
  0.1020000000	  1.0051449674	699.4450967819
  0.0998000000	  1.0214774226	689.1202519299
  0.0953000000	  0.9424321518	676.4198023036
  0.0980000000	  0.9544861739	679.3691945495
  0.0956000000	  0.9745735399	677.7961519182
  0.1005000000	  1.0259014770	683.4430692474
  0.1017000000	  1.0182494066	686.6345429885
  0.0999000000	  0.9898964454	680.4215592116
  0.0987000000	  0.9406128743	674.3170940807
  0.1018000000	  1.0134360797	689.7082795065
  0.1023000000	  1.0653374837	692.4934486158
  0.0993000000	  0.9947856097	674.5990545494
  0.1044000000	  1.0054775217	696.5632279454
  0.0990000000	  0.9576622512	673.3777430437
  0.0967000000	  0.9457379853	673.4361378276
  0.0969000000	  0.9815925919	677.9045784785
  0.0994000000	  0.9621679599	680.5950426507
  0.1016000000	  1.0413207818	685.4807709188
  0.1031000000	  1.0473962508	691.5030684942
  0.1014000000	  0.9792728868	687.6767140784
  0.0974000000	  0.9612221897	694.4642768897
  0.1009000000	  1.0128616420	689.6338931741
  0.1005000000	  1.0268846607	680.5053532791
  0.0997000000	  0.9812952188	680.0782651004
  0.1003000000	  1.0197693508	691.8342440313
  0.1029000000	  1.0574725693	683.7030389522
  0.0984000000	  0.9762423867	680.3196534663
  0.0983000000	  0.9864320686	683.8497664841
  0.0961000000	  0.9600561893	685.2841937969
  0.0997000000	  0.9961165396	691.0695740521
  0.0984000000	  1.0123147161	681.8298465639
  0.0981000000	  1.0222228138	678.4396327357
  0.1004000000	  0.9963328812	686.7735511720
  0.0999000000	  1.0109842502	696.2596942159
  0.0962000000	  0.9840314070	684.2107427740
  0.1029000000	  1.0181653678	687.0800575881
  0.0989000000	  0.9563668385	684.4040613836
  0.1033000000	  1.0620723537	692.3801895659
  0.0987000000	  0.9738656243	686.7041235207
  0.0979000000	  0.9461756226	680.2785533728
  0.1016000000	  0.9872518326	686.5484245884
  0.0995000000	  1.0064070126	679.1259306782
  0.0961000000	  0.9812468742	681.7715934651
  0.1005000000	  0.9966947083	679.5887946840
  0.1013000000	  1.0015631948	679.8288886237
  0.0978000000	  0.9717226509	689.5619658529
  0.1008000000	  0.9334269471	684.3730097418
  0.0990000000	  1.0305186390	680.0413624722
  0.1003000000	  1.0292656468	691.8176123674
  0.1004000000	  0.9789694081	687.8602743624
  0.1002000000	  1.0471671307	696.2242863500
  0.1032000000	  0.9539251721	695.3410526408
  0.0998000000	  0.9857957732	694.4298140084
  0.0989000000	  0.9978801716	685.4918092410
  0.1055000000	  1.0471715977	695.0571242817
  0.0986000000	  0.9918975315	685.0494567556
  0.1028000000	  1.0042944762	700.5465736339
  0.0976000000	  0.9862952135	682.9396847166
  0.1007000000	  0.9758065713	685.8152607429
  0.0997000000	  1.0396807534	682.4892307249
  0.0956000000	  0.9732102711	679.7488210006
  0.0998000000	  1.0224211774	689.3143284436
  0.1024000000	  1.0102218539	695.0939811177
  0.0985000000	  1.0015942428	682.4218074456
  0.0966000000	  0.9784451942	676.3562251391
  0.1022000000	  1.0260121097	687.3323939536
  0.0978000000	  1.0186080693	695.4379627446
  0.0995000000	  0.9713881366	695.9899482894
  0.1015000000	  1.0097090433	693.9203136859
  0.1027000000	  1.0370545699	697.5518568295
  0.1007000000	  0.9828432564	688.5016904599
  0.1036000000	  1.0227228456	685.3916997520
  0.0998000000	  1.0121400396	683.4961766056
  0.1012000000	  1.0308053587	697.7639005265
  0.0984000000	  0.9564711694	676.9338068253
  0.0994000000	  0.9741106632	686.3556733833
  0.0982000000	  0.9691550620	692.9966117456
  0.1059000000	  1.0104799618	696.1982923758
  0.0986000000	  0.9144635393	678.4226634853
  0.0986000000	  0.9809943827	680.9596668954
  0.1014000000	  0.9960441300	687.6770547141
  0.0982000000	  0.9896635182	673.2586591139
  0.0977000000	  0.9987752290	682.5759478102
  0.0990000000	  0.9779934444	685.3350033089
  0.0982000000	  0.9509366259	677.4467108150
  0.0977000000	  0.9989069362	680.6328117350
  0.0999000000	  0.9901274019	692.2881251190
  0.0975000000	  1.0071788968	688.5147185976
  0.1006000000	  1.0422976726	688.1471808729
  0.0958000000	  0.9859632807	675.9395923052
  0.1020000000	  0.9910242533	686.1397124271
  0.0980000000	  1.0069897760	692.2178703577
  0.0983000000	  1.0153585421	689.0960008592
  0.1023000000	  1.0105176909	688.4269168721
  0.1013000000	  0.9945803404	677.2719059925
  0.1043000000	  1.0472908127	683.6912162566
  0.1018000000	  1.0039488907	693.8819259333
  0.1022000000	  1.0121023638	691.3750088487
  0.1040000000	  1.0223807632	694.5145623615
  0.0975000000	  0.9821331445	683.8189916823
  0.0987000000	  1.0027391466	695.8000687022
  0.0989000000	  1.0050230573	689.4263630950
  0.0981000000	  0.9836691798	678.1902610703
  0.0983000000	  0.9919231578	683.3176836292
  0.0947000000	  0.9319905050	674.4003640143
  0.1049000000	  1.0774221328	704.3099255678
  0.1004000000	  0.9889207942	688.2372370071
  0.1011000000	  1.0327385194	692.5192820659
  0.0969000000	  0.9602173069	679.2208026314
  0.0973000000	  0.9954210779	693.8443944050
  0.0962000000	  0.9979365329	680.9762671482
  0.1010000000	  1.0167755287	686.6464557104
  0.0968000000	  0.9903001190	688.3628445074
  0.1032000000	  1.0327528577	691.7313141571
  0.0977000000	  1.0248351308	688.8617040244
  0.0957000000	  0.9520978545	673.4705248006
  0.0960000000	  0.9534158829	670.4558541590
  0.1010000000	  0.9968280102	686.1546221759
  0.1005000000	  0.9729633502	686.6715747787
  0.0972000000	  0.9753942826	674.9210559584
  0.1001000000	  1.0258686079	685.8180153387
  0.0988000000	  0.9871585275	680.2318945575
  0.0986000000	  0.9682141505	681.7799765458
  0.0981000000	  0.9927120915	688.4423579378
  0.0997000000	  1.0316595385	695.0124709542
  0.1020000000	  0.9942933449	697.1877476082
  0.0988000000	  0.9879035768	691.8834796428
  0.1015000000	  1.0122875129	686.6232220572
  0.1050000000	  1.0264886082	687.4043357755
  0.1023000000	  1.0265597754	692.9306629004
  0.1009000000	  1.0024667940	673.5332778201
  0.1012000000	  1.0014951934	692.0797102665
  0.0974000000	  0.9688270083	680.0845073944
  0.0999000000	  0.9933834299	689.0716422990
  0.0990000000	  0.9633773177	682.7533576001
  0.0988000000	  0.9387765414	672.7905966769
  0.1016000000	  1.0152614409	695.3961238646
  0.0997000000	  1.0311626555	683.9923359193
  0.1011000000	  1.0448181185	687.2311849799
  0.0974000000	  0.9472201364	678.8883392390
  0.1003000000	  0.9748140672	683.1776897895
  0.0964000000	  0.9606764367	672.4052414438
  0.0961000000	  0.9557028710	679.8439338064
  0.0971000000	  0.9562959600	673.1774239075
  0.0980000000	  0.9701571008	678.8543468102
  0.1018000000	  1.0161894361	694.4670866149
  0.0981000000	  0.9785940541	681.9012354686
  0.0972000000	  0.9628052196	679.5583213814
  0.1005000000	  1.0232042885	680.1650849578
  0.1029000000	  1.0181297231	694.4498804121
  0.0972000000	  0.9785358687	676.3374755732
  0.0936000000	  0.9752974422	676.9695046317
  0.0990000000	  1.0228423170	690.2231028334
  0.1006000000	  1.0211059491	692.3154465537
  0.1006000000	  1.0558878521	694.9723731792
  0.0980000000	  0.9793699143	686.4790892347
  0.0995000000	  0.9679913099	688.4255428806
  0.0983000000	  0.9763314694	680.5291063214
  0.0982000000	  0.9755710612	681.4281928960
  0.1019000000	  1.0127931669	683.9199140268
  0.1004000000	  1.0268080070	688.0928494885
  0.1032000000	  0.9898228833	687.0576686419
  0.0964000000	  0.9778388028	686.6766336069
  0.1003000000	  1.0566866828	694.3754755316
  0.0999000000	  1.0154455998	687.9415667345
  0.1005000000	  0.9850498270	691.5635297468
  0.1007000000	  1.0249349872	691.3892986359
  0.1012000000	  1.0019931435	693.1715083339
  0.0986000000	  0.9632433114	680.5464040915
  0.0993000000	  1.0000049130	677.1426123199
  0.0970000000	  0.9813371057	691.5556600773
  0.0942000000	  0.9313538525	672.0348498844
  0.0972000000	  1.0123336175	686.9418308927
  0.1022000000	  0.9937418790	688.5010573503
  0.1000000000	  0.9914936627	688.5930858580
  0.0947000000	  0.9388793158	677.3691065665
  0.1004000000	  0.9819786736	689.3748713618
  0.0981000000	  0.9748330593	680.7888900293
  0.0951000000	  0.9874181593	682.1797287831
  0.1032000000	  1.0017108183	694.6663593659
  0.1000000000	  0.9752176268	689.4632351529
  0.0971000000	  0.9779685570	681.7028846836
  0.0983000000	  0.9622841497	686.9082057396
  0.0994000000	  0.9765589226	668.9090395282
  0.1000000000	  1.0040627851	682.0683989546
  0.1023000000	  1.0295846131	687.0235203493
  0.0986000000	  1.0098324984	676.5450843112
  0.1000000000	  0.9981265302	693.5807957181
  0.0999000000	  0.9684335249	683.2800822713
  0.1025000000	  1.0256605987	690.0822002679
  0.1014000000	  0.9987830667	699.6080632915
  0.0993000000	  1.0100695399	682.6682487863
  0.1013000000	  1.0240623110	684.5616796259
  0.1023000000	  1.0178041141	685.3301051371
  0.0966000000	  0.9564997622	673.8531932892
  0.0960000000	  0.9874105117	676.2250174313
  0.0978000000	  0.9847753364	686.6413968817
  0.0974000000	  0.9978611072	673.9628269593
  0.1011000000	  1.0414835344	702.0810341644
  0.0986000000	  1.0140774415	689.0035020797
  0.0976000000	  0.9588984520	686.7000208187
  0.1022000000	  0.9852033940	682.7115814393
  0.0995000000	  0.9977984132	692.0034653129
  0.0946000000	  0.8973515782	671.8489437599
  0.0975000000	  0.9580444471	676.1187593772
  0.0999000000	  0.9801026413	690.7190036449
  0.0984000000	  0.9726662071	686.4020566137
  0.0979000000	  0.9788103902	687.1781020986
  0.1019000000	  1.0187855151	697.2418450491
  0.0981000000	  0.9884598086	677.1127764519
  0.0973000000	  1.0140735097	688.6888050416
  0.0993000000	  1.0333621065	693.2986023395
  0.0979000000	  1.0086327015	692.7477402397
  0.1021000000	  1.0278145387	690.7516528857
  0.1000000000	  1.0195560407	687.3739592424
  0.1018000000	  0.9849944811	692.1659291675
  0.1009000000	  1.0341490868	699.2267478857
  0.1003000000	  1.0115104559	690.6760921816
  0.1002000000	  1.0075549096	688.4126563485
  0.0973000000	  0.9632065395	680.8222454148
  0.1037000000	  1.0604886531	691.4424670669
  0.1025000000	  1.0227400868	686.4421937676
  0.1035000000	  1.0292252248	688.1140901068
  0.1027000000	  1.0247879466	688.5311768765
  0.0994000000	  1.0009135376	683.1338258585
  0.0988000000	  1.0054586861	683.7529212314
  0.0994000000	  1.0253698084	680.9445344747
  0.1002000000	  1.0308169154	687.6744283956
  0.1015000000	  0.9831157070	683.8443042017
  0.1022000000	  1.0398035585	690.7663384431
  0.0979000000	  1.0012579577	687.9124022031
  0.1008000000	  1.0259893089	673.5071588984
  0.1003000000	  0.9925459128	697.7839117770
  0.1017000000	  0.9740692531	685.0346574841
  0.1026000000	  0.9751130666	678.2043509201
  0.1030000000	  1.0210788816	696.2332233682
  0.1010000000	  1.0361318047	691.0480665062
  0.0986000000	  0.9685212752	683.7069672779
  0.1022000000	  0.9846312550	682.3883127223
  0.1026000000	  1.0513623370	695.4642499405
  0.1030000000	  0.9776350052	697.4918221872
  0.0973000000	  0.9632674576	678.7578953645
  0.1002000000	  1.0354973761	685.2911516322
  0.1019000000	  0.9947787701	689.3558199128
  0.0993000000	  1.0156928791	695.1251671352
  0.0974000000	  0.9838516060	686.8854958633
  0.1010000000	  0.9914841649	690.9518997416
  0.0990000000	  0.9396442372	672.4414866158
  0.0995000000	  0.9959248294	693.8826845775
  0.1010000000	  1.0012772878	688.5634099928
  0.1017000000	  1.0099331827	681.8754335017
  0.0989000000	  0.9745201685	687.4213222703
  0.1000000000	  1.0107117613	691.1020347312
  0.0994000000	  1.0085515210	688.7070796057
  0.1055000000	  1.0848817173	704.7141208497
  0.0998000000	  0.9927966506	684.4627333685
  0.1020000000	  1.0510783482	690.3270608769
  0.1044000000	  1.0378649141	693.6596117865
  0.0962000000	  0.9722689262	673.3681221630
  0.1002000000	  1.0567281405	684.3597292060
  0.1034000000	  0.9778984398	697.6517535540
  0.0969000000	  0.9875632517	683.9328362385
  0.1035000000	  1.0376178533	688.4609524845
  0.1021000000	  0.9924762927	687.8688501294
  0.0955000000	  0.9772986365	682.3643628611
  0.0965000000	  0.9296852135	671.8287488439
  0.1012000000	  1.0011888761	685.4949162492
  0.0980000000	  1.0264451008	678.5622269220
  0.1028000000	  1.0406983270	690.2772537780
  0.1010000000	  1.0095002030	695.7856099422
  0.1002000000	  0.9859650177	682.7871197429
  0.1019000000	  1.0438206214	689.3410562733
  0.1016000000	  1.0005242169	685.9640513735
  0.0937000000	  1.0078175502	675.7662367321
  0.0985000000	  0.9704682896	681.7959590032
  0.1024000000	  1.0317013495	692.7388084371
  0.1001000000	  1.0282049861	681.7498797743
  0.0996000000	  0.9743629865	682.2369364823
  0.0992000000	  0.9862689564	690.8259621901
  0.0995000000	  1.0314945839	682.4388570823
  0.0996000000	  1.0262442271	678.4373879419
  0.0992000000	  0.9598027548	700.4184377269
  0.0999000000	  1.0191817336	691.1437791822
  0.0973000000	  0.9720179956	693.9320042775
  0.1015000000	  0.9845061210	682.4876323565
  0.0999000000	  1.0052152787	693.6664645694
  0.1000000000	  0.9763489988	686.5781427986
  0.1000000000	  0.9827176415	689.4455564497
  0.1002000000	  0.9984137822	693.2165501463
  0.0987000000	  0.9976986365	681.7830223267
  0.0990000000	  0.9897733044	695.4907491064
  0.0979000000	  0.9765613468	681.7023105834
  0.1006000000	  1.0186639607	694.4518587795
  0.1017000000	  1.0598659581	694.0870268328
  0.0957000000	  0.9823041617	680.6541428373
  0.1028000000	  1.0260413579	689.8672059414
  0.0980000000	  1.0318740633	684.5890575724
  0.1034000000	  1.0467406334	691.3737873339
  0.1031000000	  0.9706464622	689.8051652983
  0.0954000000	  0.9715050375	669.5412140700
  0.0976000000	  0.9663115159	685.6681072943
  0.1016000000	  0.9874585680	687.3574246338
  0.0985000000	  0.9567732925	678.4553745563
  0.0982000000	  1.0040589139	688.9268716216
  0.0951000000	  0.9677086000	685.4330781674
  0.1031000000	  1.0043045522	687.5948735952
  0.0968000000	  0.9970538074	685.2090169306
  0.0980000000	  0.9900818387	678.9994161283
  0.0993000000	  1.0170627060	692.4509911012
  0.0955000000	  0.9777034018	679.3239783124
  0.1035000000	  1.0210699154	685.1955064048
  0.0992000000	  1.0034336346	698.0067520936
  0.0965000000	  0.9637204648	673.2462220312
  0.0998000000	  1.0181385006	694.5809770531
  0.0977000000	  0.9895185849	679.6661752714
  0.0995000000	  1.0059687901	681.5771525486
  0.0979000000	  1.0448169312	686.4048135136
  0.0995000000	  0.9919737891	684.6217646332
  0.0982000000	  0.9957910430	689.8103355113
  0.1035000000	  0.9985066020	690.2397588673
  0.1023000000	  1.0048804113	686.6407291692
  0.1007000000	  1.0033971664	695.7367377001
  0.1021000000	  1.0403694839	678.2378071979
  0.0998000000	  1.0383449688	693.5452370224
  0.1029000000	  1.0091353743	693.8347073232
  0.1007000000	  1.0058163586	689.2078355290
  0.1009000000	  1.0490377667	689.1251705060
  0.1006000000	  1.0262005841	688.1803319768
  0.0998000000	  1.0314433603	693.8384221885
  0.0969000000	  0.9786963897	686.1086151836
  0.0990000000	  1.0294633164	692.1798829493
  0.0974000000	  0.9906776446	690.3083603854
  0.1021000000	  1.0203638196	691.2916096565
  0.1036000000	  0.9884030963	677.9216103404
  0.1001000000	  0.9782872819	683.6397650464
  0.0999000000	  0.9476225961	679.0030250344
  0.0916000000	  0.9353066296	667.0744434819
  0.1018000000	  1.0314153463	697.0372777711
  0.0981000000	  0.9605912216	688.1393070217
  0.0977000000	  0.9922649072	678.4602612473
  0.0980000000	  1.0029107202	698.2653077146
  0.1005000000	  1.0153431108	689.9232461135
  0.1003000000	  0.9792798602	683.5734227533
  0.0983000000	  1.0130066638	697.4836231497
  0.0998000000	  0.9984333004	693.9770415040
  0.1033000000	  1.0801832392	696.5229722880
  0.1003000000	  0.9855839622	684.2516342069
  0.0996000000	  0.9929772829	692.1466286075
  0.1013000000	  1.0094390197	688.9537668201
  0.1018000000	  1.0055838069	689.8248747205
  0.0965000000	  1.0075118537	682.9180966278
  0.1027000000	  1.0350761805	696.4080639174
  0.0976000000	  0.9708859599	673.5789957433
  0.0994000000	  1.0101866563	696.1196487889
  0.0996000000	  1.0610627825	691.6901297108
  0.1025000000	  1.0432416026	688.2945647105
  0.0996000000	  1.0399267965	683.5677627269
  0.0958000000	  0.9782583859	689.5966779561
  0.0985000000	  0.9872952508	682.3571845955
  0.1019000000	  0.9775684770	677.8585179529
  0.1000000000	  1.0214913645	687.4727558733
  0.0996000000	  1.0163067135	690.6279102795
  0.1011000000	  1.0009897354	679.1112688058
  0.0958000000	  0.9718108381	675.4628506187
  0.1002000000	  1.0581547776	685.5493548848
  0.0978000000	  0.9628249494	685.5444305946
  0.0976000000	  0.9767826351	685.3229080904
  0.0996000000	  1.0493713427	686.7896544790
  0.1043000000	  1.0593073034	694.1996190039
  0.1005000000	  0.9783475467	686.7886635366
  0.1001000000	  0.9986287129	688.5760449850
  0.0967000000	  0.9603350481	696.6334822441
  0.1022000000	  0.9779965429	700.0477958960
  0.1022000000	  1.0264855214	679.2673564746
  0.0979000000	  0.9517059564	684.1732459551
  0.1003000000	  0.9597539496	680.8338462229
  0.0982000000	  0.9098206815	676.2348666693
  0.0983000000	  1.0217054789	688.7821316429
  0.1006000000	  0.9972222663	686.5002082471
  0.1042000000	  1.0750284017	703.4780457625
  0.1009000000	  0.9799471452	692.0304906459
  0.1016000000	  1.0531556417	682.4568217512
  0.0996000000	  1.0005532412	677.8177728088
  0.0988000000	  0.9861278409	679.9499124794
  0.1018000000	  0.9712591639	682.3603119714
  0.1052000000	  1.0586163846	703.3802641463
  0.1002000000	  0.9636896652	688.2282270945
  0.1007000000	  0.9763058552	688.5038349062
  0.0997000000	  0.9886506819	693.3226008990
  0.0960000000	  0.9749401283	687.7502359853
  0.1021000000	  1.0542488664	689.1244120170
  0.1070000000	  1.0218452074	684.4852196336
  0.0972000000	  0.9627029784	677.5126543642
  0.0991000000	  0.9779358634	692.4567907466
  0.0986000000	  0.9989670309	684.7903483195
  0.0978000000	  0.9858440249	681.8422314173
  0.1002000000	  1.0369258129	686.4987661635
  0.1024000000	  1.0132934624	685.7851192140
  0.1025000000	  1.0132346100	687.1317933826
  0.1001000000	  0.9895273900	687.7839401602
  0.0990000000	  1.0457490931	694.4551315612
  0.0982000000	  0.9750053483	688.7353958369
  0.0992000000	  0.9811857825	683.9935773320
  0.1007000000	  1.0026979567	685.3380110934
  0.0994000000	  1.0387487362	684.2659890373
  0.0991000000	  0.9665344157	682.6890132877
  0.1013000000	  1.0564085333	693.9126911673
  0.1035000000	  1.0365883593	683.7219191061
  0.1013000000	  1.0119757218	687.6676977817
  0.1016000000	  1.0433957075	691.4978716757
  0.0998000000	  1.0059933676	692.1002513396
  0.0992000000	  1.0326100787	690.3909454160
  0.0985000000	  0.9705254244	691.2754820973
  0.1020000000	  1.0120688857	689.3272464473
  0.1039000000	  1.0485449165	688.4939549462
  0.1029000000	  1.0491821625	689.1187530887
  0.1010000000	  1.0193427903	694.6931395618
  0.1005000000	  0.9598706189	685.5663275746
  0.0972000000	  0.9573262731	678.7490099034
  0.0988000000	  0.9950287225	678.4214686859
  0.0982000000	  0.9957933803	680.4019776506
  0.1003000000	  0.9917559962	682.3205454113
  0.0925000000	  0.9801517301	680.2437514562
  0.1019000000	  0.9934258316	690.3741482689
  0.0984000000	  1.0214270862	691.1104501807
  0.1017000000	  0.9804825264	689.0877728782
  0.1012000000	  0.9849934780	690.7648031856
  0.0983000000	  0.9626667748	676.4673432532
  0.1019000000	  1.0283902743	702.4556860750
  0.1003000000	  1.0252091516	681.0655610321
  0.0997000000	  0.9538066099	687.3870726055
  0.1010000000	  1.0442484449	687.4216940252
  0.1020000000	  1.0165862736	693.2468359876
  0.0984000000	  0.9808132907	687.6631486248
  0.1032000000	  1.0208748574	694.8900651077
  0.1023000000	  1.0142365841	690.7767905031
  0.0986000000	  1.0316538036	696.6125544341
  0.1011000000	  0.9660136951	676.4772838663
  0.1001000000	  1.0468895411	697.0570600979
  0.1025000000	  1.0686406832	687.1981822761
  0.0987000000	  0.9326358232	685.0580129752
  0.0959000000	  0.9592555703	674.9578479739
  0.1008000000	  1.0058318064	688.0056959698
  0.1040000000	  1.0114579711	699.0479614621
  0.0985000000	  1.0153197683	684.6935911430
  0.1008000000	  1.0545435598	692.5025906559
  0.1012000000	  1.0105930625	683.4459829202
  0.0990000000	  1.0170223444	672.9181773710
  0.0970000000	  0.9880875246	679.8639038236
  0.0998000000	  0.9816385212	676.9553076535
  0.1022000000	  0.9751889948	686.4830556093
  0.0982000000	  0.9645370302	682.8232924888
  0.0979000000	  0.9786104564	683.5437818901
  0.1055000000	  1.0263669076	689.6114088476
  0.1000000000	  1.0035947091	681.7475963302
  0.1015000000	  0.9966112310	688.3992209535
  0.1013000000	  0.9810181753	676.3288169690
  0.0999000000	  1.0107159311	692.3350489604
  0.0981000000	  0.9392330430	675.9280450078
  0.0983000000	  0.9929510989	692.1907754177
  0.1034000000	  1.0383269890	696.9339100478
  0.1018000000	  1.0077415178	681.5676950152
  0.0972000000	  0.9361426272	683.1878505827
  0.1042000000	  1.0217261948	694.9882175898
  0.1007000000	  1.0147438373	698.9352769643
  0.0976000000	  1.0291643546	685.7284432672
  0.0969000000	  0.9379060197	682.3416658760
  0.0983000000	  0.9948353472	684.1343988058
  0.1009000000	  0.9604276008	679.8300477639
  0.0987000000	  0.9625273308	679.3738649140
  0.0999000000	  1.0096154082	680.3870136341
  0.1011000000	  1.0065167666	684.1673884503
  0.0964000000	  0.9791537153	686.7962288730
  0.1032000000	  0.9758702310	691.1988155076
  0.0993000000	  1.0187785023	688.0067847775
  0.0995000000	  0.9668531584	671.1558677352
  0.0999000000	  0.9796887488	684.6052876995
  0.0995000000	  0.9926710860	685.1467337427
  0.1028000000	  0.9856484780	685.1291035065
  0.0992000000	  1.0324136360	688.4600031373
  0.0999000000	  1.0271863205	690.9376658673
  0.0965000000	  0.9710416018	683.8722639872
  0.1015000000	  0.9810904495	685.2035173145
  0.0999000000	  1.0107408374	678.3901765545
  0.0965000000	  1.0013074380	678.4660545529
  0.0965000000	  0.9729098190	674.7099647704
  0.1029000000	  0.9947978755	683.7241104710
  0.1029000000	  1.0253243995	689.9855892761
  0.1003000000	  0.9608871453	681.2950662251
  0.1013000000	  0.9984389142	692.7226037096
  0.0980000000	  0.9681928931	680.3780147471
  0.1041000000	  1.0187017508	682.3536993803
  0.0951000000	  0.9713238068	674.6880406622
  0.1038000000	  1.0270865091	694.9445999293
  0.0997000000	  1.0147756242	688.4550590151
  0.1036000000	  1.0132538372	691.4651912740
  0.0986000000	  1.0487362694	683.5535677089
  0.1025000000	  1.0019542261	681.3159599700
  0.1008000000	  1.0274909404	677.8277851415
  0.1007000000	  0.9991515452	695.9465026933
  0.0979000000	  0.9877174577	681.8806447821
  0.1001000000	  1.0136628726	686.5094914601
  0.0979000000	  0.9216699094	683.0486656366
  0.1019000000	  1.0136577212	677.8828789716
  0.1026000000	  1.0253210514	687.4559796554
  0.1031000000	  1.0764544708	697.0484416603
  0.0987000000	  0.9795643706	680.0704098792
  0.1029000000	  0.9944221881	688.0136337743
  0.0978000000	  1.0073394103	691.9262652493
  0.1026000000	  1.0317685085	691.8029971809
  0.1000000000	  1.0004302305	681.5330777977
  0.0980000000	  0.9998219158	677.1108646265
  0.1007000000	  0.9585469673	683.5748060385
  0.1006000000	  1.0009606317	692.9756655417
  0.1000000000	  0.9950221040	697.3613900572
  0.1021000000	  0.9860815001	691.1054490609
  0.1016000000	  1.0456704690	693.4900399563
  0.1027000000	  1.0286822811	688.8922359922
  0.0976000000	  1.0041535925	691.7754545279
  0.0993000000	  0.9208518820	676.1998463745
  0.0985000000	  0.9787774223	675.3467931364
  0.0965000000	  0.9537228230	673.4961468800
  0.1017000000	  1.0240750976	693.4243205480
  0.0967000000	  0.9374287333	692.4038949001
  0.1049000000	  1.0567848719	696.9613146027
  0.1025000000	  1.0400836633	695.0912993163
  0.0987000000	  1.0103930397	687.7805647163
  0.1032000000	  1.0739938310	689.8000073160
  0.1004000000	  1.0500120332	691.6031116789
  0.1011000000	  0.9781695772	683.9842435167
  0.0967000000	  0.9515979604	681.9833178908
  0.0978000000	  0.9846122173	691.0951455103
  0.0944000000	  0.9551537141	682.8208178827
  0.1011000000	  1.0001659109	682.6451614189
  0.0977000000	  0.9217987065	675.8044655201
  0.1039000000	  1.0507971356	691.0413875205
  0.1019000000	  0.9995281073	687.4884673853
  0.0977000000	  0.9969681972	695.1364678670
  0.1006000000	  0.9968352678	685.7063540776
  0.0971000000	  0.9926405697	686.5616240023
  0.1014000000	  1.0031043120	688.8755195658
  0.1007000000	  0.9953377734	686.9910556701
  0.1016000000	  1.0273164726	685.9237181213
  0.0972000000	  0.9901546114	680.1913978315
  0.0990000000	  1.0109887304	689.1312703733
  0.0972000000	  0.9855460842	681.8557149590
  0.0999000000	  0.9825143764	688.4581341503
  0.0975000000	  0.9831791703	673.1525310594
  0.0976000000	  1.0292134830	679.8796327462
  0.1029000000	  1.0455206360	690.9666743861
  0.1012000000	  1.0316559025	684.0166309855
  0.0995000000	  1.0075715290	683.9166071878
  0.1014000000	  1.0359067153	689.9398237602
  0.1002000000	  0.9991703419	686.2100574794
  0.0988000000	  1.0046756430	686.1316896086
  0.1019000000	  0.9918471204	695.6544779921
  0.1030000000	  0.9926727634	684.1624534233
  0.1012000000	  0.9757466757	685.7114300961
  0.1013000000	  0.9939584073	687.9413164007
  0.1005000000	  1.0220810786	689.1534258084
  0.1017000000	  0.9826952783	694.9328746081
  0.0998000000	  0.9711415045	675.6282877605
  0.0973000000	  1.0135877725	680.2577013757
  0.1018000000	  1.0773578794	701.9538016910
  0.0991000000	  0.9811264881	688.0770202019
  0.0994000000	  0.9577069621	682.4244968816
  0.1035000000	  1.0795793312	693.3138901655
  0.1036000000	  0.9903462529	697.7956438411
  0.1026000000	  1.0171722314	691.2757984689
  0.1001000000	  1.0055533081	689.0266546114
  0.1019000000	  1.0369393160	692.8174832813
  0.1030000000	  0.9841588579	689.2952578196
  0.0998000000	  0.9713678568	688.0461350671
  0.0973000000	  0.9681722631	676.4915057394
  0.0993000000	  0.9551272917	686.5817818938
  0.1040000000	  1.0024613597	682.0902416608
  0.0979000000	  0.9678591554	681.6166417468
  0.0992000000	  0.9995314735	684.6465484257
  0.1050000000	  1.0183714661	689.1168210116
  0.0985000000	  0.9921908086	680.2576390151
  0.0999000000	  0.9989216346	685.5930841456
  0.1029000000	  1.0083927700	688.6715457536
  0.1038000000	  1.0240302643	694.1966313656
  0.1032000000	  1.0425924926	689.9496723795
  0.1002000000	  1.0004790931	685.9715113480
  0.1009000000	  1.0445815011	695.9650153228
  0.1001000000	  0.9853579637	679.3039489445
  0.1007000000	  1.0294350661	690.3825417279
  0.0975000000	  0.9391356010	683.9200708789
  0.0992000000	  1.0023165170	697.9007407482
  0.0974000000	  0.9624745119	672.6173791115
  0.1005000000	  1.0029739812	692.1417840070
  0.0962000000	  0.9832434233	694.9729000465
  0.0994000000	  0.9855725694	675.6987561706
  0.1043000000	  1.0275258102	693.7999687351
  0.1002000000	  1.0076734140	688.6306717906
  0.0993000000	  1.0156638367	683.8694304172
  0.0977000000	  0.9637913988	688.7195275605
  0.1044000000	  1.0969658517	711.4301188514
  0.0995000000	  0.9908940745	690.0055001809
  0.0983000000	  1.0071170361	691.0870663516
  0.1035000000	  1.0461250870	694.2217938482
  0.0997000000	  1.0325170792	678.5396171538
  0.1002000000	  0.9569213471	695.8536274079
  0.1005000000	  1.0049968282	694.2062039517
  0.0989000000	  1.0062590153	688.2335779480
  0.0993000000	  0.9565647623	677.0819564686
  0.0977000000	  1.0319557987	677.8371237976
  0.0982000000	  0.9799884306	671.3365656084
  0.0994000000	  0.9596344082	688.1087086793
  0.0991000000	  0.9645083120	679.3567335564
  0.0955000000	  0.9188206391	676.4357677268
  0.0958000000	  0.9572520843	685.6309632525
  0.1005000000	  1.0140377106	680.3148944705
  0.0982000000	  0.9549298090	686.4658576463
  0.1026000000	  1.0556323641	704.6626327780
  0.1001000000	  0.9735292656	684.4754834732
  0.0997000000	  0.9848845138	679.4938109180
  0.1019000000	  1.0009877204	699.2324715356
  0.0961000000	  0.9628700968	678.1239602678
  0.0961000000	  1.0029521295	674.7319727907
  0.0971000000	  1.0286284631	686.0589062971
  0.0941000000	  0.9748652423	676.7358211524
  0.1009000000	  1.0292822895	678.9408584601
  0.1014000000	  1.0092555392	696.0536388043
  0.1038000000	  1.0425406136	689.0417358504
  0.0981000000	  1.0050837740	681.4003309455
  0.0985000000	  0.9399272826	687.4963658044
  0.0986000000	  0.9824451363	696.8007548665
  0.0998000000	  0.9705782997	680.4352183616
  0.1000000000	  0.9786427041	675.0123853589
  0.0997000000	  1.0142541314	686.8854134821
  0.1010000000	  1.0190994857	688.1647492914
