  0.0992000000	  0.9487383353	691.2842588345
  0.0992000000	  0.9487383353	691.2842588345
  0.0989000000	  0.9789903578	682.6806776832
  0.1077000000	  1.0842572119	698.0503424380
  0.1012000000	  1.0164542317	691.0623527868
  0.0996000000	  0.9795685371	685.4535602252
  0.1024000000	  1.0470793260	691.1463351643
  0.1028000000	  1.0119144430	700.8176052814
  0.0967000000	  0.9880009259	694.3366779780
  0.1027000000	  1.0529572482	693.7592515512
  0.0987000000	  0.9808582376	688.7981781100
  0.1035000000	  1.0282216397	692.7427817235
  0.1006000000	  1.0351574614	697.4790211803
  0.1035000000	  1.0650768638	696.2404890180
  0.1017000000	  0.9899211210	684.8236758260
  0.1013000000	  1.0465674040	688.7197343378
  0.1043000000	  1.0204551880	694.4372115512
  0.0976000000	  0.9810267239	675.2296905384
  0.1022000000	  1.0488259785	693.6295056532
  0.1003000000	  1.0135830421	681.5150392215
  0.0995000000	  0.9890134705	681.5049409877
  0.0981000000	  0.9252960486	679.4503538241
  0.1004000000	  0.9875333139	690.6909634833
  0.0977000000	  1.0083058947	691.8147939901
  0.1008000000	  1.0082074536	687.0175783883
  0.1044000000	  1.0156559273	689.3720210111
  0.0961000000	  0.9750871396	678.8808563571
  0.1044000000	  1.0365724602	699.1832923419
  0.0986000000	  0.9700202419	683.9922379079
  0.1024000000	  1.0453528161	695.1482518119
  0.0983000000	  0.9659658655	675.9035144341
  0.1012000000	  1.0253562152	693.5749530831
  0.1031000000	  1.0083995998	698.1893999728
  0.1009000000	  0.9445272318	681.2718001073
  0.0964000000	  0.9812627755	670.6091714277
  0.1002000000	  1.0430947474	692.3176428596
  0.0984000000	  1.0146000074	686.5531806823
  0.1037000000	  1.0567208901	688.1259378509
  0.0969000000	  0.9986118035	680.1835396763
  0.0958000000	  0.9424830188	680.6653475151
  0.1025000000	  1.0078916510	696.3844241979
  0.0971000000	  0.9643985561	688.2844582206
  0.0976000000	  0.9719284789	682.0152456132
  0.0994000000	  1.0023745538	688.8219105683
  0.1021000000	  1.0312382304	693.1964113706
  0.1055000000	  1.0786972140	692.6138662783
  0.1018000000	  1.0046254868	696.2343868834
  0.1017000000	  0.9714353437	689.7220680272
  0.0985000000	  0.9782982679	683.3972340306
  0.1003000000	  0.9589606928	689.2974326087
  0.1010000000	  0.9673770739	688.8552694402
  0.1026000000	  0.9940903510	685.0477704687
  0.0965000000	  1.0016049155	682.2511754236
  0.0994000000	  1.0333445815	683.9319066890
  0.1003000000	  1.0163838779	682.4244732207
  0.0949000000	  0.9510989417	676.4363845577
  0.0974000000	  0.9458682517	676.4982908784
  0.1017000000	  0.9864303561	687.5029081468
  0.1019000000	  0.9897234080	690.6942908889
  0.0962000000	  0.9662304978	677.5342814857
  0.1033000000	  1.0548872765	693.1588254983
  0.1027000000	  1.0172800320	696.1300238638
  0.1005000000	  1.0145170728	696.6394843993
  0.0987000000	  1.0142191075	693.3334436056
  0.1017000000	  1.0223167481	691.1128291689
  0.0958000000	  0.9474983579	693.4561417843
  0.0980000000	  0.9772476338	679.1469758476
  0.0975000000	  0.9726785790	677.3341771625
  0.1009000000	  1.0249373201	686.4909323035
  0.1005000000	  0.9969772321	679.1820056397
  0.0990000000	  1.0017818659	695.9930370135
  0.0990000000	  0.9673059910	697.5058944066
  0.1013000000	  0.9928658208	692.8985346453
  0.1020000000	  0.9930551289	689.8528335591
  0.1014000000	  1.0276274801	688.5791843139
  0.1010000000	  1.0039869908	685.4253778963
  0.0995000000	  0.9877239938	689.0830363536
  0.0991000000	  0.9797882025	675.9930487714
  0.1029000000	  1.0341835919	691.4542141754
  0.1002000000	  0.9969046946	689.5235547474
  0.0985000000	  1.0106432773	685.5438772354
  0.1003000000	  1.0014717124	684.3228967656
  0.0985000000	  0.9597841067	685.8538829564
  0.0985000000	  1.0123005679	692.8452799108
  0.1009000000	  1.0035803597	698.6796960917
  0.1012000000	  0.9691557954	682.2478079643
  0.1010000000	  1.0011222176	688.9706187066
  0.1028000000	  1.0598830082	693.7087186893
  0.0997000000	  0.9826970439	687.3576312730
  0.0954000000	  0.9392987235	676.3986570482
  0.0997000000	  0.9888548728	680.1534048624
  0.1000000000	  0.9942917824	681.7202348475
  0.0979000000	  0.9942745048	689.4219686479
  0.0974000000	  0.9954761477	682.5895501269
  0.0974000000	  0.9901075380	683.2806386063
  0.0981000000	  1.0134362360	695.6065294470
  0.1008000000	  0.9990368053	681.6812038737
  0.1012000000	  1.0122675028	689.1686352449
  0.0995000000	  0.9894515668	681.9507238713
  0.0982000000	  0.9691338372	678.7373087008
  0.1032000000	  0.9924462271	677.7094145124
  0.1035000000	  1.0479933134	696.7299672794
  0.1029000000	  1.0322903215	699.8928870492
  0.0988000000	  0.9680501395	673.7693584425
  0.1017000000	  0.9996806937	682.4032429079
  0.0997000000	  1.0189964920	686.7591912383
  0.1000000000	  1.0004449965	690.4285099656
  0.1043000000	  0.9989839285	679.2453054551
  0.0994000000	  0.9831575313	679.9741681425
  0.0996000000	  1.0162364352	685.3782136434
  0.0994000000	  1.0231534569	677.3018985058
  0.1006000000	  1.0385904912	686.2830834144
  0.0962000000	  0.9336816051	673.6511568156
  0.0975000000	  1.0005922524	683.5977083708
  0.0968000000	  1.0283342086	682.2113079029
  0.1029000000	  1.0377430936	684.7601674173
  0.1006000000	  1.0084663056	687.3298204976
  0.0991000000	  0.9951695884	672.9401128353
  0.0993000000	  1.0048429884	687.6141051099
  0.1011000000	  1.0109432640	688.3988439897
  0.0997000000	  0.9851988837	689.0766962473
  0.0974000000	  0.9926432434	687.4350493820
  0.1011000000	  0.9910751902	691.9331719489
  0.1003000000	  0.9977834555	685.8797550614
  0.1028000000	  1.0058591899	693.6524985321
  0.0983000000	  0.9412103850	682.8507533951
  0.0993000000	  0.9699861698	680.0809438657
  0.1007000000	  0.9895199836	681.7600851751
  0.1015000000	  0.9681148118	687.7640436724
  0.0992000000	  1.0042622293	673.5400526509
  0.1022000000	  1.0378865016	697.5425012042
  0.1028000000	  1.0165269583	692.2719905927
  0.1034000000	  1.0127545519	673.3432285539
  0.1004000000	  0.9726204008	677.2127979518
  0.0976000000	  0.9763294124	690.0111462134
  0.0978000000	  0.9826372786	686.7519514035
  0.0972000000	  1.0300163837	682.2617075462
  0.0991000000	  1.0134063857	680.7208382524
  0.1011000000	  1.0301091145	691.1326278940
  0.1036000000	  1.0139234951	683.9637813741
  0.0964000000	  1.0104522793	693.5540218433
  0.0997000000	  0.9975212105	685.1938277555
  0.1020000000	  1.0290582843	682.8999332509
  0.0993000000	  0.9805793508	673.9049081744
  0.0998000000	  0.9384005479	674.3807183674
  0.0972000000	  0.9820857017	683.8045231810
  0.0991000000	  0.9641733762	687.7940377201
  0.0995000000	  1.0147395178	689.8013835533
  0.1014000000	  1.0271384790	689.4380378525
  0.0975000000	  0.9896671308	688.8690632556
  0.0999000000	  0.9823205676	686.3849125115
  0.0975000000	  0.9474709994	683.5416466764
  0.1036000000	  1.0060421077	691.4570102918
  0.1013000000	  1.0102390792	676.5362413602
  0.0941000000	  0.9648456647	671.8286397346
  0.0969000000	  0.9548932700	673.4628736176
  0.0984000000	  0.9904851799	694.2275426143
  0.0966000000	  0.9646683717	680.2355997637
  0.0999000000	  1.0259349174	677.5562860551
  0.0996000000	  0.9908133815	686.5749498205
  0.0963000000	  1.0091227889	686.3441587422
  0.1024000000	  1.0268721696	687.9096793321
  0.0990000000	  0.9814069496	693.4198930366
  0.0996000000	  0.9941766082	687.1351391298
  0.1017000000	  0.9544072692	678.0267471772
  0.0986000000	  0.9789627359	691.4325599151
  0.0971000000	  0.9345668623	670.6551899237
  0.0998000000	  0.9967026877	680.7154831775
  0.1027000000	  1.0348365830	689.8190691565
  0.0952000000	  0.9844350782	688.4682630021
  0.1006000000	  0.9682009337	686.9091832940
  0.0982000000	  1.0172433580	681.2843133684
  0.1047000000	  1.0250969122	695.0135572768
  0.1014000000	  1.0029066728	693.2343350202
  0.1047000000	  1.0032946025	690.6854343981
  0.0995000000	  1.0438361343	690.2050217819
  0.0980000000	  1.0065592628	686.1795924641
  0.0980000000	  0.9533602329	677.2102408123
  0.0987000000	  0.9950556899	684.6772842194
  0.1006000000	  1.0185335818	688.8133558767
  0.0997000000	  0.9850521019	687.0086101545
  0.1002000000	  0.9981705445	691.9775686474
  0.0985000000	  0.9832772468	690.3411033397
  0.1014000000	  1.0050070546	687.9394604659
  0.0961000000	  0.9572510576	678.2667844469
  0.1040000000	  1.0092288916	687.5179125820
  0.0976000000	  0.9948076905	684.8964716660
  0.1002000000	  0.9579859104	677.4514343102
  0.1012000000	  1.0229860361	694.3679556573
  0.0997000000	  0.9985915238	686.8591469306
  0.0996000000	  1.0130782246	680.1143693275
  0.0976000000	  1.0175734103	676.8482169533
  0.0996000000	  1.0117664801	682.3610832441
  0.0989000000	  0.9387269271	676.9789918459
  0.1014000000	  1.0020019018	697.5066644969
  0.0999000000	  1.0376376608	691.5897385461
  0.0985000000	  1.0098560977	677.9992666755
  0.1016000000	  1.0271346248	685.6133685066
  0.1022000000	  1.0220251464	681.3357834958
  0.0985000000	  1.0353448599	684.8411459380
  0.1033000000	  1.0285035230	689.9616874997
  0.0985000000	  0.9612075026	679.4676105157
  0.0998000000	  1.0182468467	703.0569344706
  0.1014000000	  1.0170914256	686.9196314842
  0.1024000000	  1.0205361817	699.6116022240
  0.0972000000	  0.9570401313	687.9358015817
  0.0999000000	  1.0464642795	691.7549693832
  0.1014000000	  1.0172026632	685.8059680752
  0.1011000000	  1.0379315568	690.1593448279
  0.1024000000	  0.9988573773	695.3128627115
  0.1045000000	  1.0304844482	691.3789776419
  0.1045000000	  1.0357217382	685.3006596127
  0.0985000000	  0.9930900798	679.2963844598
  0.1012000000	  0.9412896447	684.4564606988
  0.1022000000	  0.9620389900	691.5227447338
  0.1037000000	  1.0298239544	692.0321200666
  0.0979000000	  0.9910076213	685.6964272906
  0.0973000000	  0.9816941428	684.3653739308
  0.1015000000	  1.0253372819	687.2732022326
  0.1013000000	  0.9884500965	685.9905851751
  0.0988000000	  0.9847410443	697.2516422043
  0.0983000000	  0.9725612312	682.7974424865
  0.1021000000	  1.0059039332	680.8164380769
  0.1007000000	  1.0351163451	695.4629898376
  0.1000000000	  1.0140950375	684.7946424026
  0.1006000000	  0.9978161285	691.3528962200
  0.0987000000	  1.0028942435	689.3279120263
  0.1000000000	  0.9884782852	682.0128424129
  0.1004000000	  0.9837020494	691.7643418009
  0.0983000000	  0.9676279274	674.1965146485
  0.1020000000	  1.0230812441	693.1821976360
  0.1019000000	  1.0274403551	684.0368140355
  0.1025000000	  1.0460855333	698.3595910690
  0.1020000000	  0.9934709850	679.3266370476
  0.1017000000	  1.0268970988	688.0142645716
  0.1016000000	  1.0116553291	691.9514179878
  0.1004000000	  1.0222343107	679.6051169498
  0.0952000000	  0.9765700878	688.8909098664
  0.1007000000	  1.0357242259	692.7235280971
  0.1012000000	  1.0223163318	695.0513652860
  0.1001000000	  1.0149734729	691.6257104208
  0.1015000000	  1.0262332972	689.9997671768
  0.1014000000	  1.0366340111	701.1192134838
  0.0983000000	  0.9896122937	680.8552316833
  0.0994000000	  0.9491531117	679.2946000487
  0.0977000000	  0.9725934380	677.9578231087
  0.0994000000	  1.0227614535	692.5269514239
  0.1015000000	  1.0163287301	683.4305226235
  0.1010000000	  1.0123684595	685.8862987464
  0.1011000000	  1.0094122411	691.5543852272
  0.0976000000	  0.9814771445	682.2818202921
  0.1000000000	  1.0019414602	677.5252447842
  0.1039000000	  1.0171533968	686.9941374727
  0.1022000000	  1.0089804245	685.9678586550
  0.1024000000	  0.9886113748	680.6026584904
  0.1066000000	  1.0340354911	686.8231203862
  0.0975000000	  1.0305955436	678.6480167998
  0.0965000000	  0.9982295230	680.7884850274
  0.0987000000	  0.9823451504	692.8717443633
  0.0987000000	  1.0317856229	680.7243455810
  0.1017000000	  1.0271344946	692.2160307793
  0.0996000000	  0.9923085993	690.1177244509
  0.1051000000	  1.0616031581	694.8282492980
  0.1000000000	  0.9843049336	685.8401327123
  0.1037000000	  0.9758081896	688.3097352020
  0.1002000000	  0.9939253676	692.2538415383
  0.0988000000	  0.9979741234	687.4453577981
  0.1018000000	  1.0098059677	681.5329090540
  0.0971000000	  0.9926564196	692.1906300822
  0.0971000000	  0.9733858052	677.4469748879
  0.1010000000	  0.9943106450	689.1072718401
  0.1061000000	  1.0432893355	701.6744945309
  0.0992000000	  1.0207679364	688.0637741664
  0.0991000000	  0.9997155755	688.8728968622
  0.0997000000	  0.9938764960	681.9130724998
  0.0996000000	  1.0093600428	687.6616884594
  0.1013000000	  0.9937119307	688.2179099319
  0.1068000000	  1.0502495977	694.9994838797
  0.0964000000	  0.9606550022	680.5380553672
  0.0969000000	  0.9590611790	683.2378137189
  0.0989000000	  0.9723125436	697.3257837080
  0.0998000000	  0.9828523478	684.7862587917
  0.0973000000	  0.9680587101	678.9333784746
  0.0997000000	  1.0038406657	691.0151561411
  0.0986000000	  1.0307778410	675.7736250001
  0.0984000000	  0.9856179506	671.7458753733
  0.1040000000	  1.0490187804	692.6902441812
  0.1038000000	  0.9932142355	692.1063884795
  0.1020000000	  1.0060713311	686.0206195792
  0.0978000000	  1.0111748864	688.9968198179
  0.1018000000	  1.0667721143	691.7298064069
  0.1004000000	  0.9845839740	684.2968315647
  0.0995000000	  1.0088516932	682.7557853995
  0.0985000000	  0.9333539471	672.2236251750
  0.0986000000	  0.9951427214	686.8653739648
  0.0993000000	  0.9794809925	692.9784435476
  0.1024000000	  0.9956683622	677.2771887861
  0.0980000000	  0.9608841402	681.0247088394
  0.1006000000	  1.0090177285	684.8127493327
  0.1019000000	  1.0537512399	695.3193627466
  0.1031000000	  0.9906316547	691.7273846505
  0.1004000000	  1.0005638245	698.3841282723
  0.1045000000	  1.0610252042	694.3884479206
  0.1001000000	  1.0201286054	691.8831383974
  0.0975000000	  1.0034924407	685.6830244495
  0.1009000000	  0.9846056778	689.3512723404
  0.1021000000	  1.0941414645	696.2988116979
  0.0978000000	  0.9949043529	676.8233246560
  0.1005000000	  0.9822818422	687.9403176495
  0.1017000000	  1.0232903681	685.0895571626
  0.0989000000	  0.9759724463	673.0527260097
  0.0982000000	  0.9698997809	687.5244895167
  0.1004000000	  0.9651789812	684.6438564410
  0.0974000000	  0.9808558794	684.8376149639
  0.1007000000	  1.0308702166	691.0160612731
  0.0996000000	  1.0182463182	682.8956108592
  0.0974000000	  0.9709607018	681.6803718844
  0.0977000000	  0.9736234714	687.0541706485
  0.1060000000	  1.0306068647	713.0747617211
  0.1027000000	  0.9907398452	695.2324384851
  0.1003000000	  1.0058866302	687.6663046845
  0.0991000000	  0.9789721674	680.1212750342
  0.0998000000	  0.9722692637	683.3754279557
  0.1027000000	  1.0377909925	689.9265911455
  0.1051000000	  1.0148712002	694.1388758113
  0.0980000000	  0.9838222316	683.3012613310
  0.0992000000	  0.9704539548	680.9026095839
  0.1019000000	  1.0039849032	680.6140254338
  0.0997000000	  0.9759984027	675.5590911559
  0.1008000000	  0.9971463997	675.5056437329
  0.1007000000	  0.9767380987	686.9523869701
  0.1010000000	  0.9666353974	677.5018503300
  0.0998000000	  1.0266399771	688.9326823028
  0.1011000000	  1.0608457857	688.8074633929
  0.0987000000	  1.0352669225	684.7881620649
  0.1040000000	  1.0439362395	691.8020628049
  0.1020000000	  0.9617414144	685.0180760246
  0.0972000000	  0.9818756557	690.3753383565
  0.0976000000	  1.0041781257	678.0944773155
  0.0983000000	  1.0402919811	691.8084114034
  0.0992000000	  1.0045196953	692.9516793548
  0.0995000000	  0.9768577055	684.2852157284
  0.1004000000	  0.9997392768	685.7634753800
  0.1010000000	  1.0404995369	676.3269624976
  0.0976000000	  0.9933771790	679.1652902376
  0.1043000000	  1.0383790252	698.8488426913
  0.1008000000	  1.0041577315	694.0966008506
  0.1026000000	  1.0331621954	676.3283274850
  0.0974000000	  0.9781826055	672.8988681673
  0.0968000000	  0.9437605599	690.1117236562
  0.1003000000	  1.0111611912	685.3352769485
  0.0995000000	  0.9942904252	691.0819866661
  0.1010000000	  1.0056078031	702.1566410990
  0.1002000000	  1.0087841388	698.5495795167
  0.0994000000	  1.0168056262	697.7232080086
  0.1030000000	  1.0612464527	688.7130192890
  0.1028000000	  0.9975152491	691.5804078185
  0.0991000000	  1.0164985008	689.3407421452
  0.1026000000	  0.9835157418	680.2563966815
  0.0989000000	  1.0436337666	684.0614534295
  0.1011000000	  1.0233270314	685.8007739778
  0.1008000000	  1.0212626734	689.2242251847
  0.1017000000	  1.0374800079	689.3513264672
  0.0992000000	  0.9469863640	679.9645134659
  0.1018000000	  1.0408668840	692.9017777910
  0.1000000000	  1.0274095134	687.1851502819
  0.0985000000	  0.9780251496	680.4671357031
  0.0987000000	  0.9677801853	675.6199986952
  0.0984000000	  1.0281913256	679.1031943110
  0.1013000000	  1.0306905367	686.8539968984
  0.1002000000	  1.0012847762	676.0529697167
  0.1025000000	  0.9938048054	690.5079131342
  0.0957000000	  0.9709654415	670.6155229908
  0.1021000000	  0.9873045621	677.4081091842
  0.0986000000	  0.9662997065	687.4403112047
  0.1001000000	  1.0228335373	696.5178216213
  0.0965000000	  0.9665540203	691.7664821734
  0.0968000000	  0.9871098131	678.5738255791
  0.1024000000	  0.9798867577	694.3073805875
  0.0958000000	  0.9615611270	685.1398916970
  0.0965000000	  0.9491565160	678.2007927575
  0.1021000000	  1.0541359650	687.5270498976
  0.1016000000	  0.9909655239	677.4261671297
  0.1023000000	  1.0161125078	697.9352467234
  0.0995000000	  1.0314753186	693.3231256763
  0.1003000000	  0.9594413804	680.4799771591
  0.1018000000	  0.9653808382	694.3144747919
  0.0990000000	  0.9588900027	675.0866178595
  0.1020000000	  1.0050006217	698.2289012492
  0.1007000000	  1.0113630887	683.7248282049
  0.1013000000	  1.0157611671	697.2010093444
  0.0998000000	  1.0358808647	697.4532538925
  0.1003000000	  0.9895705920	685.8661048367
  0.0988000000	  0.9976850975	689.6065047497
  0.0994000000	  0.9734714908	693.8063437600
  0.0994000000	  0.9941616119	683.4221519454
  0.0982000000	  0.9895113294	678.0151247236
  0.0986000000	  1.0500960001	690.3920271852
  0.0992000000	  0.9913882679	681.1719231719
  0.0953000000	  0.9701761485	680.4899116791
  0.1024000000	  1.0195446251	685.9385791342
  0.0966000000	  1.0101799441	695.0041485567
  0.1060000000	  1.1026754235	700.6296348084
  0.0994000000	  1.0360273428	680.6878459984
  0.0995000000	  0.9979038054	683.5708070688
  0.1018000000	  0.9760572831	689.5704287286
  0.0985000000	  0.9905608956	688.2413959144
  0.1028000000	  1.0232245722	690.2427954349
  0.0968000000	  0.9573031833	689.0810781528
  0.0991000000	  0.9737954859	685.2988486728
  0.0988000000	  1.0100479319	686.6485448851
  0.1003000000	  1.0192635111	678.5277905367
  0.0962000000	  0.9913512073	675.1140709665
  0.0979000000	  1.0283546072	688.2744591992
  0.0979000000	  0.9993718859	679.8420963429
  0.1036000000	  1.0500424815	693.3675450259
  0.1001000000	  0.9959420291	692.4449935618
  0.0975000000	  1.0230917095	694.2984062683
  0.1029000000	  0.9910155224	686.4823525231
  0.0982000000	  1.0086775181	682.7049386254
  0.1021000000	  1.0330956057	688.3748149757
  0.1025000000	  0.9893296098	699.5579901093
  0.0969000000	  0.9709369001	677.7761104384
  0.0990000000	  0.9551351252	678.3136466475
  0.0973000000	  1.0274717797	686.5288858163
  0.1004000000	  1.0191642752	682.7585966223
  0.1036000000	  1.0183353688	688.4532549504
  0.0967000000	  0.9599002540	686.4512491735
  0.1012000000	  1.0160666153	687.5161339231
  0.1005000000	  1.0376979315	687.2998859338
  0.1013000000	  0.9795371535	689.4758977073
  0.1021000000	  1.0305490658	686.2106889744
  0.1008000000	  1.0429750703	697.2869606497
  0.0969000000	  0.9567378743	683.6715964247
  0.0977000000	  0.9229893372	674.1489498670
  0.0999000000	  0.9776110586	680.1424318458
  0.0970000000	  0.9726199815	668.6431765500
  0.1001000000	  1.0010858105	682.1280158641
  0.0994000000	  0.9948604985	688.1386058852
  0.1031000000	  1.0856965851	704.6447883772
  0.0977000000	  0.9569171299	684.1830045271
  0.1013000000	  0.9938070714	695.9059436923
  0.1027000000	  1.0181487310	687.4123441840
  0.1001000000	  0.9815399221	689.0999415819
  0.1013000000	  1.0094323718	688.0802226325
  0.0987000000	  0.9547623131	685.7972570962
  0.1022000000	  1.0314500132	684.2973247521
  0.0985000000	  0.9660142513	671.9191689686
  0.1012000000	  1.0277621220	694.4774753947
  0.0993000000	  1.0222966191	686.5315828217
  0.1024000000	  1.0274257583	701.1063752617
  0.1006000000	  0.9681682902	686.0487617538
  0.1008000000	  0.9883446079	681.2791018473
  0.0964000000	  0.9663565357	686.6626293472
  0.1028000000	  0.9808138463	691.4010397168
  0.0994000000	  1.0388962159	696.9656546504
  0.1006000000	  1.0126313557	687.3838927213
  0.0970000000	  1.0194081797	685.8212066371
  0.1012000000	  1.0001322043	683.5907675428
  0.1019000000	  1.0308288106	688.5130775946
  0.1018000000	  1.0273231354	692.7456199155
  0.0998000000	  0.9719191673	690.9095713790
  0.0987000000	  0.9803358447	685.0146756517
  0.1006000000	  0.9782023721	682.9480325617
  0.0991000000	  0.9691576895	675.4029923182
  0.0964000000	  0.9327497384	680.3756444937
  0.0991000000	  1.0066650906	678.1559738916
  0.0980000000	  0.9530900721	677.8202302124
  0.1032000000	  1.0292026680	688.4981741718
  0.1014000000	  1.0006221730	676.3127336899
  0.1010000000	  0.9868911597	692.7181993581
  0.0993000000	  1.0189282320	691.6532827434
  0.0978000000	  0.9854811634	694.0090490097
  0.1006000000	  0.9991491444	688.2223404886
  0.1014000000	  0.9489643867	691.4623942998
  0.1015000000	  1.0459660260	692.3742544308
  0.0996000000	  1.0266294133	679.8878959766
  0.0977000000	  0.9743120165	690.1945827302
  0.0990000000	  0.9839235670	674.6856422370
  0.1009000000	  1.0246109204	680.6445243169
  0.1035000000	  1.0568231717	686.1181940882
  0.1010000000	  0.9908187415	690.6913687016
  0.0962000000	  0.9759339397	678.3160574060
  0.0997000000	  0.9867296779	679.7105710572
  0.1055000000	  1.0455017317	686.8071025472
  0.0971000000	  0.9679381435	678.3432031230
  0.1032000000	  1.0201043713	696.0415631215
  0.1017000000	  1.0082453087	683.1648858741
  0.0954000000	  0.9566156537	684.9516996393
  0.1032000000	  1.0387577689	696.7764115056
  0.1003000000	  0.9981149658	681.1388651059
  0.1025000000	  1.0145955071	691.9419166905
  0.0998000000	  0.9745590810	690.1359269945
  0.1066000000	  1.0538100907	692.4449141402
  0.0992000000	  0.9758574714	692.9441655285
  0.1036000000	  1.0409198973	698.9773101929
  0.1031000000	  0.9688007949	686.9865416124
  0.0976000000	  1.0200129596	690.1464174854
  0.0996000000	  0.9910746216	694.8113751789
  0.0982000000	  1.0027026957	687.2124056409
  0.1003000000	  0.9971126527	687.6650295857
  0.0987000000	  0.9769220629	674.9959481519
  0.0997000000	  1.0034868320	681.1962650494
  0.1019000000	  0.9911985317	689.5076330825
  0.0967000000	  0.9609891832	677.4144569534
  0.1028000000	  0.9978037212	693.8392306800
  0.0974000000	  0.9631258302	677.2041193118
  0.0988000000	  0.9960607266	692.9610327198
  0.1039000000	  1.0150810085	699.1269240770
  0.0991000000	  0.9785304409	685.6576428515
  0.1001000000	  1.0074881982	686.1031113179
  0.0937000000	  0.9263987040	674.5274167713
  0.1026000000	  1.0265756840	691.2647307283
  0.0981000000	  0.9880542938	687.0060275288
  0.1005000000	  1.0084671448	683.2121805452
  0.1029000000	  1.0188695900	681.7981229345
  0.1022000000	  1.0301449875	684.0840311398
  0.0993000000	  0.9930842166	688.3527758519
  0.0989000000	  0.9814552143	693.0672878703
  0.0993000000	  0.9917569464	683.6943163860
  0.0990000000	  1.0058121553	693.6534202084
  0.0981000000	  0.9639281489	684.5986038763
  0.1024000000	  0.9909531839	691.6468127028
  0.0984000000	  0.9919618150	681.5455087922
  0.0974000000	  1.0025114804	673.4121843796
  0.0982000000	  1.0378484562	690.6960262687
  0.1023000000	  1.0256436620	681.0437308967
  0.0980000000	  0.9448693567	688.7888363761
  0.1013000000	  0.9872552882	689.6547604118
  0.1001000000	  1.0214443920	693.0836358190
  0.1029000000	  1.0566557764	698.4168172903
  0.1027000000	  0.9872286772	683.9017649835
  0.0999000000	  0.9734006969	681.8231032178
  0.1008000000	  1.0366466884	679.6204734258
  0.1022000000	  1.0458763111	684.6403213329
  0.0999000000	  0.9861203264	682.7188052860
  0.1024000000	  1.0433504560	694.1701584735
  0.1033000000	  0.9868544513	703.2246134231
  0.1036000000	  1.0454173922	693.9438774662
  0.0990000000	  0.9968719123	680.6443472450
  0.1018000000	  1.0098471071	692.6796751540
  0.1020000000	  0.9965031334	678.6469515607
  0.0996000000	  1.0083380768	680.8785591680
  0.1041000000	  1.0489476007	701.1761237509
  0.1028000000	  1.0641260591	692.9111546810
  0.0988000000	  1.0120658882	672.8923360510
  0.1001000000	  1.0146167270	693.4472412115
  0.0961000000	  0.9517982209	680.3067236534
  0.0984000000	  0.9708568726	686.4292984883
  0.0971000000	  0.9850355766	680.2298777882
  0.0979000000	  0.9980235927	691.2690789261
  0.1009000000	  0.9827151303	684.9728763607
  0.0989000000	  0.9891067839	683.2001006630
  0.1048000000	  1.0405304751	692.9473900230
  0.0993000000	  0.9938193876	690.3596927659
  0.1004000000	  1.0130844206	698.0507684814
  0.1009000000	  0.9726781438	682.4901594511
  0.0976000000	  0.9735229717	686.9193144193
  0.1001000000	  0.9623771697	688.9118930052
  0.0979000000	  0.9579242780	679.9090976880
  0.1016000000	  1.0029436715	684.3069878043
  0.1007000000	  0.9834888410	681.6979941402
  0.0975000000	  1.0058669556	679.5804915184
  0.0983000000	  1.0074699417	685.1722789959
  0.1009000000	  0.9511188332	683.8826971514
  0.0966000000	  0.9610150133	675.8420940706
  0.1032000000	  1.0758916501	698.0851599444
  0.0996000000	  1.0148084731	690.6732786233
  0.1010000000	  1.0029047013	696.0720231484
  0.1000000000	  0.9885662112	688.2444834271
  0.1009000000	  1.0162515145	679.4818502876
  0.1027000000	  0.9979524360	678.3724656393
  0.1003000000	  0.9633157485	689.1790061645
  0.1005000000	  1.0169232208	703.8516772002
  0.1077000000	  1.0496279577	693.3174549930
  0.0989000000	  1.0118926536	695.4780673581
  0.1014000000	  0.9888462225	686.8279934960
  0.1017000000	  0.9759168929	695.6495174365
  0.0984000000	  1.0032820189	695.1676040190
  0.0989000000	  1.0236392776	682.3738818630
  0.1036000000	  1.0238005907	698.2327790168
  0.1003000000	  0.9979484005	681.5195957722
  0.0959000000	  0.9686761750	667.3758455363
  0.0966000000	  0.9719688069	696.2743334799
  0.0970000000	  0.9468560085	685.1165573634
  0.0973000000	  0.9660768307	687.9843815397
  0.0996000000	  0.9801366803	682.4271814996
  0.1006000000	  0.9965727104	686.4655839945
  0.0991000000	  0.9776959794	691.7725788645
  0.0996000000	  0.9884110798	691.5650363733
  0.1026000000	  0.9870531338	689.0483425017
  0.1018000000	  0.9910103029	687.8088695582
  0.1055000000	  1.0482690870	691.9803343666
  0.1006000000	  0.9683710296	688.9280288110
  0.0956000000	  0.9877840294	678.3349469163
  0.1015000000	  0.9601714533	687.7148223546
  0.0991000000	  0.9650319961	685.8772077923
  0.1021000000	  1.0182121811	693.8982614321
  0.1051000000	  1.0158003538	697.4528574979
  0.1012000000	  1.0090801463	700.0480699751
  0.0977000000	  0.9845328300	686.1911176964
  0.1007000000	  0.9971747385	682.4752274749
  0.0996000000	  0.9709458931	692.2108184195
  0.0968000000	  0.9773407869	676.5281369316
  0.1010000000	  0.9924089651	687.6132318006
  0.0985000000	  0.9550745189	676.9527468767
  0.0989000000	  0.9598937917	674.7850564436
  0.0994000000	  0.9698793017	680.0219836163
  0.1002000000	  1.0243387627	686.7556719864
  0.1002000000	  1.0379224761	686.4271421176
  0.0990000000	  0.9996260436	701.0229872073
  0.1002000000	  1.0049797645	678.4282383423
  0.0991000000	  1.0191177992	673.7922193298
  0.0958000000	  0.9717657795	680.2865264266
  0.0985000000	  0.9474857514	686.7296178600
  0.0988000000	  0.9710710954	678.6476937463
  0.1016000000	  0.9539511249	688.2037376610
  0.0993000000	  1.0544732841	686.2586728899
  0.1014000000	  1.0387249028	679.9698108874
  0.1019000000	  1.0267234808	697.5378013339
  0.0989000000	  0.9765656133	684.7435455267
  0.0979000000	  0.9889943422	688.8556751432
  0.0993000000	  0.9875028058	695.0845093877
  0.0988000000	  1.0335953319	686.9476691458
  0.0975000000	  0.9897161688	685.5685577816
  0.0956000000	  0.9470905446	677.3303706426
  0.0979000000	  0.9945476235	682.7594162884
  0.1025000000	  1.0279733309	694.1312127991
  0.0997000000	  0.9418689011	676.2960543070
  0.1018000000	  1.0224981718	695.5800449795
  0.0996000000	  0.9773981062	681.2151282015
  0.1017000000	  1.0133086454	690.5871473738
  0.0983000000	  1.0018228101	679.3136568182
  0.1022000000	  0.9859686609	688.3716060510
  0.0978000000	  0.9783586831	674.8120337103
  0.1002000000	  0.9979235275	692.8168029550
  0.1021000000	  1.0139219090	683.9599470443
  0.1002000000	  1.0094706344	687.9129175210
  0.1007000000	  1.0105993507	690.6418425565
  0.0996000000	  1.0329375136	681.1298696887
  0.0975000000	  1.0045266691	681.4265660219
  0.0997000000	  0.9534087323	684.1150278417
  0.1039000000	  1.0357850705	694.7917552945
  0.1046000000	  1.0294596490	691.7032347296
  0.0960000000	  0.9446871652	675.9761858007
  0.1026000000	  1.0255259689	688.9453921286
  0.1021000000	  1.0493384441	691.1107441114
  0.1005000000	  1.0286271249	686.5067889459
  0.1027000000	  1.0238122448	688.6225471813
  0.1020000000	  0.9972255394	693.8983557971
  0.0988000000	  0.9900347004	676.6434773547
  0.0950000000	  0.9670024669	683.1748439822
  0.0973000000	  0.9599603629	665.9858289089
  0.1052000000	  1.0627618841	684.3749633551
  0.0991000000	  0.9745521103	677.2772649747
  0.0993000000	  1.0004212725	685.8827226706
  0.1024000000	  1.0382165076	702.6518496239
  0.1007000000	  0.9712545042	688.7243440067
  0.1009000000	  1.0143465584	679.0249962350
  0.0997000000	  0.9802240242	684.2749020638
  0.0999000000	  0.9747957299	688.2697475046
  0.1019000000	  1.0029152076	685.7750367130
  0.0994000000	  0.9665673812	688.8033405606
  0.1017000000	  1.0179524321	688.0650319697
  0.0985000000	  0.9855258234	693.7468067232
  0.0996000000	  1.0037415244	688.0550018267
  0.0987000000	  0.9921804566	683.7080825313
  0.1011000000	  1.0193730868	691.1862139307
  0.1012000000	  0.9752650794	683.9141892355
  0.1018000000	  1.0154631506	694.4083227549
  0.1016000000	  1.0029173574	692.1517714897
  0.0994000000	  1.0171966402	691.8163320238
  0.1036000000	  0.9826069015	695.1217646643
  0.0965000000	  0.9598237972	685.9918263790
  0.1023000000	  1.0323999925	691.3227538434
  0.0991000000	  0.9976512152	687.2836939930
  0.0976000000	  0.9434991089	676.9442042815
  0.0990000000	  1.0332478719	691.8759470206
  0.0995000000	  1.0317807821	683.6214644916
  0.1002000000	  1.0351280097	692.0981014823
  0.1009000000	  1.0430756177	697.8665199272
  0.0988000000	  1.0046244606	695.4561678489
  0.1030000000	  0.9928242367	691.9231389799
  0.0984000000	  0.9594511843	676.3167688743
  0.0997000000	  1.0397872047	697.1899168300
  0.0990000000	  0.9765218284	685.2616002665
  0.1030000000	  1.0079358721	684.7717947953
  0.0985000000	  1.0200923457	675.6718542683
  0.1021000000	  1.0453171464	705.7090351807
  0.0997000000	  1.0266454605	690.3647240363
  0.0999000000	  0.9754546591	693.6667359626
  0.0985000000	  0.9841218904	688.4579975729
  0.0989000000	  0.9777640706	689.4745053779
  0.0989000000	  0.9718665452	684.9588905058
  0.0965000000	  0.9968349109	690.8744605870
  0.1013000000	  1.0340963052	702.3655500786
  0.1020000000	  1.0460980250	688.2789932993
  0.1007000000	  1.0125766194	689.6241466609
  0.0977000000	  0.9501176369	690.2882748282
  0.0992000000	  0.9848645455	686.8364052261
  0.1047000000	  1.0383147505	681.9944362947
  0.1027000000	  0.9854516193	689.4661935516
  0.0959000000	  0.9265275337	678.0392780695
  0.0969000000	  0.9599875363	677.6707941560
  0.1004000000	  1.0209307680	692.8768549432
  0.0971000000	  0.9825885388	680.6643409995
  0.1005000000	  0.9819890787	677.2828068806
  0.1045000000	  1.0171802547	685.7984280542
  0.0968000000	  0.9676934043	679.6680294839
  0.1012000000	  0.9997622476	699.5871872093
  0.0970000000	  1.0069627543	678.9404462283
  0.1018000000	  1.0224312729	688.8252523221
  0.1039000000	  1.0084153393	696.1344929575
  0.1001000000	  1.0449204490	678.1771893283
  0.0995000000	  1.0211904755	699.2090215594
  0.1007000000	  1.0434967182	685.8258886911
  0.1035000000	  1.0381944891	688.9069593831
  0.1005000000	  0.9877244173	709.5756476155
  0.0992000000	  0.9825706684	687.7393353732
  0.1008000000	  0.9937714373	691.7821875578
  0.0995000000	  1.0124828986	676.4607261453
  0.0969000000	  1.0081791604	698.1195311386
  0.0987000000	  0.9953267562	673.3428445136
  0.0993000000	  0.9417863519	676.2793688795
  0.1052000000	  1.0502762234	690.1807794083
  0.1035000000	  0.9989967399	677.7506283339
  0.1016000000	  0.9886633824	692.3569807333
  0.1004000000	  0.9849639594	681.8526488177
  0.1014000000	  0.9980225289	687.8291167019
  0.1045000000	  1.0221331184	690.7952527719
  0.0999000000	  1.0345564003	688.4292043254
  0.0997000000	  1.0124331515	690.5247950579
  0.0997000000	  0.9826894126	688.5622895010
  0.1023000000	  1.0011611472	689.8240576021
  0.0971000000	  0.9455012849	682.8618739512
  0.1027000000	  1.0011109448	682.3450109569
  0.0997000000	  0.9793056851	680.9442829687
  0.0968000000	  0.9620297074	681.4622235708
  0.1009000000	  1.0510519804	687.6609786863
  0.1012000000	  1.0019516360	690.0937754712
  0.0994000000	  1.0311518838	686.0831120806
  0.1013000000	  1.0056179235	694.2087331933
  0.1005000000	  1.0151578016	691.7892594773
  0.0975000000	  0.9677360572	683.2352577510
  0.1013000000	  1.0288376700	697.7112122213
  0.1027000000	  1.0905748168	700.3423984344
  0.1009000000	  1.0033078796	692.5801946303
  0.1029000000	  1.0230664555	688.8632708450
  0.1053000000	  1.0263091035	687.6512757750
  0.0975000000	  0.9978356815	684.8646746845
  0.0988000000	  1.0013792349	689.3934418534
  0.0993000000	  0.9778716774	677.4816702309
  0.1002000000	  0.9900876468	688.0588023177
  0.0987000000	  0.9892094064	682.8610275227
  0.0983000000	  0.9783621915	683.1227990353
  0.0938000000	  0.9792597196	684.5999796618
  0.1012000000	  1.0291130574	690.9767172782
  0.0984000000	  0.9819312097	690.2592041389
  0.0986000000	  1.0055838787	686.7719400415
  0.0998000000	  1.0377587061	683.7348196113
  0.1043000000	  1.0222753506	694.1746903933
  0.1006000000	  0.9912807514	683.5057819566
  0.1009000000	  0.9832314531	687.8929630234
  0.1030000000	  1.0151110168	693.1365289293
  0.0972000000	  0.9608527933	682.2486085235
  0.0997000000	  1.0168213994	685.8223767451
  0.1034000000	  1.0166717619	691.6096671639
  0.0992000000	  0.9884451569	687.7517940581
  0.1032000000	  1.0340819045	687.5897904423
  0.0974000000	  1.0087368648	688.8344277876
  0.1042000000	  1.0424922943	694.2221061022
  0.0995000000	  1.0312342968	683.4127566859
  0.0971000000	  0.9967852559	693.4587085852
  0.1003000000	  1.0451970893	683.0217613680
  0.1026000000	  1.0126701827	694.6301831179
  0.1022000000	  1.0409380960	686.0041532899
  0.1049000000	  1.0699264337	707.2309865152
  0.0987000000	  0.9855146431	690.7422795775
  0.0988000000	  0.9588973282	682.7410439658
  0.1008000000	  1.0025123946	691.8959995118
  0.0999000000	  0.9476183681	681.5303395576
  0.0998000000	  0.9792501105	683.4265608001
  0.1007000000	  1.0089702886	696.1870941451
  0.1026000000	  1.0072191951	693.9107316897
  0.1052000000	  1.0693447532	695.6440362194
  0.1024000000	  1.0399733733	690.1389043757
  0.0959000000	  0.9373227482	677.0823660136
  0.0993000000	  1.0203198974	685.3341556083
  0.1065000000	  1.0667690216	697.0702314997
  0.0970000000	  0.9778684004	686.3361590114
  0.0985000000	  0.9868654521	688.3386587569
  0.0985000000	  0.9603311439	687.9172140956
  0.0996000000	  1.0184030857	678.9387678416
  0.1005000000	  1.0008310330	689.4168386314
  0.0981000000	  0.9795265754	686.9949898810
  0.0995000000	  0.9922331209	682.2482819885
  0.0987000000	  0.9926685225	683.0021960747
  0.0975000000	  0.9877762777	685.7582094800
  0.1019000000	  1.0127734120	685.9890567076
  0.0986000000	  1.0063206995	689.9310191894
  0.0990000000	  0.9859562154	688.8785875701
  0.0965000000	  0.9916829997	685.3447128070
  0.1015000000	  1.0369703921	689.2344876204
  0.1019000000	  1.0355904364	683.8138555176
  0.1010000000	  0.9942722278	696.0591258939
  0.1028000000	  1.0104149450	689.9863314911
  0.1037000000	  1.0386193505	690.5000595672
  0.1043000000	  1.0092948715	700.0729273301
  0.1021000000	  0.9872561219	693.9227713904
  0.1010000000	  1.0325194545	687.7455207627
  0.0922000000	  0.9455963973	670.6531496395
  0.0974000000	  0.9603844024	688.1325983199
  0.1022000000	  1.0015453967	688.2542894217
  0.0962000000	  0.9986294959	688.0491312569
  0.0967000000	  0.9631199572	670.0901662651
  0.1014000000	  0.9914113251	683.1645396053
  0.1021000000	  1.0165470115	680.6681644916
  0.1023000000	  1.0186235788	699.2271524525
  0.0955000000	  0.9463109676	677.9451952053
  0.1032000000	  1.0155647035	694.7833490087
  0.0997000000	  0.9901647406	678.3737031314
  0.0991000000	  1.0031302061	685.8204484583
  0.0997000000	  0.9782895557	670.7210227033
  0.1000000000	  1.0067215011	679.3779699316
  0.1009000000	  0.9535170218	677.1645902399
  0.1007000000	  0.9997082185	703.5461105017
  0.0985000000	  0.9613022900	682.5473186250
  0.1016000000	  1.0187789962	687.0493892058
  0.1007000000	  1.0435959544	696.2910672539
  0.0995000000	  0.9845895134	680.1245841411
  0.1015000000	  1.0667174933	698.2557088661
  0.0990000000	  0.9705698564	681.6713019415
  0.0982000000	  0.9512670886	687.8314689167
  0.0969000000	  1.0115814846	683.4757998483
  0.0971000000	  0.9669932405	682.7898509232
  0.0996000000	  1.0149656189	684.5974569722
  0.1039000000	  1.0576661913	694.4977455751
  0.0992000000	  0.9799477308	679.4293780642
  0.0986000000	  1.0626288145	693.2099602514
  0.0993000000	  0.9846853017	684.9089187466
  0.1003000000	  1.0113639952	691.2292017798
  0.0974000000	  0.9838247266	687.6641405272
  0.1037000000	  1.0388045099	688.0840947650
  0.0990000000	  0.9744458221	676.1785078384
  0.1001000000	  1.0126625906	682.2219315488
  0.0990000000	  0.9940410949	699.9828680762
  0.1023000000	  1.0159897480	678.9460721961
  0.1006000000	  0.9714355950	702.8668922275
  0.1008000000	  0.9629344081	691.1321639486
  0.0986000000	  0.9781091345	681.0084736685
  0.0995000000	  0.9984579684	682.8729215719
  0.1000000000	  0.9608962399	682.9841546427
  0.1035000000	  1.0368265390	685.3254469406
  0.1009000000	  1.0388374453	690.8108425978
  0.0953000000	  0.9774967516	683.5324466273
  0.1032000000	  1.0125847226	693.0559562044
  0.1027000000	  1.0196382278	685.0122812036
  0.0958000000	  0.9377238909	678.7270690845
  0.0994000000	  1.0312950303	689.0087717616
  0.0988000000	  1.0022758734	683.3029036874
  0.0991000000	  1.0051967341	681.5527082226
  0.1006000000	  0.9751540577	685.4690412040
  0.0981000000	  0.9355738977	670.0986592349
  0.1040000000	  1.0448388871	689.1677369827
  0.1017000000	  0.9791225991	690.4548081397
  0.0947000000	  0.9337432907	662.3633881112
  0.0985000000	  0.9884574036	680.9223272315
  0.0983000000	  0.9959173078	684.8044385790
  0.1030000000	  0.9881645280	687.3270027394
  0.1001000000	  0.9545095133	684.7771617625
  0.1007000000	  1.0398171949	691.0421179809
  0.0989000000	  1.0254760511	682.6331560101
  0.1038000000	  1.0640166854	702.3332657573
  0.0950000000	  0.9397686215	675.0215091372
  0.0989000000	  0.9836454074	691.6537933533
  0.0987000000	  0.9719563305	694.2998433220
  0.0980000000	  0.9459330734	678.7535925070
  0.1048000000	  1.0407909399	712.9011365116
  0.0983000000	  0.9852669705	678.6099910989
  0.1001000000	  0.9557763512	679.3871279631
  0.0992000000	  1.0112430554	690.4942174900
  0.0946000000	  0.9537238030	674.8794775791
  0.0989000000	  1.0156800767	684.7458679314
  0.1009000000	  1.0386884523	689.7249851713
  0.1008000000	  1.0240649298	695.4286207236
  0.0984000000	  0.9915572547	691.6824306523
  0.0984000000	  0.9566098993	697.1667800694
  0.1011000000	  0.9980617407	699.3238729220
  0.0993000000	  0.9951119336	688.8848361891
  0.1010000000	  1.0096900884	680.6569623912
  0.0954000000	  1.0176527751	681.5508789539
  0.0990000000	  0.9878362548	690.7121686203
  0.1035000000	  1.0450695595	689.8687478625
  0.0994000000	  0.9761143631	681.6983864459
  0.0982000000	  0.9868642896	683.3897138066
  0.0990000000	  1.0085486192	692.8102799895
  0.0994000000	  0.9857283856	684.0622375993
  0.1009000000	  1.0167605581	696.2512042095
  0.0991000000	  0.9738210861	692.1761070294
  0.0997000000	  0.9857720961	681.7913173595
  0.0979000000	  0.9421462994	682.1986926604
  0.1005000000	  0.9905370030	689.9900290740
  0.1015000000	  0.9958922378	686.8008520342
  0.1003000000	  1.0354240984	695.6893720054
  0.1022000000	  0.9910777733	685.3044213298
  0.1067000000	  1.0374014755	691.2649554990
  0.0995000000	  0.9898483038	693.3061766736
  0.0999000000	  1.0124316778	676.6529821320
  0.1010000000	  0.9875816507	690.9775595173
  0.0995000000	  0.9753975448	678.9452554543
  0.0960000000	  0.9835092965	689.9000443352
  0.0977000000	  1.0036995231	684.8594607172
  0.1039000000	  1.0027525858	686.9842885527
  0.1009000000	  1.0072070904	683.6025301750
  0.1023000000	  0.9661401896	690.5883563796
  0.0993000000	  0.9685901128	671.2720301897
  0.1002000000	  0.9977198758	679.1856582508
  0.0991000000	  1.0019721575	687.7402619469
  0.0984000000	  0.9748461792	674.9220150429
  0.1004000000	  1.0008683470	693.9145491124
  0.0966000000	  0.9736737992	679.1189711776
  0.0986000000	  0.9468148640	678.5500001758
  0.0969000000	  0.9998602854	687.3827344654
  0.1009000000	  1.0513967660	684.9352562333
  0.0970000000	  0.9363713039	671.0108236160
  0.1042000000	  1.0629804421	686.0834009580
  0.1036000000	  1.0281639055	692.8468125513
  0.0996000000	  0.9963022313	684.0439806625
  0.0960000000	  0.9609296073	684.1122807807
  0.0999000000	  0.9920507383	691.0675412881
  0.1018000000	  1.0362066020	698.9930452656
  0.0981000000	  0.9639831479	682.6189631039
  0.0977000000	  1.0056335864	679.1828177670
  0.1001000000	  0.9916269314	675.8776436516
  0.0985000000	  1.0234594211	684.4156388178
  0.1018000000	  1.0366753456	700.7206820738
  0.1026000000	  0.9901866405	684.5023536768
  0.1011000000	  1.0360791002	689.6417706778
  0.0995000000	  0.9971513266	686.5407232312
  0.1002000000	  1.0034499434	679.0223571159
  0.0987000000	  1.0050162396	674.7045084645
  0.1048000000	  1.0219191702	701.8601936944
  0.0988000000	  1.0184239569	688.3171797088
  0.0970000000	  0.9739421473	682.0482046837
  0.0965000000	  0.9507978397	687.5071980965
  0.1002000000	  1.0229641290	700.3972512912
  0.1026000000	  1.0107548649	685.9639616661
  0.0996000000	  1.0060748025	692.0077216716
  0.0997000000	  1.0461487142	699.2515212094
  0.1068000000	  1.0578848434	689.4875086556
  0.1005000000	  1.0205491189	686.6277076589
  0.0971000000	  0.9627750891	679.8621785357
  0.0999000000	  0.9845066614	681.9508928460
  0.0951000000	  0.9524794081	670.2228485973
  0.0980000000	  1.0278140641	687.8591622919
  0.1006000000	  1.0144352076	688.4853522353
  0.0999000000	  1.0327038036	693.9313286519
  0.0973000000	  0.9697991475	688.8807610873
  0.1013000000	  1.0101948582	692.7831175335
  0.0993000000	  1.0282685440	677.6605781963
  0.1011000000	  0.9985030336	697.0519596043
  0.1008000000	  1.0105167802	701.0549687478
  0.1014000000	  1.0359935969	691.9777922997
  0.0996000000	  1.0308341448	689.7999937539
  0.0988000000	  1.0108573236	688.1877569525
  0.1022000000	  0.9774786393	692.0872507611
  0.0992000000	  0.9669325360	682.3630900761
  0.1003000000	  0.9779709046	684.3356256150
  0.1010000000	  1.0020686530	692.3260487769
  0.0998000000	  1.0066788037	680.1097149960
  0.1015000000	  0.9836647044	696.9211262958
  0.0979000000	  0.9993647010	684.1728250580
  0.1026000000	  0.9935085783	685.7012954528
  0.0974000000	  0.9961961296	683.8833254587
  0.1005000000	  1.0051893400	688.7938152757
  0.0997000000	  0.9933920399	688.6336596527
  0.0984000000	  1.0316688646	678.4987038126
  0.1020000000	  1.0230312521	681.7610386193
  0.0982000000	  0.9792278241	679.1856612971
  0.0998000000	  1.0342287094	687.9941799164
  0.0999000000	  1.0000217167	680.6882818812
  0.1009000000	  1.0763607907	702.7956379527
  0.0975000000	  0.9602681389	688.2192872161
  0.1031000000	  0.9744271390	682.3449973356
  0.1005000000	  1.0300987162	695.0778041641
  0.1004000000	  0.9990648365	690.9353879272
  0.0996000000	  0.9999947307	710.9483285488
  0.1006000000	  1.0428885715	691.6947464423
  0.1015000000	  1.0293184907	691.2443766314
  0.0987000000	  0.9816806956	697.5697844276
  0.1018000000	  0.9714309675	684.6904294063
  0.1010000000	  0.9943528636	682.4018414464
  0.0999000000	  1.0022354880	678.5446527358
  0.0992000000	  0.9973464199	683.4558207585
  0.0989000000	  0.9867658210	679.1517525777
  0.0987000000	  0.9932066951	680.5185109016
  0.0985000000	  0.9913505617	685.8452825105
  0.0974000000	  1.0280932451	677.6556023914
  0.0995000000	  0.9693768243	683.2676936769
  0.0990000000	  0.9776772800	668.4184798659
