  0.1032000000	  1.0223917940	688.0085953443
  0.1000000000	  1.0021210318	686.5237322734
  0.1030000000	  1.0731360327	709.5564061943
  0.1055000000	  1.0984404025	700.9411534248
  0.0995000000	  0.9799864206	674.8568906581
  0.1002000000	  0.9978512709	684.9544365613
  0.1015000000	  1.0299775051	687.3609233461
  0.0976000000	  0.9665581302	679.0864397704
  0.0998000000	  1.0184623265	697.3302979299
  0.1034000000	  1.0668660719	708.2677168586
  0.0981000000	  0.9903198666	680.6216265375
  0.1051000000	  1.0623250502	713.5288261755
  0.0991000000	  1.0388571654	691.8803682611
  0.0982000000	  0.9184185970	684.8982355915
  0.1017000000	  0.9966668811	688.6386099567
  0.0998000000	  0.9438703597	682.1467500857
  0.0999000000	  0.9774218116	681.5391672182
  0.1009000000	  0.9806735924	692.9464662526
  0.1032000000	  1.0428139186	685.6940666479
  0.0995000000	  0.9231195577	691.6680505513
  0.0977000000	  0.9552563314	675.6650899194
  0.0993000000	  0.9677890840	691.1855583550
  0.1018000000	  1.0183265081	692.6323626300
  0.0990000000	  0.9881033452	689.5470741440
  0.0987000000	  1.0217946344	677.8863701928
  0.1035000000	  1.0476943644	702.9820005018
  0.1041000000	  1.0147415424	703.3992934002
  0.1012000000	  1.0279391362	683.0508739106
  0.0948000000	  0.9338064112	673.4023760483
  0.1003000000	  1.0094747179	685.9976730250
  0.0973000000	  0.9353759725	684.9923706401
  0.1005000000	  0.9807682934	674.1604888521
  0.0991000000	  1.0036897289	695.3622346382
  0.1012000000	  0.9995600240	692.4684000050
  0.0934000000	  0.9586415888	677.8532910331
  0.1018000000	  1.0076917769	688.0015411597
  0.1017000000	  1.0277647661	700.8556305385
  0.0962000000	  1.0128758086	680.2779321001
  0.0991000000	  0.9974729162	689.1505631174
  0.0991000000	  0.9626876232	676.2885140038
  0.0993000000	  1.0402141662	701.9650293475
  0.0961000000	  0.9675950332	675.3084611103
  0.1008000000	  1.0150035451	690.3409995807
  0.1037000000	  0.9985236663	690.9307844732
  0.0997000000	  1.0136918002	688.2757795885
  0.0997000000	  0.9624422337	681.4468129549
  0.0989000000	  1.0728772179	691.2418773204
  0.0995000000	  0.9854414999	692.8259879510
  0.1001000000	  1.0208100887	684.9108814855
  0.1058000000	  1.0588555268	694.1438865382
  0.0964000000	  0.9592724683	674.6194604789
  0.0950000000	  0.9461874705	658.2801959604
  0.1000000000	  0.9952303599	688.6617973547
  0.1021000000	  0.9566709119	679.9186999281
  0.0968000000	  0.9728815367	675.8620420426
  0.1001000000	  1.0329102775	688.9229483271
  0.1023000000	  1.0295186765	687.0766307002
  0.1017000000	  0.9830018730	685.4926192075
  0.0997000000	  0.9452011473	685.2817994017
  0.0994000000	  1.0130528698	693.3995176940
  0.0997000000	  1.0192840985	686.1198271568
  0.1032000000	  0.9934982060	692.4275152196
  0.1033000000	  0.9756499458	678.2143789446
  0.0950000000	  1.0079615393	691.3525776544
  0.1039000000	  1.0549834060	681.0686890480
  0.1030000000	  1.0033963973	678.2041670404
  0.1023000000	  1.0179676750	683.1138778931
  0.1002000000	  0.9886249308	692.3852938649
  0.0964000000	  0.9012757272	668.5354956043
  0.1040000000	  1.0586935902	696.7419651476
  0.1005000000	  1.0152686052	693.2781168945
  0.1009000000	  1.0049655918	694.8574832640
  0.0979000000	  0.9768311463	675.6664718822
  0.0972000000	  0.9674405078	693.4278637896
  0.0967000000	  0.9086280360	675.5570220982
  0.1020000000	  0.9871718166	701.4040409514
  0.1014000000	  0.9587138846	689.0656390042
  0.1053000000	  1.0125296965	691.5742105207
  0.0988000000	  0.9742387934	687.9545068696
  0.1023000000	  1.0324422779	687.7178858385
  0.0969000000	  0.9510198976	680.5047866639
  0.1019000000	  0.9930559429	706.6158738825
  0.0972000000	  0.9706531597	691.9364217014
  0.1001000000	  0.9891628563	687.1259176264
  0.1042000000	  1.0104135272	696.7485510673
  0.1046000000	  1.0801295561	699.0394793769
  0.0963000000	  0.9121379687	695.8153985903
  0.0980000000	  0.9552018164	671.4520005742
  0.0975000000	  1.0503981006	678.9343275197
  0.1035000000	  1.0007352592	682.2854539456
  0.1019000000	  1.0165081170	689.1740374595
  0.1026000000	  1.0155591035	693.0007461885
  0.1010000000	  1.0333486875	684.9717514168
  0.1027000000	  1.0840172031	687.9380789031
  0.1032000000	  1.0655947796	702.6703165235
  0.1023000000	  0.9843966028	699.7015805767
  0.0992000000	  1.0121284426	697.4210066776
  0.1004000000	  0.9955459379	684.0476964861
  0.1054000000	  1.0709474345	705.3113646981
  0.1005000000	  0.9886455865	689.7197231842
  0.1027000000	  1.0349498623	682.5151196635
  0.0972000000	  0.9760287368	681.4974941067
  0.0995000000	  0.9872193904	695.3990795346
  0.0972000000	  0.9703570417	683.9002810908
  0.1044000000	  1.0435019081	692.5874261617
  0.0999000000	  1.0053486759	682.9945687015
  0.0985000000	  0.9552443752	691.0201745141
  0.0998000000	  1.0603832898	692.7895789347
  0.1032000000	  1.0571013985	696.0249995321
  0.0984000000	  0.9896950726	673.0938048553
  0.0985000000	  0.9169722352	666.1217083631
  0.0968000000	  0.9915625558	681.0479040227
  0.1018000000	  0.9973627084	688.1023120505
  0.1035000000	  1.0256851675	690.4599512156
  0.1015000000	  1.0354066899	685.5957558874
  0.1037000000	  1.0475074023	688.9624054196
  0.0955000000	  0.9422415961	684.2338819945
  0.0978000000	  0.9890582423	684.6220567419
  0.0999000000	  1.0769907306	700.4412835927
  0.0971000000	  0.9460613679	681.4792468623
  0.0976000000	  0.9446375598	682.6099876949
  0.0982000000	  0.9662789229	680.4561457937
  0.1009000000	  0.9646380139	686.3753534373
  0.0997000000	  1.0155961265	682.8516291015
  0.1023000000	  1.0326097534	697.7784107155
  0.0976000000	  0.9351942285	676.3585510261
  0.1023000000	  0.9901125046	692.8166355050
  0.0997000000	  0.9416505159	689.2103684867
  0.1036000000	  1.0406178178	697.4223272453
  0.0969000000	  1.0026957427	691.8770611960
  0.1030000000	  1.0236223379	689.9705993578
  0.1000000000	  0.9885042826	687.3077203176
  0.0984000000	  1.0226927442	686.3209421537
  0.1011000000	  1.0188281914	681.5013877534
  0.1020000000	  1.0635003583	686.4278032142
  0.1035000000	  1.0550648845	687.1308940202
  0.1029000000	  1.0444086469	689.0896673520
  0.1046000000	  1.0502074628	678.8892563223
  0.1045000000	  1.0812279198	700.6946734919
  0.1015000000	  1.0576579474	697.2384834472
  0.1017000000	  1.0667720750	697.5305476455
  0.0996000000	  1.0072195182	685.6485987925
  0.1002000000	  1.0338647072	703.2068891127
  0.0972000000	  1.0140188143	692.3260534380
  0.1035000000	  1.0400519975	692.3612017700
  0.0990000000	  0.9978634200	702.4185558689
  0.1003000000	  1.0496906621	675.8302396923
  0.1006000000	  1.0140243636	698.7938226579
  0.1001000000	  0.9712150167	687.9206931583
  0.1008000000	  0.9899814847	682.4795541916
  0.0994000000	  1.0252029730	680.9706042109
  0.0973000000	  0.9820554065	682.2500597448
  0.0958000000	  0.9367251049	686.8910462094
  0.0992000000	  0.9982313844	682.2077100376
  0.1029000000	  1.0121928058	684.6192426093
  0.0998000000	  0.9868546011	683.9380276849
  0.0949000000	  0.9438450357	682.9986986163
  0.0995000000	  0.9715051100	675.6068929668
  0.1042000000	  1.0145430199	706.6673262050
  0.1047000000	  1.0455145603	689.6881117583
  0.0983000000	  0.9899131585	692.6007283923
  0.1033000000	  1.0338030882	684.2555951269
  0.0955000000	  0.9694112820	667.7801959852
  0.1026000000	  1.0230206054	687.7243324197
  0.1027000000	  1.0483346622	695.2632808721
  0.0956000000	  0.9233309105	683.8994994601
  0.0916000000	  0.9382361371	675.0355587218
  0.0958000000	  0.9862080363	674.5936778399
  0.1014000000	  1.0443664422	687.7241637551
  0.0978000000	  0.9663472058	675.5024999668
  0.0954000000	  0.9740419409	681.4650619601
  0.0976000000	  1.0381208224	696.1556800085
  0.1042000000	  1.0157068140	697.5968697257
  0.1042000000	  1.0203140686	694.8615733085
  0.0987000000	  1.0442039025	700.0868553576
  0.0975000000	  1.0043951744	694.7375210561
  0.1025000000	  1.0372130279	712.3401215780
  0.1009000000	  1.0141891000	683.0642483621
  0.1002000000	  0.9939885118	686.9094214483
  0.0989000000	  0.9700563976	674.6173578597
  0.0947000000	  0.9809754866	681.1781289565
  0.0992000000	  1.0464705156	679.1132082969
  0.0996000000	  0.9992861512	684.1183876377
  0.0994000000	  1.0244710126	696.6830903063
  0.0989000000	  0.9826238356	683.9037483606
  0.1011000000	  1.0220859289	691.0441938984
  0.1016000000	  0.9918491958	691.6193540745
  0.0952000000	  0.9192897542	687.3979189035
  0.1027000000	  0.9831060505	692.0701915033
  0.1001000000	  1.0499411678	689.0794781186
  0.0963000000	  0.9617486809	668.3439513570
  0.1014000000	  1.0255338051	692.0772045199
  0.1013000000	  1.0173644395	695.4208767442
  0.1017000000	  1.0295913397	695.4532423640
  0.0995000000	  0.9966347949	696.4474349123
  0.0948000000	  0.9539668104	688.9723909607
  0.0996000000	  0.9845240542	675.6102663024
  0.1037000000	  1.0817441897	701.2629241956
  0.1022000000	  1.0524517371	699.7882053167
  0.1002000000	  1.0055184039	687.4261552598
  0.0999000000	  1.0224561158	682.9073008206
  0.1002000000	  1.0190153920	697.6762929665
  0.1019000000	  0.9859536918	692.4582666841
  0.0973000000	  1.0010772206	694.9047803875
  0.0983000000	  0.9881498076	685.8907275663
  0.1019000000	  1.0876623214	695.6576345499
  0.0999000000	  0.9952159209	696.0894350205
  0.0982000000	  0.9978846701	682.5946364536
  0.0996000000	  1.0020119519	681.3820209863
  0.0984000000	  0.9261581978	671.2109327219
  0.1020000000	  1.0014468362	691.7885416198
  0.0977000000	  1.0187477931	696.8519580484
  0.1025000000	  1.0389933157	691.7965607896
  0.1011000000	  0.9949817363	690.0260954847
  0.1035000000	  1.0621190939	685.6423192149
  0.0963000000	  0.8854687745	671.2434559320
  0.1025000000	  1.0669242903	690.4152690863
  0.1010000000	  0.9746733806	688.8119563426
  0.0976000000	  1.0131597966	674.1508287817
  0.0993000000	  0.9524533163	688.0600300728
  0.0971000000	  0.9817508360	688.4282786722
  0.1033000000	  0.9898895137	696.3277303454
  0.0946000000	  0.9279276545	680.3391795038
  0.1026000000	  1.0122540095	678.9099255953
  0.0970000000	  0.9740840037	682.1822058431
  0.0980000000	  0.9371053715	692.0722879319
  0.0982000000	  0.9832233849	685.5809255373
  0.0982000000	  0.9849570609	687.4063016826
  0.0998000000	  0.9970249686	690.8305028595
  0.1021000000	  1.0263472988	687.5274407080
  0.0956000000	  0.9606940470	679.1602709443
  0.0977000000	  0.9993953247	686.0702845855
  0.0985000000	  0.9575657694	673.5426497580
  0.1008000000	  1.0044666537	690.0319144250
  0.1025000000	  0.9709000612	682.3444360735
  0.1002000000	  1.0016247418	668.2066316541
  0.0986000000	  0.9641120256	688.7299184117
  0.1034000000	  0.9916144161	689.4900228524
  0.0995000000	  1.0374534526	680.8679754034
  0.0981000000	  0.9676230603	682.1042944229
  0.0970000000	  0.8968156522	672.7410970645
  0.0989000000	  0.9769198330	696.7915747935
  0.1014000000	  1.0491346362	679.2895149242
  0.1043000000	  0.9935051929	695.5911883945
  0.0990000000	  0.9806810684	681.7273241072
  0.1019000000	  0.9788522716	703.3916823333
  0.1014000000	  0.9928453949	677.0551593618
  0.1037000000	  1.0288363449	682.7910830264
  0.0996000000	  0.9998473986	694.5866191323
  0.0975000000	  0.9664436270	681.1806972580
  0.0993000000	  0.9803060226	695.6123505006
  0.1020000000	  1.0171303315	696.1755128103
  0.1057000000	  1.0578689326	697.3884300219
  0.1009000000	  1.0177627122	693.1186194797
  0.1022000000	  1.0881884663	699.3411225900
  0.1001000000	  0.9695225254	693.8312101704
  0.0952000000	  0.9124688309	680.8107851644
  0.1005000000	  0.9932322861	695.6756441854
  0.1035000000	  1.0184930004	673.2202229136
  0.1004000000	  0.9900360943	669.8775329930
  0.1005000000	  0.9807861310	677.9690891117
  0.1004000000	  1.0355195906	696.7378302005
  0.0931000000	  0.9568406131	669.3813983507
  0.0985000000	  0.9690298565	688.2428674901
  0.0990000000	  0.9904075059	694.2543688571
  0.1011000000	  1.0085187303	695.8276754140
  0.1029000000	  1.0512207861	690.0490967761
  0.0987000000	  1.0136004225	683.7136915244
  0.1011000000	  0.9738697284	678.8115950411
  0.1038000000	  1.0198012974	688.7598347848
  0.0997000000	  0.9309975970	683.4958132499
  0.1043000000	  1.0263402034	691.7815027350
  0.1024000000	  1.0554528532	705.7452500862
  0.1002000000	  0.9708505360	693.1707052504
  0.1007000000	  0.9849045267	680.7853197538
  0.1018000000	  1.0310264864	709.7930554242
  0.1023000000	  1.0520172873	689.6254933482
  0.0999000000	  0.9537676374	687.1544385136
  0.0974000000	  0.9366930214	678.9011634316
  0.0979000000	  0.9861987203	678.1985769652
  0.0977000000	  0.9663422467	688.2755026236
  0.0994000000	  1.0310307092	690.0981615043
  0.0946000000	  0.9633818471	681.2325007514
  0.0995000000	  0.9923068486	696.7943904617
  0.1011000000	  1.0167967753	683.6279764330
  0.0959000000	  1.0187483192	673.4132938943
  0.0997000000	  0.9625438372	689.4749074495
  0.0985000000	  0.9952848653	688.6112729971
  0.1021000000	  1.0180602654	688.4138781975
  0.1006000000	  1.0464470826	687.2898567295
  0.0949000000	  0.9300837107	665.9388811129
  0.0988000000	  1.0321621522	677.9494936346
  0.1002000000	  0.9611325557	697.7329543989
  0.1011000000	  0.9959666440	702.2763352418
  0.0986000000	  0.9700688594	691.6908650134
  0.0999000000	  0.9569305442	695.7392817266
  0.1006000000	  1.0024318287	678.9082225176
  0.1016000000	  1.0117452924	682.5819660778
  0.0989000000	  1.0202688132	694.0864704272
  0.0977000000	  0.9365856759	676.5352117212
  0.1024000000	  1.0490519632	689.3315124491
  0.0984000000	  0.9768484149	694.2292323026
  0.1014000000	  1.0252706578	690.2925119638
  0.1001000000	  1.0178566047	678.4413565807
  0.0980000000	  0.9392392435	677.1095398790
  0.0987000000	  1.0191732779	691.4923028779
  0.0990000000	  1.0247680285	695.7139125788
  0.0992000000	  0.9949593734	692.7152056302
  0.1000000000	  1.0051360224	695.0161481736
  0.1007000000	  1.0112048477	694.7236511883
  0.0993000000	  1.0227655684	688.6382735746
  0.1046000000	  1.0042886088	702.9147679483
  0.1016000000	  1.0112495927	687.7839942370
  0.1008000000	  1.0170951405	688.2742009506
  0.1037000000	  1.0561696075	692.7476194915
  0.1009000000	  1.0262205414	678.5874491322
  0.1022000000	  1.0493456635	689.8506849883
  0.1018000000	  1.0447397553	688.5343343669
  0.1025000000	  0.9757200199	689.0590089431
  0.0985000000	  0.9603790713	692.7249576062
  0.1000000000	  1.0119178954	686.6838031872
  0.0980000000	  0.9595857164	689.1716344546
  0.0959000000	  0.9346261694	679.4717659595
  0.1031000000	  1.0377993630	707.2617046952
  0.0994000000	  1.0017399989	688.7976743461
  0.1004000000	  0.9937803298	680.3415007559
  0.1008000000	  1.0429300134	677.5671098547
  0.0975000000	  1.0020543643	686.3389869364
  0.0979000000	  0.9281038973	677.9916558046
  0.0978000000	  0.9794108685	681.7692149447
  0.1017000000	  1.0711261271	682.0585730234
  0.1006000000	  1.0247754315	680.4844867786
  0.1049000000	  1.0552352358	692.0230208963
  0.0995000000	  1.0039200308	681.3146950330
  0.1029000000	  1.0584489700	696.2724331396
  0.1022000000	  1.0158813309	687.2273321520
  0.1009000000	  1.0454394386	692.8175769219
  0.1006000000	  1.0481836772	691.1860028786
  0.0953000000	  0.9595838288	678.5381063173
  0.0995000000	  1.0151626338	688.3356519070
  0.1022000000	  1.0322132725	692.3144378088
  0.0975000000	  0.9637385310	671.6631504640
  0.0970000000	  0.9405739776	692.2955620855
  0.0994000000	  1.0172667493	696.0324320610
  0.1020000000	  1.0496602932	685.0030300245
  0.0966000000	  0.9685460273	689.8693462746
  0.1018000000	  0.9856495725	696.3499990584
  0.0969000000	  0.9921626166	679.7728888782
  0.0978000000	  0.9282201244	682.6486538705
  0.0997000000	  0.9703517198	684.3730625892
  0.0990000000	  0.9884086427	695.2395448115
  0.0966000000	  0.9358275313	674.1517487874
  0.1022000000	  1.1020359067	692.1916598853
  0.0963000000	  0.9576520821	675.7334697890
  0.1002000000	  0.9598264292	683.5818468630
  0.0988000000	  0.9599845419	679.5781648177
  0.1014000000	  1.0105584542	679.8455481177
  0.0976000000	  0.9458715108	691.2618103363
  0.0992000000	  0.9202513999	692.6162660048
  0.1008000000	  1.0393775042	692.6618251427
  0.0970000000	  1.0085863226	691.4638050576
  0.0940000000	  0.9505642426	678.6127153542
  0.0964000000	  0.9728704760	688.3090217879
  0.1000000000	  0.9875615381	716.5134692027
  0.1020000000	  1.0260170697	685.6881302645
  0.0987000000	  1.0145970155	682.2562714460
  0.0994000000	  0.9996764476	692.1482876147
  0.0947000000	  0.9863668104	683.3265090373
  0.1057000000	  0.9962632422	690.6178391813
  0.1001000000	  1.0480362143	690.0969187752
  0.1054000000	  1.0475869684	699.0301063539
  0.1031000000	  0.9865001804	680.2137502762
  0.1022000000	  1.0051738957	702.7353434467
  0.1042000000	  1.0214080770	689.2048885858
  0.0980000000	  0.9951985584	691.7199910032
  0.0996000000	  1.0057551505	689.9459687799
  0.0996000000	  0.9978216736	694.6074686459
  0.1011000000	  0.9967595705	690.4329759264
  0.1001000000	  0.9936622660	697.0052974286
  0.1000000000	  0.9812396677	687.8348547487
  0.1008000000	  1.0318805724	673.5272176722
  0.0992000000	  0.9509073966	685.1930779145
  0.1051000000	  1.0466889393	703.7352620934
  0.0990000000	  0.9962820751	675.4461520741
  0.0952000000	  0.9516733236	669.3256120144
  0.1019000000	  1.0526057494	695.0841511537
  0.1005000000	  0.9769555329	689.2176416371
  0.0978000000	  0.9913836649	682.9407888243
  0.0942000000	  0.9294105169	668.1991624806
  0.0977000000	  0.9868120453	680.2590928550
  0.0979000000	  0.9479452204	684.1899216446
  0.1008000000	  0.9548013933	684.7907873893
  0.1046000000	  1.0244093828	686.5025060007
  0.1007000000	  1.0512999110	691.2225672576
  0.1006000000	  0.9693107708	669.3847910414
  0.1028000000	  0.9956527179	679.6836829133
  0.1013000000	  1.0344827536	703.8963586914
  0.1005000000	  0.9839128585	684.3736929640
  0.1011000000	  1.0076494641	688.0267479254
  0.1007000000	  0.9952855616	696.1247327435
  0.0989000000	  1.0403526415	700.6818636045
  0.1057000000	  1.0556640416	698.3389193853
  0.1045000000	  1.0496207544	697.4522551178
  0.0979000000	  0.9822093816	674.8986659540
  0.0979000000	  0.9747787024	683.5965230748
  0.1013000000	  0.9813449063	688.6004262420
  0.0958000000	  0.9538952452	682.0018142003
  0.1026000000	  1.0550283885	683.2750293550
  0.0977000000	  0.9685463564	672.3311454878
  0.0988000000	  0.9796270257	681.3087601727
  0.0977000000	  0.9189300978	673.7903770525
  0.0991000000	  1.0083240352	677.5755521495
  0.1046000000	  1.0172486665	686.3147981187
  0.1045000000	  1.0458878904	700.2090182070
  0.0993000000	  0.9881062073	685.8878927121
  0.0989000000	  1.0001686431	680.5657951031
  0.1018000000	  1.0171233850	685.8904287327
  0.0955000000	  0.9816302147	689.3048704409
  0.0997000000	  0.9709544095	698.0743407187
  0.0966000000	  0.9525793472	674.4853399167
  0.0961000000	  0.9622607902	691.1385373349
  0.1030000000	  1.0478722398	692.9202534929
  0.0983000000	  1.0130897959	688.0677200987
  0.1016000000	  0.9962272981	681.5206954953
  0.0975000000	  0.9564158082	683.8562680410
  0.0986000000	  0.9445930315	679.9452915661
  0.1031000000	  0.9950018208	694.8699382345
  0.1023000000	  1.0294553927	699.1825625882
  0.0946000000	  0.9274873651	676.0718197661
  0.1032000000	  1.0120363005	688.4354331267
  0.1035000000	  1.0168575635	686.9582678384
  0.0956000000	  1.0020442168	691.5662322955
  0.1005000000	  0.9829982350	691.3764075745
  0.0975000000	  0.9374287622	689.8019749466
  0.1033000000	  1.0163419074	692.4283634150
  0.1009000000	  1.0008496071	684.0849037731
  0.1011000000	  1.0051358819	682.5502192422
  0.0992000000	  1.0001249522	681.0540064861
  0.1069000000	  1.0280785756	694.4068291367
  0.1003000000	  0.9742098298	698.3809424828
  0.1002000000	  0.9971997367	683.9889156474
  0.0979000000	  1.0180517653	701.0249870411
  0.1029000000	  1.0510233831	680.9431172313
  0.1001000000	  1.0263203814	691.5962616237
  0.1007000000	  0.9824007489	692.5144008212
  0.1004000000	  1.0130176225	686.9286554356
  0.1007000000	  1.0086750091	689.8714101057
  0.0996000000	  0.9614850532	678.5858159828
  0.1022000000	  1.0118453888	693.1953619161
  0.1004000000	  0.9719704492	678.3516649629
  0.1002000000	  1.0490528266	692.0773005134
  0.0980000000	  0.9617995502	677.8227034741
  0.0992000000	  0.9847567918	699.2985268523
  0.0983000000	  0.9692704309	676.0397653546
  0.1002000000	  1.0532261543	679.2726364069
  0.1014000000	  1.0392631117	678.7812245466
  0.1047000000	  1.0752745861	707.0117128297
  0.0984000000	  0.9943523793	679.8175007070
  0.0993000000	  1.0206714312	684.4114988806
  0.1025000000	  1.0219557652	686.5379808261
  0.0996000000	  1.0327234683	696.7633196507
  0.1001000000	  0.9972301621	681.3045817448
  0.1034000000	  0.9870533229	692.4980662810
  0.1034000000	  1.0255171067	694.7312263159
  0.1027000000	  1.0118348375	685.7842826118
  0.0999000000	  0.9786425874	681.8284769742
  0.0993000000	  1.0079380623	684.2511092746
  0.0985000000	  0.9656492313	687.3913318719
  0.1004000000	  1.0054343641	684.6649933595
  0.1029000000	  1.0473499642	688.0250624422
  0.1006000000	  1.0821050087	696.2638316028
  0.1001000000	  1.0118389982	683.7688038599
  0.1038000000	  1.0557557406	686.6074076442
  0.0967000000	  1.0173600093	673.2677020782
  0.1013000000	  1.0177018034	679.4629708313
  0.1009000000	  1.0394622350	691.3550321309
  0.1034000000	  0.9999453339	685.8019867187
  0.1000000000	  1.0232583517	686.2851531002
  0.0975000000	  0.9689866779	676.3770824163
  0.1015000000	  0.9930621055	691.5372712566
  0.0959000000	  0.9641216182	674.4096921363
  0.0984000000	  1.0166348573	672.0046210094
  0.1010000000	  0.9933816656	675.7180384911
  0.1033000000	  1.0436530073	697.2597663919
  0.0989000000	  1.0601829496	687.4160797637
  0.0992000000	  0.9879169973	699.1227938939
  0.1013000000	  1.0427996689	698.6520190880
  0.0975000000	  1.0018313330	685.3259164729
  0.1031000000	  0.9674698768	678.9179330378
  0.1044000000	  1.1244877313	711.5710939407
  0.1003000000	  0.9961297824	683.9917497976
  0.1001000000	  1.0075023598	688.0798465375
  0.1026000000	  1.1137181292	698.8566925240
  0.1021000000	  0.9860459959	678.8864453094
  0.1009000000	  0.9580326502	695.5525420687
  0.0942000000	  0.9260619932	680.1299704117
  0.1034000000	  1.0873110291	692.2708844801
  0.0983000000	  0.9592886758	688.3668444813
  0.0999000000	  0.9698098922	678.2667343806
  0.0971000000	  1.0079930512	678.0613495785
  0.0973000000	  0.9795048225	680.0159917279
  0.1035000000	  1.0398841932	701.2751019461
  0.0986000000	  0.9492529443	686.8402322549
  0.1017000000	  1.0764273983	682.3502491561
  0.0998000000	  1.0066749877	678.4580689845
  0.0990000000	  0.9817847161	686.1787222779
  0.1019000000	  1.0439508421	704.2675975186
  0.1006000000	  1.0302119198	692.3240768070
  0.0943000000	  0.9132184882	687.7078430493
  0.0992000000	  0.9987428653	700.7701547737
  0.1004000000	  0.9940451864	679.0017621776
  0.1007000000	  1.0153730866	691.3983478854
  0.0982000000	  0.9511926412	667.7500751710
  0.0974000000	  0.9483551722	690.0927137215
  0.0979000000	  0.9923614403	666.3239866070
  0.1037000000	  1.0566699629	685.8562721305
  0.1015000000	  1.0304793879	689.1754650994
  0.0980000000	  1.0099994140	677.4909696114
  0.0980000000	  1.0073955053	682.8328694465
  0.1025000000	  1.0527709989	687.3844690793
  0.0961000000	  0.9540251428	677.8471539262
  0.1043000000	  1.0196125286	689.0134010522
  0.1019000000	  1.0245029817	705.1766713738
  0.1028000000	  1.0038453725	692.0094235881
  0.1007000000	  0.9850180658	694.1048099519
  0.0992000000	  0.9556413039	676.1606310028
  0.1008000000	  1.0429187948	692.4858071326
  0.1001000000	  0.9948233851	684.1318988347
  0.1017000000	  1.0307710558	692.3343268472
  0.0999000000	  1.0549993343	683.5330670994
  0.0998000000	  0.9883425008	693.0880482248
  0.1010000000	  1.0025652113	676.5687501453
  0.1013000000	  0.9981396428	688.0885176537
  0.0962000000	  0.9853318838	671.3692795455
  0.1010000000	  1.0486179996	694.9764470222
  0.0994000000	  0.9930138189	677.0501690310
  0.1041000000	  1.0037127381	694.2952046898
  0.0989000000	  0.9883098447	682.5612733453
  0.0984000000	  1.0249777277	687.1901116417
  0.0950000000	  1.0296661071	698.6465404765
  0.1046000000	  1.0342428966	692.1712960321
  0.0999000000	  1.0211371534	684.9877737580
  0.0993000000	  1.0057510650	686.1509727093
  0.1002000000	  0.9957592301	686.5816017724
  0.1022000000	  1.0683511329	691.7379660131
  0.0978000000	  0.9765332943	676.6554141617
  0.0979000000	  0.9777628340	679.2324993764
  0.0984000000	  1.0035361243	685.7712240833
  0.1049000000	  1.0423439959	695.9164077566
  0.0965000000	  0.9747427016	670.9292111451
  0.0950000000	  1.0088664995	688.3488782199
  0.0999000000	  1.0172820213	696.0678348467
  0.0995000000	  1.0157922453	676.1581039600
  0.0991000000	  0.9672741909	690.6600296266
  0.1027000000	  1.0063308020	693.1345385825
  0.1006000000	  0.9679084937	680.7581357621
  0.1048000000	  1.0455147678	688.7517760399
  0.1013000000	  0.9859326403	689.3258152040
  0.1007000000	  1.0349513120	685.5128238572
  0.1028000000	  0.9942310599	695.3901164990
  0.1009000000	  1.0212992915	684.6856925103
  0.0971000000	  0.9908343046	694.3342823493
  0.0993000000	  0.9682894004	691.3446745507
  0.1033000000	  1.0365671809	689.7767758062
  0.0962000000	  1.0042251718	693.4325816999
  0.1012000000	  1.0223425933	697.7309682999
  0.1036000000	  1.0335730242	699.4390405870
  0.1017000000	  1.0283526831	681.2709337544
  0.0983000000	  0.9317445899	678.6259517778
  0.1021000000	  1.0422680046	697.7060950900
  0.1044000000	  1.0328487244	694.1582484793
  0.1038000000	  0.9821930633	695.1087541376
  0.1014000000	  1.0190465135	680.5579349469
  0.1003000000	  1.0543293021	683.3402661064
  0.0970000000	  0.9421055374	665.8158012988
  0.0986000000	  0.9655018847	684.9876232702
  0.0979000000	  0.9639001229	666.5684624284
  0.1002000000	  0.9941151437	693.3946287916
  0.1020000000	  1.0055202163	676.3391861988
  0.0954000000	  0.9618482904	680.1051085289
  0.0991000000	  0.9227479098	704.8838617125
  0.1033000000	  1.0133350598	704.7942018908
  0.1015000000	  0.9888690722	688.1339411246
  0.1062000000	  1.0558740677	703.1763514810
  0.0992000000	  1.0246947655	686.8375504348
  0.1011000000	  1.0132708051	690.2940834549
  0.1001000000	  1.0549507083	682.1416194689
  0.1033000000	  1.1106905978	697.3043583633
  0.1011000000	  0.9926631913	689.0094537685
  0.0972000000	  1.0045180109	695.1715111223
  0.0989000000	  1.0242092407	679.3076848868
  0.1032000000	  1.0500369778	696.8059719636
  0.0996000000	  1.0145465415	676.9787609191
  0.0960000000	  0.9862368214	670.0901737001
  0.0945000000	  1.0135665198	684.5466123814
  0.1024000000	  1.0308074526	701.9037100125
  0.0962000000	  0.9354395999	689.2550309898
  0.0997000000	  1.0313964067	679.3770899030
  0.1017000000	  1.0083020163	690.3000778785
  0.0962000000	  0.9536232730	679.1526181068
  0.1024000000	  0.9955420492	682.3204547989
  0.1005000000	  0.9673775412	674.6468318325
  0.1035000000	  1.0143094682	687.1079241004
  0.0971000000	  0.9544679557	680.7475309537
  0.1044000000	  1.0180171499	692.6301404297
  0.1031000000	  1.0694488289	690.4491654886
  0.0996000000	  1.0309084291	696.7992641391
  0.1003000000	  1.0349318364	696.6121824558
  0.1000000000	  1.0219309355	676.1707474693
  0.1010000000	  1.0704951259	703.9912408560
  0.0988000000	  0.9549254054	679.1486803064
  0.0986000000	  0.9653121398	679.2113340055
  0.0991000000	  0.9812738686	679.8182155941
  0.0996000000	  0.9635714367	690.0555981536
  0.1001000000	  0.9781218501	700.2684916958
  0.1026000000	  1.0832634565	697.2113010253
  0.1007000000	  0.9881305078	688.5408729140
  0.0998000000	  0.9786554137	677.7878533484
  0.0988000000	  1.0042239404	687.4352820417
  0.1012000000	  0.9666495866	686.1809616680
  0.0996000000	  1.0488201779	693.3257554566
  0.1019000000	  1.0259750890	695.2053946395
  0.0982000000	  1.0057725456	676.3258866234
  0.1001000000	  0.9531838548	686.7547852250
  0.0979000000	  0.9974525717	696.1487269830
  0.0995000000	  1.0486552151	692.3479078733
  0.0965000000	  0.9584722249	677.7219692473
  0.0992000000	  0.9665004671	683.5397077556
  0.0983000000	  0.9731853184	687.0885758210
  0.1069000000	  1.0211787693	692.9667691139
  0.0999000000	  0.9877991976	699.8831573326
  0.0968000000	  0.9775312371	678.7508905277
  0.1003000000	  1.0184188317	694.6128218633
  0.0993000000	  1.0320415759	683.9249574113
  0.1000000000	  0.9865053049	685.2282661003
  0.1007000000	  1.0003065739	690.0317706719
  0.0962000000	  0.9473545097	680.7337187787
  0.1012000000	  1.0475161366	684.6350671081
  0.0967000000	  1.0120849435	685.6160167213
  0.1004000000	  1.0092605675	702.8934231791
  0.0974000000	  0.9834177485	686.4367142758
  0.1006000000	  1.0349317005	689.5908767634
  0.1005000000	  0.9575770002	682.2888310781
  0.0945000000	  0.9339344048	665.5768635816
  0.0959000000	  0.9962449277	684.5998572985
  0.1004000000	  1.0137981019	692.4756285046
  0.1010000000	  1.0065760413	683.4294891237
  0.1038000000	  1.0753277457	708.4880703481
  0.0991000000	  1.0151897974	696.9830226312
  0.0944000000	  0.9568039446	684.1949285995
  0.1009000000	  1.0213325742	674.5150817695
  0.1008000000	  1.0299884377	689.8711224847
  0.0983000000	  0.9698720168	688.9587823270
  0.0991000000	  1.0137483732	690.5840475574
  0.0992000000	  0.9749249023	685.8826228982
  0.1054000000	  0.9784930542	678.1582896316
  0.1017000000	  0.9950921957	697.7481903863
  0.1033000000	  1.0167024791	694.9388003350
  0.1016000000	  1.0268763952	692.7452601114
  0.1000000000	  0.9479314486	666.4423214504
  0.1009000000	  1.0132632742	689.0901770763
  0.0999000000	  1.0222802823	700.5265404700
  0.1015000000	  1.0065528467	687.5703756376
  0.0994000000	  0.9722461134	681.7160909135
  0.1021000000	  1.0815293445	695.6839973576
  0.0982000000	  0.9725956685	697.3606977668
  0.0997000000	  0.9638730407	681.3484601333
  0.1057000000	  1.0240695019	699.1966847851
  0.0946000000	  0.9157961557	675.3635589222
  0.0990000000	  0.9788761437	677.2911011698
  0.0997000000	  0.9642661252	702.7485844602
  0.0981000000	  1.0172277583	692.6953589845
  0.0998000000	  1.0393490717	696.1840126954
  0.0986000000	  1.0090674019	673.8048973687
  0.0976000000	  0.9836477144	694.0395676694
  0.1002000000	  0.9793443362	674.8590995988
  0.0982000000	  0.9749786706	680.1101650353
  0.1013000000	  1.0174006323	685.7425323461
  0.0987000000	  1.0016910930	688.5562261329
  0.1046000000	  0.9886046841	684.1685070251
  0.0996000000	  1.0223741727	675.4103202947
  0.1031000000	  0.9974038684	691.0766091127
  0.1006000000	  1.0244293718	686.3042411197
  0.1018000000	  1.0169862945	680.4925387793
  0.1032000000	  1.0211230484	670.0462650789
  0.1014000000	  1.0130548335	685.3498544671
  0.1009000000	  1.0156628292	690.2233591043
  0.0964000000	  0.9934907002	685.3648041639
  0.0984000000	  0.9728229652	673.3480378160
  0.1026000000	  0.9974050576	686.8720618335
  0.0977000000	  0.9480871807	672.1570641646
  0.1007000000	  0.9501185097	679.4667073554
  0.1032000000	  1.0496847385	693.7919133715
  0.0987000000	  0.9961952142	685.4091813726
  0.1029000000	  1.0463425178	695.9044397099
  0.1024000000	  1.0074614001	675.4714966684
  0.0980000000	  1.0502208204	684.6840351049
  0.0994000000	  0.9538528287	675.6741642462
  0.1012000000	  0.9961242633	696.3110836375
  0.1064000000	  1.0609577657	704.8786500158
  0.0956000000	  0.9179954847	686.3073016612
  0.0962000000	  0.9825544993	688.3298034200
  0.1027000000	  1.0833919259	692.3745078032
  0.1011000000	  1.0124423930	683.9292231502
  0.0974000000	  0.9731736289	672.8155761924
  0.0942000000	  0.9852348738	671.0924620468
  0.1010000000	  1.0254666207	689.9267993233
  0.0993000000	  1.0142742216	687.0411445858
  0.0991000000	  0.9329435835	687.8228078464
  0.1009000000	  1.0332799610	699.0933421387
  0.1028000000	  0.9921481130	696.8229185147
  0.0998000000	  0.9899778458	676.3397372190
  0.0952000000	  0.9919489632	685.0027362143
  0.0966000000	  0.9812885679	683.2645361529
  0.1002000000	  1.0244482358	687.0312052127
  0.0989000000	  0.9663962922	677.1413276049
  0.0973000000	  0.9300808230	683.7360389903
  0.0997000000	  0.9877032699	689.0619789707
  0.0951000000	  0.9631559874	678.7010084441
  0.1002000000	  1.0122242315	686.1901257777
  0.0993000000	  1.0076567147	681.6190093450
  0.0952000000	  0.9770342097	683.9043722670
  0.1010000000	  1.0138070318	681.4869501035
  0.0996000000	  0.9711205462	689.3821883211
  0.1022000000	  1.0232444601	696.4127812260
  0.0967000000	  0.9313215139	683.3155576951
  0.0972000000	  0.9849663919	684.7239191304
  0.0994000000	  0.9819660042	694.2581148215
  0.0950000000	  0.9533557210	683.0378268083
  0.1008000000	  0.9706202175	689.3515023071
  0.0981000000	  0.9938737292	703.3840331455
  0.0975000000	  0.9910952366	687.3596988341
  0.0981000000	  0.9433276702	688.9370886090
  0.1008000000	  1.0136287162	690.2825212730
  0.0979000000	  0.9999218971	688.5034384343
  0.0992000000	  0.9959997037	686.7305355785
  0.1000000000	  0.9519733057	682.4056320899
  0.1014000000	  0.9906047869	679.6076663712
  0.0994000000	  0.9520437037	681.0233637706
  0.1026000000	  0.9467126141	680.7867416634
  0.0966000000	  0.9944342335	674.2030623831
  0.1005000000	  1.0149199442	692.9122114326
  0.1038000000	  1.0305981372	705.7216483908
  0.1015000000	  0.9786198635	685.9538706388
  0.1002000000	  1.0047600103	680.9242806075
  0.0978000000	  0.9384787062	677.5635092193
  0.1027000000	  1.0368946205	698.6574703002
  0.0998000000	  1.0012988640	674.1218297088
  0.1012000000	  1.0694010242	704.3402851586
  0.1018000000	  1.0190779116	686.6975674911
  0.0988000000	  1.0349490994	697.6227970006
  0.1013000000	  1.0673260840	697.7963480902
  0.0984000000	  0.9604149077	700.4061194211
  0.1021000000	  0.9816917662	682.1701404494
  0.1019000000	  0.9804449903	682.3739407552
  0.0977000000	  0.9937298522	676.1973362412
  0.1017000000	  1.0198948127	678.7348160388
  0.1052000000	  1.0638804573	704.3124556156
  0.1050000000	  0.9845510336	684.2276167699
  0.1008000000	  1.0133949826	680.1574850040
  0.0951000000	  0.9580018529	697.2983517847
  0.1072000000	  1.0569882378	696.4022179359
  0.0997000000	  0.9598232969	687.1742630122
  0.1019000000	  1.0027496536	686.9212423520
  0.0991000000	  1.0052914621	676.0868625703
  0.1040000000	  1.0710626764	681.9929652949
  0.0997000000	  0.9756477420	699.8607167961
  0.0980000000	  0.9875388137	681.9652818817
  0.0965000000	  0.9607993091	689.7103864045
  0.1015000000	  1.0689142663	675.0100730341
  0.1002000000	  0.9886205094	686.7005373534
  0.0984000000	  0.9499141905	684.0713707844
  0.1019000000	  0.9946733114	680.9314318737
  0.0992000000	  1.0197473391	695.1218889195
  0.0961000000	  0.9595689370	687.6500506097
  0.1026000000	  1.0047668748	682.9884970307
  0.1020000000	  1.0689604934	697.2469634629
  0.0993000000	  1.0289763326	692.0720994600
  0.0971000000	  0.9791796956	685.4605121425
  0.1037000000	  1.0148335537	692.8872432761
  0.1018000000	  0.9968786102	682.9400721070
  0.0984000000	  0.9961193036	678.9172674627
  0.1003000000	  1.0235751411	687.1686522167
  0.1035000000	  0.9911533764	692.7852457781
  0.1015000000	  1.0324986041	688.8471535134
  0.1024000000	  0.9925062175	691.9737790614
  0.1019000000	  1.0030559870	694.3055346085
  0.1019000000	  0.9772509590	686.0466807424
  0.1015000000	  1.0209250949	699.3582356633
  0.1003000000	  0.9499637209	683.5806418277
  0.0996000000	  0.9961258640	691.2554608817
  0.1003000000	  1.0010325453	693.2056763585
  0.0999000000	  0.9844698013	691.5553425595
  0.1021000000	  1.0300962070	693.9432092089
  0.1030000000	  1.0649500336	697.8952800367
  0.1021000000	  1.0243050328	695.3996103067
  0.1049000000	  1.0621856342	702.1345251429
  0.1002000000	  1.0207364069	692.4288034963
  0.1016000000	  1.0613970342	698.1195409296
  0.1019000000	  1.0040108395	688.8618582191
  0.0966000000	  0.9594358429	687.7013226315
  0.0969000000	  0.9333844087	680.5542710163
  0.1009000000	  1.0070301398	685.2892136567
  0.1028000000	  1.0592349988	700.5125235379
  0.1002000000	  1.0108373026	685.1017680874
  0.0997000000	  1.0246963354	694.3543910527
  0.1023000000	  0.9903581499	689.0032502248
  0.1032000000	  1.0058670235	692.7961744394
  0.1005000000	  0.9681279082	691.7723925165
  0.1032000000	  0.9960651858	685.7236082755
  0.0969000000	  0.9881937312	687.0222765454
  0.1029000000	  1.0453199356	680.8132910874
  0.0976000000	  0.9913410715	683.0846598373
  0.0974000000	  0.9851064310	678.3067307211
  0.1037000000	  1.0294523754	687.0480799255
  0.0981000000	  0.9915860767	688.4821498641
  0.1003000000	  1.0157232744	693.9029898130
  0.1008000000	  1.0006668228	694.1932130989
  0.0978000000	  1.0159540169	683.3600093763
  0.0998000000	  1.0246764990	693.6067361893
  0.1011000000	  1.0252478840	694.7968872880
  0.0978000000	  0.9948075159	671.2013707361
  0.1026000000	  1.0231827882	690.4027987811
  0.0997000000	  1.0341894366	697.0181867863
  0.1005000000	  0.9665354813	685.1995943068
  0.1025000000	  1.0346131270	682.8637257587
  0.1010000000	  1.0109484948	676.9895451009
  0.0944000000	  0.9823999274	681.6047776820
  0.1008000000	  0.9919623768	687.3156982247
  0.0967000000	  0.9850894675	688.2128272512
  0.0984000000	  0.9530278304	679.6633816788
  0.1004000000	  0.9965714317	679.8590933280
  0.1019000000	  1.0584244600	703.1263433869
  0.1019000000	  0.9926108593	684.8573849174
  0.1001000000	  1.0036876661	686.3740159794
  0.0978000000	  0.9608511407	670.8453935956
  0.1008000000	  0.9794161163	687.9407692325
  0.1008000000	  0.9931984283	691.9697848998
  0.0990000000	  1.0044360946	696.0932446656
  0.1041000000	  1.0767611619	702.1073008456
  0.1007000000	  1.0020198807	681.6060859711
  0.1012000000	  1.0382065712	694.8712992103
  0.0991000000	  1.0487575943	706.0504572952
  0.1010000000	  1.0043478316	683.6703323504
  0.1009000000	  1.1101335561	702.4720163523
  0.0967000000	  0.9184988163	679.2476337585
  0.0994000000	  0.9875900894	691.4218800284
  0.1033000000	  1.0314237036	696.2910486748
  0.0966000000	  0.9462607440	675.8863931192
  0.1008000000	  0.9790503298	691.1112948776
  0.1028000000	  1.0533266266	695.1719668782
  0.1001000000	  1.0027450103	694.5423211887
  0.1032000000	  1.0252726271	707.2054059746
  0.1010000000	  0.9399245567	667.5883032363
  0.0970000000	  0.9564901068	670.1276096100
  0.0976000000	  0.9711360375	681.0664738590
  0.1049000000	  1.0471483239	683.2582939041
  0.0969000000	  0.9601305176	679.1845009714
  0.0987000000	  0.9856524450	691.7596096851
  0.1025000000	  1.0744704362	699.4274709711
  0.0989000000	  1.0114549688	691.0203079836
  0.0963000000	  0.9742191053	675.6026675848
  0.1050000000	  1.0301341038	687.9744587653
  0.1022000000	  1.0476927426	687.2750192739
  0.1000000000	  0.9670474600	696.7548278816
  0.0991000000	  0.9970251171	671.8994408860
  0.0982000000	  0.9773089965	685.7750420029
  0.1020000000	  1.0499994558	687.8626965320
  0.0985000000	  1.0058689803	683.2558937801
  0.0980000000	  0.9628181033	683.5028942283
  0.0996000000	  0.9839339853	690.5116326856
  0.1024000000	  1.0081559025	695.8467873135
  0.0983000000	  0.9973002807	671.3916288878
  0.1003000000	  1.0470374549	682.7592814541
  0.0957000000	  0.9552080551	674.3800364833
  0.1014000000	  0.9646576255	687.4279620379
  0.0972000000	  0.9784704107	683.7546969114
  0.1013000000	  0.9683322222	667.9837276100
  0.1011000000	  1.0102130561	690.7678228106
  0.1059000000	  1.0588548867	712.1992884510
  0.1049000000	  1.0157563160	696.9095586504
  0.0986000000	  0.9429661999	672.4724671188
  0.1036000000	  1.0022340050	685.2150259435
  0.0994000000	  1.0114340116	681.6363789457
  0.0956000000	  0.9675588579	686.1964912950
  0.0944000000	  0.9454714931	689.8518749268
  0.0994000000	  0.9922412562	682.0619947526
  0.0975000000	  0.9364447585	682.4574238561
  0.1012000000	  1.0276864573	694.8575008746
  0.1025000000	  1.0126104245	698.6692114672
  0.1006000000	  0.9897776026	694.0852891457
  0.0971000000	  0.9282151505	677.8598376951
  0.0990000000	  1.0312519226	689.4276011038
  0.0983000000	  0.9712697988	689.9576051703
  0.1016000000	  1.0535409360	690.4744634564
  0.1012000000	  0.9777571172	690.4400962496
  0.0984000000	  1.0022375227	694.5863710318
  0.1019000000	  0.9963433383	681.5046485581
  0.1031000000	  0.9944967106	709.5819938872
  0.0991000000	  1.0211753774	683.4246047686
  0.0977000000	  1.0142995508	697.2684432303
  0.0949000000	  0.9349811465	668.4683925535
  0.0971000000	  0.9749356045	679.6664220395
  0.1016000000	  1.0198298737	690.7638677446
  0.1044000000	  1.1013419195	717.9779702069
  0.0972000000	  0.9994544789	676.5944321078
  0.1027000000	  1.0415368062	692.2719835671
  0.1020000000	  1.0125214734	690.4803198256
  0.1031000000	  1.0157141361	687.8124582921
  0.1014000000	  0.9843377467	696.1315951829
  0.0970000000	  0.9560403269	682.7155188290
  0.1047000000	  1.0340900656	690.5736555173
  0.0964000000	  0.9730280643	680.9567881785
  0.1029000000	  1.0317316639	689.3959469698
  0.0985000000	  1.0161571256	673.6004848196
  0.0969000000	  0.9854883784	687.9615538528
  0.1009000000	  1.0343938346	702.4890247642
  0.0981000000	  1.0006154858	690.9515810274
  0.0992000000	  1.0005104732	697.1708027263
  0.0977000000	  0.9944148857	674.7928944745
  0.1037000000	  1.0350514275	705.6261731328
  0.0969000000	  0.9670625650	678.8605112948
  0.0982000000	  1.0112803643	688.1284022858
  0.0985000000	  1.0799865902	692.8443403096
  0.0996000000	  0.9944168768	677.6034593205
  0.1011000000	  0.9503943206	682.5635949632
  0.0968000000	  1.0558290367	684.7870453503
  0.0994000000	  1.0032337468	689.3600826911
  0.0982000000	  1.0275268963	694.2345314631
  0.0997000000	  0.9909497558	680.8903449322
  0.1016000000	  1.0145244369	701.9538815784
  0.0981000000	  0.9713569686	682.4883594772
  0.0961000000	  0.9619161983	688.7304795363
  0.1035000000	  1.0143880069	694.4682233282
  0.1015000000	  1.0390060202	691.0023456563
  0.0963000000	  0.9860612506	689.2474488159
  0.1023000000	  0.9881168177	695.1711585142
  0.1003000000	  1.0231295502	698.8675409465
  0.0964000000	  0.9897844608	681.5156417973
  0.0993000000	  1.0360947312	689.3330369321
  0.1008000000	  0.9648453868	679.7396476353
  0.1009000000	  1.0067551442	698.9028163685
  0.1026000000	  1.0141995854	694.3609836664
  0.0997000000	  0.9912030762	674.4642075972
  0.0999000000	  1.0115807476	688.2707692697
  0.0975000000	  1.0359267507	697.5509263662
  0.0989000000	  1.0008144275	696.7897517862
  0.0952000000	  0.9359056554	683.5762285647
  0.0995000000	  0.9889794997	679.8987641128
  0.1029000000	  1.0524076405	700.5732196788
  0.0982000000	  0.9669247694	681.7657529359
  0.1030000000	  0.9883923413	699.4650359538
  0.1021000000	  1.0142454822	694.7798460809
  0.0972000000	  0.9374636453	683.5263152067
  0.1005000000	  0.9784208889	689.9710481659
  0.1004000000	  1.0176547525	684.2301365742
  0.0966000000	  0.9959413112	686.7812827124
  0.1022000000	  1.0112648636	687.8467593804
  0.1011000000	  1.0427820996	697.5661677668
  0.0952000000	  0.9319787372	673.8603013217
  0.1005000000	  1.0164759398	691.6929243882
  0.0990000000	  1.0605354331	694.7713209643
  0.1018000000	  1.0120623757	692.3259961242
  0.0981000000	  0.9670913067	689.2252374732
  0.0957000000	  0.9620176883	676.5031042076
  0.1028000000	  1.0301941507	695.6466697193
  0.1010000000	  0.9717404537	691.5930034385
  0.1035000000	  1.0347119883	690.9846489168
  0.0971000000	  0.9581843999	674.3816870057
  0.0977000000	  0.9413515881	686.0666755678
  0.1027000000	  1.0185254300	706.2475810253
  0.1020000000	  1.0178890481	689.4535844711
  0.0940000000	  0.9859156715	685.0187184439
  0.1019000000	  1.0224127296	690.5984136856
  0.1036000000	  0.9933249168	684.8008371444
  0.1021000000	  1.0008656704	697.6044194627
  0.0983000000	  1.0262442300	667.5030767791
  0.0996000000	  0.9894112421	692.0882277357
  0.0963000000	  0.9236568180	668.8201007890
  0.1008000000	  1.0230758867	678.2098223645
  0.1016000000	  1.0366493534	688.8330363980
  0.1005000000	  1.0167655161	698.5195777358
  0.1017000000	  1.0242523360	686.3040888591
  0.1021000000	  1.0477871978	699.1279044528
  0.0983000000	  0.9842321676	674.2685432138
  0.1004000000	  1.0352984497	681.5825272433
  0.1012000000	  1.0601385147	685.4547834704
  0.1000000000	  0.9899603583	676.2623515685
  0.0967000000	  0.9824421411	684.2175950574
  0.1010000000	  1.0912383446	703.1851514261
  0.0975000000	  0.9315788450	672.9369774544
  0.0949000000	  0.9795223211	673.3022066654
  0.0997000000	  1.0032169801	677.1248830304
  0.1026000000	  1.0223553416	694.5810010499
  0.1013000000	  1.0689863617	699.9643264154
  0.1008000000	  0.9952655883	688.2945924296
  0.0983000000	  0.9969647197	690.2769072254
  0.0984000000	  0.9851090312	686.7604974260
  0.1005000000	  0.9946690386	689.6416636008
  0.0986000000	  1.0144251973	678.4600144505
