 -1.5655272815
 -1.5634174339
 -1.5685013356
 -1.5596406879
 -1.5615936584
 -1.5657321606
 -1.5556864603
 -1.5664633444
 -1.5615476182
 -1.5569278021
 -1.5682610894
 -1.5647018092
 -1.5672788389
 -1.5691458195
 -1.5593881155
 -1.5623608677
 -1.5671147965
 -1.5631050627
 -1.5570658512
 -1.5562882736
 -1.5666410528
 -1.5615704254
 -1.5567276324
 -1.5586466095
 -1.5705968361
 -1.5600813753
 -1.5614686644
 -1.5664162760
 -1.5612579083
 -1.5578842705
 -1.5571009351
 -1.5627857664
 -1.5578223472
 -1.5553393113
 -1.5608384619
 -1.5562063993
 -1.5616593405
 -1.5655222608
 -1.5678413884
 -1.5589628014
 -1.5656311551
 -1.5677321973
 -1.5647036063
 -1.5585506583
 -1.5611951411
 -1.5629107653
 -1.5622018990
 -1.5620776691
 -1.5655418307
 -1.5561629531
 -1.5694580120
 -1.5573487064
 -1.5670726310
 -1.5646296228
 -1.5666264190
 -1.5601965993
 -1.5605766920
 -1.5620383888
 -1.5675523226
 -1.5565920629
 -1.5597324969
 -1.5539405543
 -1.5608385173
 -1.5597846351
 -1.5615213529
 -1.5649904159
 -1.5596101204
 -1.5591261093
 -1.5620628230
 -1.5610941349
 -1.5648963276
 -1.5581554861
 -1.5603809190
 -1.5609463284
 -1.5649382669
 -1.5612260205
 -1.5636401914
 -1.5646141582
 -1.5629760499
 -1.5679165469
 -1.5645471785
 -1.5672451276
 -1.5604786324
 -1.5591439722
 -1.5615884224
 -1.5645496654
 -1.5566700874
 -1.5615936886
 -1.5604675625
 -1.5622008173
 -1.5608732664
 -1.5645499405
 -1.5624207495
 -1.5671956639
 -1.5619714285
 -1.5616960143
 -1.5648357116
 -1.5552952417
 -1.5623575818
 -1.5621985361
 -1.5628699751
 -1.5576096273
 -1.5576906105
 -1.5638595504
 -1.5640991393
 -1.5599192859
 -1.5566806720
 -1.5657269148
 -1.5612057111
 -1.5626675167
 -1.5623834492
 -1.5600477520
 -1.5629268911
 -1.5555347964
 -1.5561761012
 -1.5608780318
 -1.5595305612
 -1.5583462617
 -1.5668884245
 -1.5660234075
 -1.5591281466
 -1.5653258504
 -1.5652365896
 -1.5587667985
 -1.5536641204
 -1.5669256352
 -1.5643876974
 -1.5594641253
 -1.5686085328
 -1.5623707116
 -1.5583700540
 -1.5626319489
 -1.5682229896
 -1.5632530047
 -1.5635237223
 -1.5645751391
 -1.5649691319
 -1.5606818379
 -1.5604116621
 -1.5600530813
 -1.5648698348
 -1.5604863891
 -1.5582892475
 -1.5636059787
 -1.5598653727
 -1.5654872299
 -1.5657227410
 -1.5591038705
 -1.5489581600
 -1.5621828060
 -1.5559965349
 -1.5671490917
 -1.5606571799
 -1.5596054645
 -1.5619940042
 -1.5676505346
 -1.5632192866
 -1.5697472782
 -1.5614107725
 -1.5603898519
 -1.5614638450
 -1.5624402856
 -1.5629270221
 -1.5594794702
 -1.5601779853
 -1.5587447180
 -1.5620359783
 -1.5600337102
 -1.5631695499
 -1.5592006172
 -1.5572874630
 -1.5568891592
 -1.5616103465
 -1.5615444015
 -1.5582506231
 -1.5616163388
 -1.5603290300
 -1.5637178752
 -1.5625516697
 -1.5588906744
 -1.5535371613
 -1.5628389096
 -1.5596009533
 -1.5644325655
 -1.5662690106
 -1.5618646847
 -1.5676298761
 -1.5644900613
 -1.5600662113
 -1.5627151738
 -1.5674437006
 -1.5599811279
 -1.5636724160
 -1.5600183585
 -1.5621673891
 -1.5662377031
 -1.5650751128
 -1.5629236827
 -1.5617194572
 -1.5626371925
 -1.5586755264
 -1.5606052695
 -1.5597550814
 -1.5683617365
 -1.5567398039
 -1.5640991292
 -1.5612719730
 -1.5638528120
 -1.5711312706
 -1.5627606552
 -1.5705543102
 -1.5621926555
 -1.5556416322
 -1.5623908294
 -1.5618223367
 -1.5629631656
 -1.5559982483
 -1.5602421628
 -1.5572542744
 -1.5661495386
 -1.5638385341
 -1.5656119289
 -1.5571574740
 -1.5590068511
 -1.5610443746
 -1.5647168928
 -1.5597025754
 -1.5653831932
 -1.5607463303
 -1.5623839500
 -1.5574888550
 -1.5628585297
 -1.5668937934
 -1.5628101176
 -1.5566797912
 -1.5597069355
 -1.5637357208
 -1.5630659063
 -1.5584047117
 -1.5635584409
 -1.5633332513
 -1.5625133943
 -1.5646866783
 -1.5635195148
 -1.5650643828
 -1.5653075233
 -1.5549203689
 -1.5524881325
 -1.5675315939
 -1.5607129453
 -1.5600282480
 -1.5602451025
 -1.5622218555
 -1.5606524764
 -1.5653592056
 -1.5665772678
 -1.5579800639
 -1.5579270795
 -1.5621610970
 -1.5523722520
 -1.5643881984
 -1.5622049655
 -1.5612105403
 -1.5658513695
 -1.5592182378
 -1.5574076815
 -1.5648772669
 -1.5572013313
 -1.5592822068
 -1.5568219038
 -1.5611017127
 -1.5571108867
 -1.5623276364
 -1.5575874385
 -1.5595717518
 -1.5685231648
 -1.5628378755
 -1.5632729139
 -1.5602165625
 -1.5648562544
 -1.5670266479
 -1.5602187357
 -1.5603431047
 -1.5646447386
 -1.5628145462
 -1.5700836435
 -1.5639876485
 -1.5616297046
 -1.5652491191
 -1.5589688418
 -1.5655079139
 -1.5611972354
 -1.5685199786
 -1.5636388960
 -1.5681079070
 -1.5614523616
 -1.5648789276
 -1.5621416170
 -1.5591363012
 -1.5585230249
 -1.5645521070
 -1.5599431059
 -1.5615923629
 -1.5648362312
 -1.5611815982
 -1.5651522104
 -1.5684030758
 -1.5577122643
 -1.5583127296
 -1.5668730988
 -1.5658071704
 -1.5628089018
 -1.5589790586
 -1.5637779325
 -1.5526027489
 -1.5643276433
 -1.5588120201
 -1.5587255224
 -1.5661436361
 -1.5670153278
 -1.5664316205
 -1.5646044221
 -1.5642766885
 -1.5669770201
 -1.5578615637
 -1.5629478869
 -1.5631299828
 -1.5632747957
 -1.5601540648
 -1.5610320126
 -1.5646254551
 -1.5665163593
 -1.5631650296
 -1.5591461360
 -1.5594914264
 -1.5607023465
 -1.5605026833
 -1.5557787090
 -1.5652636701
 -1.5580973294
 -1.5607528411
 -1.5730029123
 -1.5739831827
 -1.5648887569
 -1.5661593034
 -1.5610675951
 -1.5555640628
 -1.5595476926
 -1.5597518822
 -1.5648151416
 -1.5607231359
 -1.5653352815
 -1.5635177718
 -1.5578725905
 -1.5644175786
 -1.5592424538
 -1.5646223171
 -1.5610276860
 -1.5677225849
 -1.5635768762
 -1.5604541991
 -1.5617848272
 -1.5595518791
 -1.5633221286
 -1.5587616362
 -1.5567301879
 -1.5577302895
 -1.5612613592
 -1.5666854881
 -1.5606194647
 -1.5599595645
 -1.5662923697
 -1.5582490510
 -1.5610957236
 -1.5668115235
 -1.5580356980
 -1.5618879326
 -1.5592858278
 -1.5595273003
 -1.5622752992
 -1.5603804901
 -1.5598892346
 -1.5621340853
 -1.5635378653
 -1.5694141521
 -1.5558157350
 -1.5601688533
 -1.5599918998
 -1.5635189135
 -1.5589678495
 -1.5591791958
 -1.5592071537
 -1.5589387419
 -1.5597272694
 -1.5627852009
 -1.5602559811
 -1.5615336905
 -1.5611494686
 -1.5581910308
 -1.5586863152
 -1.5640477660
 -1.5604523234
 -1.5672963695
 -1.5599693185
 -1.5624854558
 -1.5666047526
 -1.5594521174
 -1.5587469538
 -1.5655604704
 -1.5586598100
 -1.5607467489
 -1.5642284946
 -1.5644591784
 -1.5619211208
 -1.5636076947
 -1.5661131729
 -1.5614532903
 -1.5581215475
 -1.5664364470
 -1.5612053486
 -1.5611053444
 -1.5667709304
 -1.5650749076
 -1.5638049967
 -1.5574305736
 -1.5590893635
 -1.5555148732
 -1.5633311664
 -1.5655288234
 -1.5595873606
 -1.5577608549
 -1.5581120749
 -1.5541439596
 -1.5645505859
 -1.5624151409
 -1.5598701536
 -1.5656664059
 -1.5625589273
 -1.5586595315
 -1.5653524000
 -1.5564044764
 -1.5672148866
 -1.5636300594
 -1.5625347534
 -1.5678080686
 -1.5646415675
 -1.5609342296
 -1.5543958816
 -1.5631898628
 -1.5614757515
 -1.5630537997
 -1.5622933864
 -1.5640966603
 -1.5597587734
 -1.5578386441
 -1.5576560054
 -1.5572172651
 -1.5677806257
 -1.5607605998
 -1.5651542895
 -1.5573551938
 -1.5636538767
 -1.5604032123
 -1.5605730653
 -1.5556604356
 -1.5681057676
 -1.5586564395
 -1.5597201431
 -1.5612661256
 -1.5633328706
 -1.5632992243
 -1.5604806827
 -1.5614094773
 -1.5627869000
 -1.5623973375
 -1.5584394888
 -1.5616337278
 -1.5606622702
 -1.5612562489
 -1.5629045983
 -1.5600880674
 -1.5542147122
 -1.5677240570
 -1.5629313027
 -1.5655247506
 -1.5675634216
 -1.5565244332
 -1.5636246034
 -1.5628369504
 -1.5592625275
 -1.5642660727
 -1.5607676517
 -1.5606248758
 -1.5673106677
 -1.5643476984
 -1.5588418889
 -1.5606213672
 -1.5632971434
 -1.5612381220
 -1.5570214696
 -1.5603871303
 -1.5630159197
 -1.5559398615
 -1.5662299585
 -1.5629482401
 -1.5666033290
 -1.5643712897
 -1.5558985664
 -1.5598417528
 -1.5547030841
 -1.5623454809
 -1.5668495220
 -1.5645222184
 -1.5615066689
 -1.5599326435
 -1.5605579703
 -1.5597252004
 -1.5620988761
 -1.5642256019
 -1.5583544755
 -1.5647018950
 -1.5573217584
 -1.5582863046
 -1.5617790529
 -1.5529878878
 -1.5604307864
 -1.5647100057
 -1.5627849017
 -1.5593832479
 -1.5583242797
 -1.5566020543
 -1.5661580351
 -1.5607076936
 -1.5536476528
 -1.5615299434
 -1.5538567771
 -1.5610429302
 -1.5655602518
 -1.5600719191
 -1.5606537570
 -1.5650511889
 -1.5539964336
 -1.5706079823
 -1.5612322566
 -1.5645956579
 -1.5628922287
 -1.5602872898
 -1.5606048079
 -1.5636613313
 -1.5601761389
 -1.5556845171
 -1.5662036917
 -1.5618869849
 -1.5629811323
 -1.5518842094
 -1.5665826620
 -1.5557936355
 -1.5558866738
 -1.5612021823
 -1.5655278431
 -1.5590733491
 -1.5655397156
 -1.5629183984
 -1.5601487701
 -1.5615899094
 -1.5605864905
 -1.5672903031
 -1.5577242055
 -1.5615291149
 -1.5566232601
 -1.5560412803
 -1.5646518056
 -1.5619928379
 -1.5621289854
 -1.5609847582
 -1.5597130121
 -1.5634072003
 -1.5654513054
 -1.5647706846
 -1.5638127798
 -1.5626643748
 -1.5616713964
 -1.5605897750
 -1.5678564158
 -1.5655804890
 -1.5513993126
 -1.5623220766
 -1.5610670542
 -1.5601074626
 -1.5591861616
 -1.5604991059
 -1.5601782681
 -1.5584976757
 -1.5618622058
 -1.5676918089
 -1.5557761713
 -1.5581736049
 -1.5650502302
 -1.5673875949
 -1.5628697557
 -1.5634451691
 -1.5615317445
 -1.5654623751
 -1.5584763627
 -1.5651984130
 -1.5639202952
 -1.5668945295
 -1.5578666761
 -1.5649409831
 -1.5566256570
 -1.5574613977
 -1.5654897130
 -1.5672291109
 -1.5596855290
 -1.5598597943
 -1.5667210197
 -1.5664819536
 -1.5523263715
 -1.5604106936
 -1.5638636730
 -1.5622453205
 -1.5589393102
 -1.5619721107
 -1.5597922120
 -1.5603128384
 -1.5604271052
 -1.5585383562
 -1.5568623776
 -1.5585530852
 -1.5609861952
 -1.5568108975
 -1.5609696474
 -1.5591145985
 -1.5614203499
 -1.5586279886
 -1.5573306816
 -1.5637997444
 -1.5682443828
 -1.5630698656
 -1.5538684544
 -1.5575088899
 -1.5645836157
 -1.5645759583
 -1.5607467441
 -1.5600073690
 -1.5592407658
 -1.5590890478
 -1.5586695991
 -1.5606950845
 -1.5615956873
 -1.5574569629
 -1.5642892577
 -1.5578236377
 -1.5597638745
 -1.5650482688
 -1.5561239078
 -1.5618522655
 -1.5645725141
 -1.5663236420
 -1.5625237743
 -1.5641438781
 -1.5645416753
 -1.5592497135
 -1.5655183668
 -1.5633961950
 -1.5654602666
 -1.5650157556
 -1.5695259204
 -1.5617697649
 -1.5629721582
 -1.5630960681
 -1.5601733526
 -1.5574502088
 -1.5647301456
 -1.5619400265
 -1.5604771896
 -1.5663683244
 -1.5600093327
 -1.5586017421
 -1.5595193565
 -1.5703445991
 -1.5669762482
 -1.5599645906
 -1.5636679155
 -1.5588125246
 -1.5571305086
 -1.5649118964
 -1.5576446740
 -1.5580318258
 -1.5627535432
 -1.5569342836
 -1.5665670324
 -1.5673564804
 -1.5656265111
 -1.5580150984
 -1.5627847855
 -1.5622854510
 -1.5559818226
 -1.5593576177
 -1.5642283610
 -1.5595083564
 -1.5613121722
 -1.5648971659
 -1.5603117234
 -1.5550069122
 -1.5560375908
 -1.5579310954
 -1.5612066470
 -1.5566843543
 -1.5632563686
 -1.5587990935
 -1.5617689544
 -1.5652276355
 -1.5641378350
 -1.5640975167
 -1.5629124365
 -1.5595020342
 -1.5599648356
 -1.5610726240
 -1.5592788291
 -1.5626060861
 -1.5593717264
 -1.5635772883
 -1.5578395792
 -1.5631136314
 -1.5659112102
 -1.5588260861
 -1.5663264143
 -1.5652347805
 -1.5654063813
 -1.5621575360
 -1.5647056756
 -1.5608764327
 -1.5694941048
 -1.5645327626
 -1.5649144572
 -1.5606234804
 -1.5630798007
 -1.5649106224
 -1.5568351381
 -1.5649790246
 -1.5590204693
 -1.5614671128
 -1.5607829343
 -1.5584225771
 -1.5663856619
 -1.5565744944
 -1.5644235181
 -1.5586957463
 -1.5610553426
 -1.5632031954
 -1.5577668476
 -1.5636438958
 -1.5593929092
 -1.5603702573
 -1.5599350323
 -1.5613519155
 -1.5568989442
 -1.5600849782
 -1.5563172247
 -1.5696378688
 -1.5622162809
 -1.5649696758
 -1.5584794963
 -1.5582214831
 -1.5622520966
 -1.5647674318
 -1.5663009181
 -1.5648840110
 -1.5582572748
 -1.5579462139
 -1.5575728887
 -1.5654338829
 -1.5659024451
 -1.5647286675
 -1.5571545777
 -1.5634216352
 -1.5607053284
 -1.5651121501
 -1.5629917641
 -1.5611144138
 -1.5677810309
 -1.5612631054
 -1.5639357273
 -1.5679861437
 -1.5602787533
 -1.5687968236
 -1.5614041080
 -1.5578061837
 -1.5603486326
 -1.5641105641
 -1.5625248045
 -1.5695969284
 -1.5652082089
 -1.5611990965
 -1.5586814527
 -1.5619479516
 -1.5600011771
 -1.5687173839
 -1.5618988078
 -1.5580613783
 -1.5636109382
 -1.5632660666
 -1.5713319425
 -1.5669468047
 -1.5683786833
 -1.5645035893
 -1.5629809047
 -1.5670061236
 -1.5523582559
 -1.5636187365
 -1.5581188315
 -1.5546278407
 -1.5635713691
 -1.5627089556
 -1.5638112841
 -1.5577536595
 -1.5636091866
 -1.5648002124
 -1.5658627425
 -1.5598039483
 -1.5644820922
 -1.5572855506
 -1.5669854372
 -1.5589800581
 -1.5607345927
 -1.5568070112
 -1.5635051299
 -1.5581283470
 -1.5603271300
 -1.5657279795
 -1.5629724902
 -1.5522404807
 -1.5617649110
 -1.5605750616
 -1.5656314944
 -1.5613094640
 -1.5569538467
 -1.5646654183
 -1.5583978943
 -1.5574289803
 -1.5621468560
 -1.5632117219
 -1.5549981764
 -1.5594321924
 -1.5598685971
 -1.5635492247
 -1.5563715399
 -1.5619537990
 -1.5597574585
 -1.5608425475
 -1.5558692401
 -1.5624162656
 -1.5698406849
 -1.5574070807
 -1.5683866113
 -1.5596549352
 -1.5569261643
 -1.5586827677
 -1.5617243753
 -1.5620829790
 -1.5524507262
 -1.5531230788
 -1.5596768292
 -1.5626152975
 -1.5577598980
 -1.5605272946
 -1.5559041721
 -1.5560183052
 -1.5610823340
 -1.5570711291
 -1.5613320557
 -1.5618899547
 -1.5599598402
 -1.5602842670
 -1.5631144656
 -1.5587462847
 -1.5596871110
 -1.5610474853
 -1.5602219976
 -1.5689916377
 -1.5626095426
 -1.5646725484
 -1.5641253945
 -1.5666744608
 -1.5555953744
 -1.5635041773
 -1.5580361153
 -1.5635263264
 -1.5530756107
 -1.5610766273
 -1.5546916626
 -1.5616393545
 -1.5544819404
 -1.5600065077
 -1.5608325753
 -1.5588480022
 -1.5634986178
 -1.5671966009
 -1.5595864210
 -1.5626622714
 -1.5527033575
 -1.5591766982
 -1.5574173644
 -1.5656736673
 -1.5660178305
 -1.5572719634
 -1.5614410325
 -1.5602828094
 -1.5611471056
 -1.5643730204
 -1.5612563297
 -1.5576730423
 -1.5638419067
 -1.5606377263
 -1.5620282433
 -1.5597233235
 -1.5683799449
 -1.5615100635
 -1.5606654235
 -1.5633506664
 -1.5655093545
 -1.5556737529
 -1.5540066858
 -1.5631898972
 -1.5645857007
 -1.5670456765
 -1.5551657309
 -1.5547072319
 -1.5671273993
 -1.5571194719
 -1.5622827968
 -1.5607931153
 -1.5688895109
 -1.5556524675
 -1.5615605791
 -1.5580181175
 -1.5661286801
 -1.5613456188
 -1.5654572996
 -1.5542374804
 -1.5689185681
 -1.5693371982
 -1.5577850315
 -1.5645437886
 -1.5590704676
 -1.5571212458
 -1.5614133829
 -1.5604090757
 -1.5569354960
 -1.5644449180
 -1.5646647939
 -1.5639408241
 -1.5658604284
 -1.5629253139
 -1.5580367518
 -1.5610810710
 -1.5600800552
 -1.5641741968
 -1.5611908335
 -1.5596295805
 -1.5647447351
 -1.5579431394
 -1.5599312317
 -1.5649268587
 -1.5617844358
 -1.5661842328
 -1.5645652996
 -1.5699518787
 -1.5626481412
 -1.5662480910
 -1.5519618375
 -1.5613645177
 -1.5659038642
 -1.5552976330
 -1.5622547767
 -1.5597605930
 -1.5595644566
 -1.5615336330
 -1.5618089781
 -1.5627043468
 -1.5564081849
 -1.5606621790
 -1.5641655298
 -1.5685112191
 -1.5556387087
 -1.5600356280
 -1.5624710690
 -1.5599548515
 -1.5642977543
 -1.5617184507
 -1.5596764576
 -1.5665103194
 -1.5610264425
 -1.5664718821
 -1.5588612988
 -1.5633034940
 -1.5634125506
 -1.5616114800
 -1.5658864547
