 -1.5575235993
 -1.5692745511
 -1.5672432318
 -1.5656675555
 -1.5635339671
 -1.5683672265
 -1.5605294343
 -1.5616936929
 -1.5544644652
 -1.5682786407
 -1.5631093679
 -1.5632160452
 -1.5583578023
 -1.5577783736
 -1.5669051877
 -1.5612562301
 -1.5624928973
 -1.5602386304
 -1.5606234677
 -1.5629375148
 -1.5671769240
 -1.5528365791
 -1.5573900536
 -1.5655653072
 -1.5633886317
 -1.5586953571
 -1.5649499738
 -1.5644200611
 -1.5547018027
 -1.5589403308
 -1.5584778473
 -1.5602038180
 -1.5662893499
 -1.5587950506
 -1.5595347603
 -1.5570139469
 -1.5626022542
 -1.5574742206
 -1.5589983240
 -1.5615532357
 -1.5591006425
 -1.5563665614
 -1.5613041844
 -1.5641555446
 -1.5600722024
 -1.5615653111
 -1.5552239256
 -1.5614122094
 -1.5617707176
 -1.5576539941
 -1.5607751052
 -1.5585396143
 -1.5580882513
 -1.5605550077
 -1.5602190263
 -1.5657134371
 -1.5615448030
 -1.5614757285
 -1.5681112874
 -1.5592898908
 -1.5665311472
 -1.5593909948
 -1.5615534400
 -1.5659697773
 -1.5569839887
 -1.5640107648
 -1.5601619584
 -1.5656938643
 -1.5612327874
 -1.5637362869
 -1.5584379661
 -1.5579726087
 -1.5662286336
 -1.5727055045
 -1.5507390785
 -1.5557723877
 -1.5662018168
 -1.5592113752
 -1.5594707486
 -1.5604948036
 -1.5572300899
 -1.5588383836
 -1.5639490752
 -1.5631502949
 -1.5583662331
 -1.5584592583
 -1.5616227492
 -1.5622720801
 -1.5614429712
 -1.5549369437
 -1.5614245761
 -1.5637164875
 -1.5660260913
 -1.5611977317
 -1.5653144754
 -1.5586045619
 -1.5673570252
 -1.5617437605
 -1.5667215104
 -1.5654476637
 -1.5657039112
 -1.5574334679
 -1.5615735871
 -1.5622149509
 -1.5645704869
 -1.5592800617
 -1.5612600869
 -1.5605740802
 -1.5643929278
 -1.5622671364
 -1.5690891777
 -1.5598740002
 -1.5564176636
 -1.5689174337
 -1.5622124888
 -1.5607944731
 -1.5599551674
 -1.5552193571
 -1.5646675504
 -1.5631469351
 -1.5601020328
 -1.5592274561
 -1.5675506735
 -1.5525796337
 -1.5609166348
 -1.5603441460
 -1.5639490508
 -1.5570909281
 -1.5648445016
 -1.5631781704
 -1.5614891801
 -1.5639780001
 -1.5617644700
 -1.5621411424
 -1.5555428565
 -1.5626792817
 -1.5568190167
 -1.5643244981
 -1.5691516226
 -1.5680841301
 -1.5540373429
 -1.5622920228
 -1.5519896810
 -1.5700430058
 -1.5630184933
 -1.5617910945
 -1.5586735602
 -1.5682192531
 -1.5635686003
 -1.5622588899
 -1.5626868040
 -1.5620747411
 -1.5651263412
 -1.5641314760
 -1.5550494410
 -1.5633780259
 -1.5690622762
 -1.5660780194
 -1.5653887019
 -1.5709600110
 -1.5649257659
 -1.5601514170
 -1.5576741724
 -1.5668188513
 -1.5654094354
 -1.5591459121
 -1.5556065434
 -1.5636397780
 -1.5585475369
 -1.5594503748
 -1.5633868647
 -1.5535624109
 -1.5626268838
 -1.5666466445
 -1.5520654314
 -1.5541352132
 -1.5594375419
 -1.5656247711
 -1.5635259379
 -1.5605593383
 -1.5553116068
 -1.5648475310
 -1.5577559484
 -1.5679141757
 -1.5517416108
 -1.5591675999
 -1.5608787357
 -1.5548508098
 -1.5643896299
 -1.5573102596
 -1.5531809466
 -1.5622684570
 -1.5652405879
 -1.5641433105
 -1.5599389808
 -1.5627048904
 -1.5674013690
 -1.5669549863
 -1.5607293454
 -1.5653708889
 -1.5622571370
 -1.5622922954
 -1.5625742903
 -1.5684512388
 -1.5623616764
 -1.5607843790
 -1.5580443835
 -1.5600593639
 -1.5560828176
 -1.5613113614
 -1.5648629572
 -1.5631629387
 -1.5632885201
 -1.5614061602
 -1.5579232989
 -1.5666557911
 -1.5553533017
 -1.5613333755
 -1.5632461177
 -1.5665432701
 -1.5653431832
 -1.5640588222
 -1.5646921415
 -1.5518843121
 -1.5579488337
 -1.5641649946
 -1.5623366860
 -1.5534903015
 -1.5560816974
 -1.5538444314
 -1.5568488167
 -1.5578750291
 -1.5657495515
 -1.5623287764
 -1.5703838615
 -1.5641185824
 -1.5648921708
 -1.5556188209
 -1.5651123971
 -1.5575677577
 -1.5576768199
 -1.5610887280
 -1.5634577974
 -1.5698980242
 -1.5580236519
 -1.5632357909
 -1.5612530057
 -1.5645337771
 -1.5627557144
 -1.5626736334
 -1.5539353645
 -1.5619926829
 -1.5675256396
 -1.5551404863
 -1.5646371661
 -1.5610103653
 -1.5545667005
 -1.5651779146
 -1.5583035643
 -1.5593344777
 -1.5654983740
 -1.5577982688
 -1.5635259894
 -1.5611369343
 -1.5674344269
 -1.5625877644
 -1.5630710405
 -1.5645466658
 -1.5547422304
 -1.5609519331
 -1.5683267339
 -1.5621035620
 -1.5653646941
 -1.5589795009
 -1.5588480756
 -1.5638351596
 -1.5568402397
 -1.5592422193
 -1.5582744862
 -1.5620286248
 -1.5583145805
 -1.5617053178
 -1.5628553883
 -1.5615554590
 -1.5549007191
 -1.5582897338
 -1.5591486564
 -1.5526877152
 -1.5672312401
 -1.5624741874
 -1.5582470857
 -1.5597278464
 -1.5615846946
 -1.5628864499
 -1.5673227179
 -1.5612560298
 -1.5607029522
 -1.5589841098
 -1.5664762764
 -1.5535634293
 -1.5615029360
 -1.5676023335
 -1.5605587065
 -1.5648716906
 -1.5579742892
 -1.5645993209
 -1.5620973459
 -1.5579951521
 -1.5646765627
 -1.5651493264
 -1.5616511578
 -1.5577593173
 -1.5523446396
 -1.5569505533
 -1.5574267176
 -1.5546335462
 -1.5569709414
 -1.5635130977
 -1.5476696372
 -1.5663135061
 -1.5635521608
 -1.5617149781
 -1.5607529101
 -1.5608933505
 -1.5680254686
 -1.5606832177
 -1.5654927295
 -1.5562004277
 -1.5605888207
 -1.5612190904
 -1.5567664971
 -1.5618756079
 -1.5684662288
 -1.5635634693
 -1.5678491023
 -1.5639296687
 -1.5647831163
 -1.5622487109
 -1.5638186827
 -1.5588183369
 -1.5645064044
 -1.5595871292
 -1.5617972675
 -1.5577270967
 -1.5659603220
 -1.5662285245
 -1.5623447438
 -1.5648837052
 -1.5653900640
 -1.5608022348
 -1.5579482973
 -1.5682375229
 -1.5595645767
 -1.5582681948
 -1.5634096853
 -1.5596619318
 -1.5644825937
 -1.5591732962
 -1.5625688266
 -1.5586808639
 -1.5622541793
 -1.5647021908
 -1.5599522964
 -1.5581574450
 -1.5592372430
 -1.5535651705
 -1.5613674834
 -1.5693530743
 -1.5606632064
 -1.5652994958
 -1.5665544459
 -1.5687239071
 -1.5542104761
 -1.5670954239
 -1.5670686560
 -1.5676756723
 -1.5617047604
 -1.5584652853
 -1.5541950000
 -1.5568484771
 -1.5585891309
 -1.5588895413
 -1.5603330565
 -1.5606626513
 -1.5578037329
 -1.5631474935
 -1.5624708871
 -1.5577245159
 -1.5518190746
 -1.5592413350
 -1.5632310445
 -1.5686219889
 -1.5644612475
 -1.5628189949
 -1.5675666922
 -1.5598188319
 -1.5668778856
 -1.5576064120
 -1.5632486812
 -1.5625595388
 -1.5655129337
 -1.5573038238
 -1.5663883168
 -1.5597108305
 -1.5524654201
 -1.5661246797
 -1.5593773614
 -1.5620751685
 -1.5620385654
 -1.5640380408
 -1.5583700436
 -1.5624955547
 -1.5599262374
 -1.5605213583
 -1.5559188828
 -1.5601945841
 -1.5555644841
 -1.5592160590
 -1.5577664562
 -1.5616677004
 -1.5591033858
 -1.5623763347
 -1.5591305902
 -1.5633743393
 -1.5602190632
 -1.5644480278
 -1.5568964600
 -1.5637919000
 -1.5601366218
 -1.5580749574
 -1.5693181685
 -1.5643337501
 -1.5621550238
 -1.5532758782
 -1.5635068841
 -1.5643261989
 -1.5654964306
 -1.5625464685
 -1.5652639582
 -1.5696117524
 -1.5558139126
 -1.5604364106
 -1.5659332042
 -1.5602302060
 -1.5645398225
 -1.5667460004
 -1.5618833961
 -1.5594270757
 -1.5618840498
 -1.5625194124
 -1.5588228579
 -1.5583104938
 -1.5559309664
 -1.5602006993
 -1.5637162242
 -1.5618390299
 -1.5607882300
 -1.5567434196
 -1.5631950146
 -1.5573366690
 -1.5598480943
 -1.5642956754
 -1.5553393962
 -1.5592828860
 -1.5638596952
 -1.5613837334
 -1.5591774605
 -1.5577969207
 -1.5636086882
 -1.5621928711
 -1.5550066931
 -1.5613738989
 -1.5659400437
 -1.5571664421
 -1.5587560646
 -1.5605676344
 -1.5620935652
 -1.5590571146
 -1.5629747027
 -1.5595860478
 -1.5579345252
 -1.5641011866
 -1.5679033545
 -1.5650456928
 -1.5607436088
 -1.5645084637
 -1.5598967704
 -1.5610607051
 -1.5653830821
 -1.5613654716
 -1.5656124638
 -1.5645655524
 -1.5610100731
 -1.5684014132
 -1.5648856094
 -1.5545748944
 -1.5622644293
 -1.5620237717
 -1.5643542952
 -1.5707933336
 -1.5736011705
 -1.5643481366
 -1.5630509924
 -1.5609442180
 -1.5638002918
 -1.5579377527
 -1.5610127178
 -1.5673741608
 -1.5673450861
 -1.5583656714
 -1.5634761177
 -1.5616172221
 -1.5592093813
 -1.5689373358
 -1.5580943231
 -1.5614147841
 -1.5701434804
 -1.5646748148
 -1.5619278510
 -1.5673791783
 -1.5658828874
 -1.5575223781
 -1.5614032479
 -1.5551980685
 -1.5620829410
 -1.5685581362
 -1.5666436440
 -1.5640516481
 -1.5586802130
 -1.5586933740
 -1.5596003389
 -1.5586209272
 -1.5660249214
 -1.5612587016
 -1.5654918709
 -1.5657436827
 -1.5700645142
 -1.5661984668
 -1.5569133577
 -1.5563680283
 -1.5660894536
 -1.5620420121
 -1.5571734315
 -1.5619951426
 -1.5672719400
 -1.5607092734
 -1.5693200513
 -1.5598564187
 -1.5633053495
 -1.5572456632
 -1.5551102831
 -1.5638010101
 -1.5578756420
 -1.5681501050
 -1.5642204946
 -1.5611180131
 -1.5579559518
 -1.5590647051
 -1.5669799692
 -1.5541247204
 -1.5560616883
 -1.5580656727
 -1.5642016842
 -1.5632643064
 -1.5598825517
 -1.5590862730
 -1.5666203396
 -1.5588599738
 -1.5646467878
 -1.5601772201
 -1.5603838975
 -1.5629827952
 -1.5606291376
 -1.5629878127
 -1.5612514537
 -1.5613824817
 -1.5582073502
 -1.5650783330
 -1.5669074481
 -1.5586111421
 -1.5589452248
 -1.5565427363
 -1.5586722038
 -1.5672744937
 -1.5556985373
 -1.5645369812
 -1.5569057486
 -1.5664024023
 -1.5628873861
 -1.5639294562
 -1.5656319073
 -1.5637834537
 -1.5662245685
 -1.5591367162
 -1.5624086937
 -1.5609255420
 -1.5587880134
 -1.5666718082
 -1.5622478092
 -1.5631425923
 -1.5532542299
 -1.5570527792
 -1.5574510239
 -1.5582667282
 -1.5626625624
 -1.5639173897
 -1.5635094026
 -1.5637529208
 -1.5533609442
 -1.5716014970
 -1.5644672971
 -1.5670227665
 -1.5714140151
 -1.5606126794
 -1.5576196120
 -1.5592740214
 -1.5586924774
 -1.5634012637
 -1.5606984803
 -1.5662449917
 -1.5661940167
 -1.5697530053
 -1.5627296189
 -1.5586026167
 -1.5600482445
 -1.5572529618
 -1.5524249746
 -1.5601261932
 -1.5659665707
 -1.5570705376
 -1.5582358837
 -1.5599645942
 -1.5578603429
 -1.5617846047
 -1.5557181618
 -1.5659767095
 -1.5638304555
 -1.5567465731
 -1.5623519668
 -1.5577042061
 -1.5702129391
 -1.5630615659
 -1.5584236991
 -1.5603650299
 -1.5604800833
 -1.5621545814
 -1.5632960102
 -1.5578700579
 -1.5589086690
 -1.5595001802
 -1.5601130898
 -1.5555402908
 -1.5607167431
 -1.5625456262
 -1.5590859635
 -1.5556706643
 -1.5674239113
 -1.5633329034
 -1.5569261481
 -1.5569640715
 -1.5699119966
 -1.5648821052
 -1.5625569506
 -1.5594266665
 -1.5643533146
 -1.5629686717
 -1.5618495159
 -1.5632661097
 -1.5608781154
 -1.5572820684
 -1.5582034858
 -1.5635772979
 -1.5615193441
 -1.5627352475
 -1.5609347739
 -1.5668415020
 -1.5612549264
 -1.5685946146
 -1.5609904661
 -1.5653654330
 -1.5602178314
 -1.5550910197
 -1.5662532243
 -1.5655405961
 -1.5650636976
 -1.5572661175
 -1.5648133604
 -1.5673189047
 -1.5679913652
 -1.5680677884
 -1.5653832978
 -1.5654672616
 -1.5650475132
 -1.5550445129
 -1.5600297287
 -1.5590312122
 -1.5587545074
 -1.5652226712
 -1.5600443678
 -1.5636617416
 -1.5560243505
 -1.5704571032
 -1.5599500512
 -1.5584270248
 -1.5583250296
 -1.5575511140
 -1.5558131331
 -1.5666101476
 -1.5642807034
 -1.5596595844
 -1.5616057749
 -1.5612020349
 -1.5572112027
 -1.5619277384
 -1.5557968659
 -1.5640787746
 -1.5557497512
 -1.5652735630
 -1.5562969763
 -1.5701079789
 -1.5595365068
 -1.5557132088
 -1.5600590172
 -1.5618031967
 -1.5570143575
 -1.5642365281
 -1.5548912753
 -1.5556723176
 -1.5611377841
 -1.5598934717
 -1.5512000832
 -1.5589913667
 -1.5632865006
 -1.5540941142
 -1.5623162369
 -1.5627711921
 -1.5570022884
 -1.5570028686
 -1.5560653609
 -1.5651428500
 -1.5563731291
 -1.5696249407
 -1.5594200980
 -1.5574671215
 -1.5628483047
 -1.5560721665
 -1.5576912693
 -1.5650903069
 -1.5615701433
 -1.5637869893
 -1.5600750645
 -1.5641882593
 -1.5599164409
 -1.5565337640
 -1.5543006961
 -1.5565606801
 -1.5563559909
 -1.5556163519
 -1.5675974976
 -1.5613521154
 -1.5498329315
 -1.5633050687
 -1.5579638795
 -1.5581975348
 -1.5618204619
 -1.5613865483
 -1.5584248368
 -1.5604393336
 -1.5630246627
 -1.5611043041
 -1.5600437933
 -1.5580626615
 -1.5631392749
 -1.5620590214
 -1.5581595369
 -1.5607604010
 -1.5595933468
 -1.5606879401
 -1.5624289542
 -1.5597063490
 -1.5633688273
 -1.5590681782
 -1.5638665346
 -1.5562590179
 -1.5658633442
 -1.5610496686
 -1.5552542982
 -1.5627417786
 -1.5612797975
 -1.5599128269
 -1.5639389779
 -1.5629481158
 -1.5566704543
 -1.5565194922
 -1.5650898521
 -1.5621605323
 -1.5614596601
 -1.5579688308
 -1.5616747875
 -1.5627398683
 -1.5583558602
 -1.5548440833
 -1.5592065981
 -1.5714257827
 -1.5564043805
 -1.5649614198
 -1.5628786369
 -1.5602153135
 -1.5611845074
 -1.5639356955
 -1.5647991965
 -1.5548839394
 -1.5570702371
 -1.5603742243
 -1.5669874681
 -1.5603670920
 -1.5579579793
 -1.5670386917
 -1.5680401062
 -1.5589379413
 -1.5664648247
 -1.5591770760
 -1.5592059673
 -1.5695901275
 -1.5627045035
 -1.5674729993
 -1.5547839719
 -1.5698496456
 -1.5561241247
 -1.5554300622
 -1.5621595468
 -1.5604843906
 -1.5654999978
 -1.5615381273
 -1.5635804601
 -1.5625304883
 -1.5647656407
 -1.5696389483
 -1.5663610642
 -1.5648042453
 -1.5628335397
 -1.5624453479
 -1.5601167113
 -1.5642460254
 -1.5640639816
 -1.5666606670
 -1.5603680269
 -1.5616010068
 -1.5597584273
 -1.5610768594
 -1.5628262720
 -1.5646172218
 -1.5605334747
 -1.5540915111
 -1.5598803190
 -1.5652521362
 -1.5692289692
 -1.5655410558
 -1.5606160319
 -1.5640624096
 -1.5624364433
 -1.5600392504
 -1.5510732201
 -1.5584745204
 -1.5607946167
 -1.5607555598
 -1.5572848616
 -1.5659091327
 -1.5623818562
 -1.5598404500
 -1.5639565113
 -1.5658433878
 -1.5615009917
 -1.5718261568
 -1.5630364196
 -1.5654339153
 -1.5576971597
 -1.5681112478
 -1.5590969288
 -1.5603716389
 -1.5613373301
 -1.5591487163
 -1.5585703881
 -1.5585519393
 -1.5587727161
 -1.5633870823
 -1.5561933251
 -1.5578652199
 -1.5562444957
 -1.5597206639
 -1.5591045051
 -1.5643831458
 -1.5556954556
 -1.5579920109
 -1.5615672099
 -1.5544997975
 -1.5634787371
 -1.5591883186
 -1.5618467152
 -1.5569041767
 -1.5583437677
 -1.5635556901
 -1.5601410879
 -1.5643546519
 -1.5607169340
 -1.5612080420
 -1.5587038074
 -1.5596092859
 -1.5568714411
 -1.5601697840
 -1.5614873691
 -1.5695721095
 -1.5632647145
 -1.5600495932
 -1.5615228011
 -1.5610564472
 -1.5651421098
 -1.5685830350
 -1.5650759113
 -1.5566917642
 -1.5593861547
 -1.5651194671
 -1.5582050425
 -1.5608022023
 -1.5606884317
 -1.5561705903
 -1.5575243863
 -1.5674495920
 -1.5589681332
 -1.5615640568
 -1.5626122876
 -1.5675189087
 -1.5621067617
 -1.5595419452
 -1.5559724332
 -1.5605488597
 -1.5584898085
 -1.5633220628
 -1.5624709769
 -1.5725743440
 -1.5567381016
 -1.5605844188
 -1.5641566110
 -1.5619093090
 -1.5579114002
 -1.5676476259
 -1.5650777279
 -1.5669444750
 -1.5661339646
 -1.5664070656
 -1.5606679805
 -1.5618824369
 -1.5594607036
 -1.5573284553
 -1.5617325153
 -1.5613464309
 -1.5656007140
 -1.5587975595
 -1.5654523835
 -1.5624909717
 -1.5601592529
 -1.5602375971
 -1.5593755805
 -1.5624657494
 -1.5560449436
 -1.5651445820
 -1.5527691112
 -1.5633066729
 -1.5609547315
 -1.5589188175
 -1.5649082519
 -1.5611023085
 -1.5549319870
 -1.5585826396
 -1.5640546132
 -1.5645676162
 -1.5601954396
 -1.5551676634
 -1.5590489083
 -1.5609174544
 -1.5637897653
 -1.5535007476
 -1.5656752306
 -1.5678453819
 -1.5555440422
 -1.5625457799
 -1.5630873122
 -1.5536747421
 -1.5561830157
 -1.5626480246
 -1.5613204033
 -1.5585569299
 -1.5677230207
 -1.5665244627
 -1.5611337354
 -1.5630760291
 -1.5597195262
 -1.5575049844
 -1.5602371374
 -1.5641345463
