 -1.5772164349
 -1.5490261395
 -1.5507934702
 -1.5621224005
 -1.5588114034
 -1.5513749432
 -1.5657416526
 -1.5551954199
 -1.5549297196
 -1.5521895842
 -1.5631925227
 -1.5627354698
 -1.5546397540
 -1.5541157170
 -1.5678532346
 -1.5615521926
 -1.5558287337
 -1.5448119189
 -1.5652941246
 -1.5551972166
 -1.5654141003
 -1.5535482496
 -1.5719858307
 -1.5647665623
 -1.5569388315
 -1.5601785255
 -1.5382191267
 -1.5617883360
 -1.5588835526
 -1.5550340903
 -1.5464847773
 -1.5357623598
 -1.5555595374
 -1.5457518324
 -1.5622455551
 -1.5520973303
 -1.5645800262
 -1.5490112571
 -1.5598522770
 -1.5665271298
 -1.5515540790
 -1.5585629063
 -1.5787163350
 -1.5601112545
 -1.5487138352
 -1.5552616086
 -1.5517214570
 -1.5517596212
 -1.5584885006
 -1.5566366563
 -1.5467869920
 -1.5402093711
 -1.5732595898
 -1.5703760125
 -1.5566573918
 -1.5501127144
 -1.5564544498
 -1.5688346699
 -1.5654673153
 -1.5583681331
 -1.5531799281
 -1.5480305819
 -1.5425728947
 -1.5508221536
 -1.5720816425
 -1.5800825501
 -1.5573773469
 -1.5672973737
 -1.5536792853
 -1.5722040264
 -1.5517538553
 -1.5408291304
 -1.5353743474
 -1.5655118303
 -1.5617924402
 -1.5648882764
 -1.5699273868
 -1.5598876516
 -1.5645557738
 -1.5519473506
 -1.5595082084
 -1.5667908555
 -1.5583441962
 -1.5602762363
 -1.5519338324
 -1.5525122482
 -1.5437935785
 -1.5601616739
 -1.5541195745
 -1.5396117324
 -1.5592790036
 -1.5671950176
 -1.5690740110
 -1.5611007429
 -1.5551615933
 -1.5532911946
 -1.5753352999
 -1.5561622062
 -1.5698288527
 -1.5491250589
 -1.5545346401
 -1.5478889046
 -1.5599377997
 -1.5460763032
 -1.5668176639
 -1.5613645980
 -1.5651016601
 -1.5491574342
 -1.5537136074
 -1.5489095317
 -1.5543554832
 -1.5538610587
 -1.5615902586
 -1.5661838244
 -1.5620267019
 -1.5547877748
 -1.5735674184
 -1.5599211950
 -1.5658880852
 -1.5603889603
 -1.5422245764
 -1.5495180502
 -1.5616349010
 -1.5544600925
 -1.5631497541
 -1.5556690385
 -1.5642942954
 -1.5582883796
 -1.5491873473
 -1.5387434827
 -1.5566188251
 -1.5517219626
 -1.5526153249
 -1.5514769399
 -1.5714041973
 -1.5661274231
 -1.5547778488
 -1.5734179187
 -1.5461646574
 -1.5685345627
 -1.5565500925
 -1.5701132937
 -1.5621077256
 -1.5679821022
 -1.5584726745
 -1.5192776449
 -1.5532968221
 -1.5531090488
 -1.5675845779
 -1.5658625077
 -1.5517959420
 -1.5420071950
 -1.5476024162
 -1.5523976051
 -1.5528708166
 -1.5663080422
 -1.5435837254
 -1.5461771600
 -1.5496689164
 -1.5681506916
 -1.5635870568
 -1.5645578021
 -1.5683156167
 -1.5748490092
 -1.5508155003
 -1.5585819969
 -1.5495791947
 -1.5634923397
 -1.5618747975
 -1.5477024293
 -1.5391194801
 -1.5585522689
 -1.5427170415
 -1.5629173946
 -1.5562812028
 -1.5582918817
 -1.5473020149
 -1.5532224911
 -1.5655083383
 -1.5566757037
 -1.5626255645
 -1.5353779165
 -1.5503030325
 -1.5521835242
 -1.5707448001
 -1.5666698347
 -1.5580391060
 -1.5500218089
 -1.5404842584
 -1.5635882614
 -1.5555873041
 -1.5554522940
 -1.5655120507
 -1.5638549317
 -1.5624717894
 -1.5405942123
 -1.5633593418
 -1.5719077376
 -1.5625091158
 -1.5642060292
 -1.5541398407
 -1.5515801171
 -1.5641750441
 -1.5686009023
 -1.5665087536
 -1.5326988220
 -1.5512971942
 -1.5575458893
 -1.5525118342
 -1.5624729762
 -1.5513313310
 -1.5611107716
 -1.5541837015
 -1.5632585105
 -1.5546047948
 -1.5362025181
 -1.5564596874
 -1.5598838354
 -1.5474263346
 -1.5476944134
 -1.5449571262
 -1.5450299337
 -1.5779392965
 -1.5482856369
 -1.5604457856
 -1.5577557435
 -1.5395437817
 -1.5666583645
 -1.5505127219
 -1.5584520480
 -1.5601317872
 -1.5479310911
 -1.5576306042
 -1.5535093277
 -1.5524758814
 -1.5510894864
 -1.5458588106
 -1.5723053155
 -1.5689275747
 -1.5515675666
 -1.5534744458
 -1.5735872166
 -1.5639713264
 -1.5541296008
 -1.5523387580
 -1.5482881933
 -1.5468327601
 -1.5761072412
 -1.5706535779
 -1.5727408388
 -1.5594033762
 -1.5383160392
 -1.5601777932
 -1.5424359260
 -1.5581948766
 -1.5526866175
 -1.5457973974
 -1.5526979272
 -1.5521798355
 -1.5603318895
 -1.5590537220
 -1.5618494541
 -1.5492256122
 -1.5589717623
 -1.5712846411
 -1.5557532650
 -1.5542429211
 -1.5528674422
 -1.5580428561
 -1.5540259051
 -1.5732046305
 -1.5542658154
 -1.5525391018
 -1.5572756090
 -1.5746213117
 -1.5429194659
 -1.5711211643
 -1.5565906288
 -1.5707249452
 -1.5541273214
 -1.5640020595
 -1.5457026565
 -1.5547047774
 -1.5604153202
 -1.5674807448
 -1.5528953327
 -1.5571636275
 -1.5488994289
 -1.5549278355
 -1.5631914156
 -1.5614778026
 -1.5609157484
 -1.5389020729
 -1.5532646952
 -1.5596028778
 -1.5510665131
 -1.5526841055
 -1.5611815319
 -1.5402990755
 -1.5718038696
 -1.5423035467
 -1.5453008856
 -1.5663111216
 -1.5490486323
 -1.5691450464
 -1.5521751474
 -1.5637893135
 -1.5552281357
 -1.5672204836
 -1.5606082652
 -1.5504474849
 -1.5634711735
 -1.5503954058
 -1.5657496018
 -1.5682704567
 -1.5658878343
 -1.5458053639
 -1.5741026551
 -1.5803881134
 -1.5676644146
 -1.5590451711
 -1.5598440274
 -1.5711633689
 -1.5724473941
 -1.5480336746
 -1.5540534741
 -1.5546578091
 -1.5573225686
 -1.5586341433
 -1.5573544874
 -1.5633520706
 -1.5605426912
 -1.5586828646
 -1.5647484781
 -1.5548084379
 -1.5444925754
 -1.5640885846
 -1.5665435095
 -1.5634470420
 -1.5506351126
 -1.5585795848
 -1.5630080175
 -1.5536420953
 -1.5635380682
 -1.5502645478
 -1.5630067474
 -1.5519395132
 -1.5550519033
 -1.5663498722
 -1.5590459866
 -1.5481252108
 -1.5583521275
 -1.5590163989
 -1.5570274526
 -1.5542251223
 -1.5442791689
 -1.5534042404
 -1.5598404222
 -1.5733541043
 -1.5562201758
 -1.5536935113
 -1.5585440385
 -1.5655682696
 -1.5621973789
 -1.5586943435
 -1.5521737354
 -1.5656026108
 -1.5540999018
 -1.5603263669
 -1.5663403015
 -1.5836819542
 -1.5666352186
 -1.5564216313
 -1.5557565747
 -1.5559719645
 -1.5591616061
 -1.5430453329
 -1.5445458133
 -1.5672340242
 -1.5468666185
 -1.5471093392
 -1.5633764932
 -1.5613540109
 -1.5551483879
 -1.5548769567
 -1.5665750280
 -1.5518963755
 -1.5577004254
 -1.5552787005
 -1.5575846289
 -1.5376485255
 -1.5677870267
 -1.5873540396
 -1.5631139483
 -1.5702026451
 -1.5555343197
 -1.5708270672
 -1.5702943928
 -1.5467967415
 -1.5695863557
 -1.5590335176
 -1.5562322404
 -1.5420013425
 -1.5641051779
 -1.5437613547
 -1.5589532928
 -1.5598268165
 -1.5528294334
 -1.5605479478
 -1.5551179072
 -1.5549332841
 -1.5600056928
 -1.5648296515
 -1.5681673724
 -1.5737890412
 -1.5371503337
 -1.5634790474
 -1.5499887836
 -1.5551923818
 -1.5613207462
 -1.5542541047
 -1.5605907354
 -1.5473903828
 -1.5634826819
 -1.5615244376
 -1.5588659267
 -1.5615275875
 -1.5660504038
 -1.5531923483
 -1.5584056674
 -1.5544048842
 -1.5666361631
 -1.5533152901
 -1.5642086100
 -1.5476928238
 -1.5615966868
 -1.5581977307
 -1.5699052874
 -1.5558434437
 -1.5470427944
 -1.5498815069
 -1.5623529077
 -1.5528465404
 -1.5577855674
 -1.5697734619
 -1.5726483026
 -1.5759984437
 -1.5520210834
 -1.5562168108
 -1.5482840099
 -1.5398372435
 -1.5471879946
 -1.5730069469
 -1.5653059261
 -1.5700349917
 -1.5507618643
 -1.5657382723
 -1.5660356682
 -1.5699058767
 -1.5482254840
 -1.5674917153
 -1.5419751120
 -1.5440686003
 -1.5488087252
 -1.5617010536
 -1.5569389190
 -1.5638068132
 -1.5563917835
 -1.5558055527
 -1.5513775910
 -1.5600900367
 -1.5514627957
 -1.5465845951
 -1.5378918856
 -1.5592266892
 -1.5702567602
 -1.5576203181
 -1.5742913586
 -1.5622789644
 -1.5633067408
 -1.5665896829
 -1.5537246575
 -1.5604842532
 -1.5664114405
 -1.5416665780
 -1.5477393226
 -1.5543116712
 -1.5673292028
 -1.5478309445
 -1.5392088684
 -1.5515715878
 -1.5576527110
 -1.5665605892
 -1.5778320513
 -1.5560000098
 -1.5387963588
 -1.5479645696
 -1.5522623750
 -1.5759868141
 -1.5679873148
 -1.5448689612
 -1.5626668530
 -1.5544179704
 -1.5831119396
 -1.5633619509
 -1.5447711614
 -1.5526940795
 -1.5675199219
 -1.5501632910
 -1.5661514328
 -1.5459456100
 -1.5779011844
 -1.5481825999
 -1.5532034178
 -1.5533204891
 -1.5544902329
 -1.5655505647
 -1.5566202233
 -1.5457407827
 -1.5757339117
 -1.5556073285
 -1.5551542188
 -1.5478443886
 -1.5527888957
 -1.5521346002
 -1.5780103204
 -1.5692413912
 -1.5661573341
 -1.5677159769
 -1.5586768082
 -1.5723338767
 -1.5573363158
 -1.5630051479
 -1.5656300778
 -1.5459242667
 -1.5393246147
 -1.5480672036
 -1.5674982772
 -1.5590766313
 -1.5627944219
 -1.5535265589
 -1.5635169470
 -1.5536482366
 -1.5498700071
 -1.5569710298
 -1.5616180388
 -1.5419836688
 -1.5578709337
 -1.5586266995
 -1.5733907936
 -1.5546934694
 -1.5659773402
 -1.5774172987
 -1.5516497462
 -1.5664950123
 -1.5466306264
 -1.5624563894
 -1.5684801437
 -1.5745484367
 -1.5385394799
 -1.5558040985
 -1.5527821269
 -1.5593886788
 -1.5532254230
 -1.5815345782
 -1.5441254279
 -1.5535024033
 -1.5617284694
 -1.5617283148
 -1.5542163794
 -1.5846980739
 -1.5601457319
 -1.5554670201
 -1.5824248251
 -1.5553299514
 -1.5536543973
 -1.5618851102
 -1.5535714197
 -1.5592537475
 -1.5735511191
 -1.5501283350
 -1.5616849186
 -1.5622545331
 -1.5693021657
 -1.5750509379
 -1.5636732382
 -1.5584121198
 -1.5523344258
 -1.5359150876
 -1.5613553621
 -1.5607495413
 -1.5468288472
 -1.5673965685
 -1.5470128796
 -1.5496404177
 -1.5545175311
 -1.5742349570
 -1.5471941026
 -1.5603474383
 -1.5528755719
 -1.5658247743
 -1.5514210922
 -1.5351422916
 -1.5636960111
 -1.5460859034
 -1.5375231997
 -1.5548174877
 -1.5640626259
 -1.5508466037
 -1.5592842862
 -1.5548963137
 -1.5523714168
 -1.5695811157
 -1.5676923975
 -1.5569049855
 -1.5424115038
 -1.5637701637
 -1.5566127074
 -1.5486150924
 -1.5541212999
 -1.5516199350
 -1.5587191715
 -1.5553410171
 -1.5604591519
 -1.5566064930
 -1.5708270906
 -1.5522467522
 -1.5588040842
 -1.5430109066
 -1.5667159110
 -1.5520953115
 -1.5569456830
 -1.5750867424
 -1.5638825513
 -1.5580517286
 -1.5673382436
 -1.5419584386
 -1.5649701632
 -1.5624238196
 -1.5514344810
 -1.5578109969
 -1.5669733925
 -1.5525857778
 -1.5631646661
 -1.5478606880
 -1.5598163247
 -1.5694388827
 -1.5514952738
 -1.5491432603
 -1.5551773960
 -1.5596363398
 -1.5571708701
 -1.5570176253
 -1.5607038367
 -1.5558109360
 -1.5497500692
 -1.5487602937
 -1.5568438872
 -1.5511102975
 -1.5479583823
 -1.5514244041
 -1.5785544861
 -1.5603260922
 -1.5822353407
 -1.5757562398
 -1.5670808372
 -1.5687286065
 -1.5624407214
 -1.5610619768
 -1.5573847630
 -1.5581026670
 -1.5528195593
 -1.5761559997
 -1.5477526512
 -1.5579776822
 -1.5587850660
 -1.5471488298
 -1.5433980232
 -1.5625216053
 -1.5606655123
 -1.5479707105
 -1.5627468511
 -1.5621799598
 -1.5440090700
 -1.5468145360
 -1.5584327181
 -1.5615809802
 -1.5736223786
 -1.5538022625
 -1.5625976634
 -1.5464365031
 -1.5523143731
 -1.5564060015
 -1.5437593672
 -1.5503086985
 -1.5589054416
 -1.5557038884
 -1.5501309591
 -1.5667271178
 -1.5577813005
 -1.5439244402
 -1.5542772375
 -1.5642833902
 -1.5379896135
 -1.5549169751
 -1.5510478055
 -1.5608679405
 -1.5575063559
 -1.5459786643
 -1.5618427230
 -1.5555715677
 -1.5617270601
 -1.5527213848
 -1.5369486756
 -1.5492747448
 -1.5700911980
 -1.5455224791
 -1.5538043734
 -1.5549569323
 -1.5600510945
 -1.5677116530
 -1.5613007676
 -1.5538627811
 -1.5737632785
 -1.5627054166
 -1.5631346269
 -1.5526647784
 -1.5523690648
 -1.5466789825
 -1.5488790887
 -1.5468378290
 -1.5447532397
 -1.5736302242
 -1.5624405143
 -1.5565321967
 -1.5432894192
 -1.5477884274
 -1.5458091155
 -1.5468278402
 -1.5745128525
 -1.5632478589
 -1.5710265463
 -1.5693637062
 -1.5591211707
 -1.5775646363
 -1.5649638649
 -1.5631773756
 -1.5545104780
 -1.5400605813
 -1.5509620887
 -1.5646368440
 -1.5629474110
 -1.5616263804
 -1.5608727932
 -1.5609624196
 -1.5574277158
 -1.5719744672
 -1.5466734698
 -1.5626296240
 -1.5531099746
 -1.5643737076
 -1.5643191586
 -1.5538828609
 -1.5626803989
 -1.5558403726
 -1.5550439718
 -1.5575734175
 -1.5821210576
 -1.5624803736
 -1.5542930722
 -1.5676768360
 -1.5462804711
 -1.5551147319
 -1.5626482632
 -1.5588513786
 -1.5478209230
 -1.5600616230
 -1.5569198394
 -1.5616536725
 -1.5625244758
 -1.5405621561
 -1.5511481785
 -1.5552962809
 -1.5458095474
 -1.5385746184
 -1.5417812469
 -1.5453499622
 -1.5459709344
 -1.5789868591
 -1.5464355098
 -1.5629324654
 -1.5645676163
 -1.5559948385
 -1.5658102473
 -1.5597042650
 -1.5460143898
 -1.5631077982
 -1.5566018932
 -1.5543435486
 -1.5476541493
 -1.5309508560
 -1.5616660211
 -1.5649929857
 -1.5572418597
 -1.5523062933
 -1.5478328732
 -1.5438035334
 -1.5425170699
 -1.5606939652
 -1.5475827705
 -1.5608778512
 -1.5445002012
 -1.5720968004
 -1.5471434610
 -1.5700182240
 -1.5490795558
 -1.5563352996
 -1.5429745289
 -1.5558333597
 -1.5704281568
 -1.5808838993
 -1.5686001118
 -1.5509242882
 -1.5620610391
 -1.5651539964
 -1.5656968057
 -1.5586508429
 -1.5469070524
 -1.5566285684
 -1.5653535541
 -1.5699572263
 -1.5593961413
 -1.5464255849
 -1.5460634239
 -1.5582263513
 -1.5551326881
 -1.5755141445
 -1.5518368796
 -1.5490832308
 -1.5275728810
 -1.5671484357
 -1.5540093775
 -1.5552957074
 -1.5654044764
 -1.5603581268
 -1.5570392947
 -1.5523287761
 -1.5676264391
 -1.5736553972
 -1.5553636163
 -1.5879012098
 -1.5767459941
 -1.5440568345
 -1.5498324853
 -1.5508270418
 -1.5569481533
 -1.5569991090
 -1.5693497568
 -1.5753199373
 -1.5709076171
 -1.5590173991
 -1.5499788733
 -1.5701543593
 -1.5496556277
 -1.5596761023
 -1.5552683543
 -1.5915993360
 -1.5659408078
 -1.5590649366
 -1.5669795367
 -1.5567882554
 -1.5554841054
 -1.5576712685
 -1.5436449956
 -1.5578203120
 -1.5673020999
 -1.5610665922
 -1.5691689715
 -1.5702357355
 -1.5587696943
 -1.5504424953
 -1.5665384855
 -1.5521971329
 -1.5609403678
 -1.5746278075
 -1.5622789424
 -1.5595800924
 -1.5642624762
 -1.5535989236
 -1.5438290819
 -1.5532603446
 -1.5457287246
 -1.5834966933
 -1.5608491826
 -1.5628758180
 -1.5540801076
 -1.5653985689
 -1.5488138186
 -1.5746231455
 -1.5442508884
 -1.5567228765
 -1.5524043259
 -1.5719037432
 -1.5590130037
 -1.5574080434
 -1.5588249428
 -1.5430299093
 -1.5659473531
 -1.5687225509
 -1.5652894953
 -1.5641406435
 -1.5547068147
 -1.5455300048
 -1.5387943319
 -1.5532510816
 -1.5575048360
 -1.5491202828
 -1.5455084519
 -1.5478431637
 -1.5330877770
 -1.5653521290
 -1.5592644674
 -1.5469266921
 -1.5572121762
 -1.5726921525
 -1.5573878272
 -1.5595024069
 -1.5722656559
 -1.5418683694
 -1.5531289511
 -1.5541780244
 -1.5697029882
 -1.5565570480
 -1.5631811197
 -1.5580734374
 -1.5614916427
 -1.5665085392
 -1.5548522076
 -1.5333494738
 -1.5740099386
 -1.5499122608
 -1.5475002924
 -1.5490404947
 -1.5696926288
 -1.5716457005
 -1.5438631261
 -1.5318121352
 -1.5707067059
 -1.5652207618
 -1.5638218295
 -1.5440118177
 -1.5679362519
 -1.5447727814
 -1.5549370468
 -1.5663316683
 -1.5538446653
 -1.5546467852
 -1.5642767127
 -1.5681380731
 -1.5551231979
 -1.5508892700
 -1.5709338961
 -1.5496483646
 -1.5571811702
 -1.5617130673
 -1.5441506744
 -1.5570981802
 -1.5615128909
 -1.5451757082
 -1.5629883447
 -1.5678070450
 -1.5467302081
 -1.5535306416
 -1.5523356771
 -1.5666479934
 -1.5494639721
 -1.5448895842
 -1.5589774004
 -1.5541861688
 -1.5568810593
 -1.5542712590
 -1.5482132010
 -1.5627995119
 -1.5402395749
 -1.5631560404
 -1.5453953173
 -1.5702393925
 -1.5400611281
 -1.5589716755
 -1.5623072266
 -1.5592829102
 -1.5681063345
 -1.5424883007
 -1.5408740125
 -1.5595305840
 -1.5427945205
 -1.5574809482
 -1.5693721749
 -1.5615879838
 -1.5296494832
