 -1.5525045082
 -1.5621961547
 -1.5553622744
 -1.5684120719
 -1.5534967445
 -1.5605410729
 -1.5540075463
 -1.5572623793
 -1.5597917154
 -1.5502272063
 -1.5657993350
 -1.5641535236
 -1.5666942041
 -1.5618363290
 -1.5603594902
 -1.5625894306
 -1.5538007962
 -1.5616881119
 -1.5638048608
 -1.5695845340
 -1.5508410327
 -1.5741761925
 -1.5624559793
 -1.5658001258
 -1.5603560969
 -1.5596871895
 -1.5678526858
 -1.5547250274
 -1.5607306293
 -1.5667706432
 -1.5534839761
 -1.5638867278
 -1.5618644898
 -1.5586463518
 -1.5583460159
 -1.5552815401
 -1.5544251616
 -1.5546831342
 -1.5631383615
 -1.5581668167
 -1.5503644405
 -1.5562928031
 -1.5682451769
 -1.5600376969
 -1.5628139830
 -1.5622010940
 -1.5631168735
 -1.5647007059
 -1.5683564846
 -1.5632907553
 -1.5567520432
 -1.5663490646
 -1.5616699250
 -1.5651080517
 -1.5606376190
 -1.5631454718
 -1.5575553493
 -1.5617476703
 -1.5588858057
 -1.5656591385
 -1.5634175923
 -1.5584489842
 -1.5616739993
 -1.5562655799
 -1.5576870735
 -1.5595548352
 -1.5717566781
 -1.5587328034
 -1.5624291471
 -1.5509911853
 -1.5592697108
 -1.5522479369
 -1.5570353394
 -1.5645078385
 -1.5525664869
 -1.5578715050
 -1.5613172061
 -1.5626936372
 -1.5596176481
 -1.5665235648
 -1.5580561723
 -1.5573060594
 -1.5632100181
 -1.5601293755
 -1.5593805265
 -1.5599996917
 -1.5522528026
 -1.5607408392
 -1.5643466634
 -1.5606009249
 -1.5612775845
 -1.5639038569
 -1.5635319815
 -1.5623779641
 -1.5639966634
 -1.5559130807
 -1.5636737446
 -1.5556525613
 -1.5639943339
 -1.5612412462
 -1.5602516799
 -1.5567258218
 -1.5609818311
 -1.5538134687
 -1.5552495017
 -1.5546004400
 -1.5649477200
 -1.5635373776
 -1.5512643531
 -1.5597792948
 -1.5593868561
 -1.5570731069
 -1.5644096575
 -1.5642318055
 -1.5660169351
 -1.5691020541
 -1.5624459612
 -1.5604789987
 -1.5622306541
 -1.5631862393
 -1.5571931788
 -1.5672203527
 -1.5617380405
 -1.5631825020
 -1.5564234545
 -1.5539851968
 -1.5612001086
 -1.5633744951
 -1.5621093269
 -1.5625260871
 -1.5608749579
 -1.5637142147
 -1.5625178709
 -1.5660588877
 -1.5580888291
 -1.5551309625
 -1.5632856536
 -1.5574393870
 -1.5643868848
 -1.5669918275
 -1.5601452966
 -1.5567274316
 -1.5591132389
 -1.5607392982
 -1.5527447804
 -1.5558252810
 -1.5582033870
 -1.5647568258
 -1.5635891339
 -1.5606002997
 -1.5624521722
 -1.5511417377
 -1.5492969193
 -1.5600215024
 -1.5655505491
 -1.5679976732
 -1.5650518942
 -1.5578576998
 -1.5652454911
 -1.5595484252
 -1.5614760598
 -1.5567959227
 -1.5656570941
 -1.5582763937
 -1.5638366343
 -1.5574072600
 -1.5528790012
 -1.5625759607
 -1.5574407928
 -1.5503392532
 -1.5651076247
 -1.5632539108
 -1.5589314448
 -1.5629784888
 -1.5672928928
 -1.5601464317
 -1.5592640719
 -1.5650731153
 -1.5632762864
 -1.5614218957
 -1.5568045744
 -1.5596508891
 -1.5646406319
 -1.5663856610
 -1.5599239485
 -1.5625668430
 -1.5562711257
 -1.5644408101
 -1.5662182289
 -1.5632758901
 -1.5594136417
 -1.5666875738
 -1.5602019304
 -1.5640516607
 -1.5590679671
 -1.5626004346
 -1.5584251461
 -1.5677779980
 -1.5616734249
 -1.5586345721
 -1.5706137486
 -1.5634645262
 -1.5608253089
 -1.5642146232
 -1.5621691194
 -1.5675204211
 -1.5670313809
 -1.5673001953
 -1.5656854035
 -1.5521681072
 -1.5600344338
 -1.5553346047
 -1.5619263569
 -1.5605058109
 -1.5694849693
 -1.5566500792
 -1.5581770372
 -1.5556359216
 -1.5579966460
 -1.5643306506
 -1.5662000968
 -1.5527582732
 -1.5612872289
 -1.5567758885
 -1.5665470725
 -1.5593464743
 -1.5621714218
 -1.5630636527
 -1.5637463568
 -1.5610463009
 -1.5669829874
 -1.5615237139
 -1.5620670063
 -1.5636849391
 -1.5556913387
 -1.5568202825
 -1.5617004325
 -1.5675870757
 -1.5574698003
 -1.5620085120
 -1.5514567939
 -1.5515412597
 -1.5623593258
 -1.5660784463
 -1.5619708807
 -1.5655765030
 -1.5489999667
 -1.5567510840
 -1.5625477778
 -1.5665675336
 -1.5599550035
 -1.5636999875
 -1.5568897004
 -1.5613176136
 -1.5597793611
 -1.5583403690
 -1.5681907954
 -1.5666653543
 -1.5559342389
 -1.5594401806
 -1.5637704484
 -1.5568807219
 -1.5621078069
 -1.5625338284
 -1.5600252928
 -1.5494935743
 -1.5577591078
 -1.5544392699
 -1.5651299167
 -1.5544012986
 -1.5589017292
 -1.5520785902
 -1.5505734329
 -1.5614572351
 -1.5682814732
 -1.5615130834
 -1.5625883247
 -1.5681993249
 -1.5570669680
 -1.5582441841
 -1.5649831302
 -1.5583431995
 -1.5589528516
 -1.5616823516
 -1.5504306253
 -1.5628748239
 -1.5556333311
 -1.5578656744
 -1.5634994684
 -1.5615650678
 -1.5591882842
 -1.5629456774
 -1.5653732222
 -1.5625361274
 -1.5591166845
 -1.5599803632
 -1.5554240740
 -1.5528329611
 -1.5473710154
 -1.5614969348
 -1.5638454768
 -1.5643048061
 -1.5620875659
 -1.5589905087
 -1.5532464272
 -1.5559555653
 -1.5579052601
 -1.5582564325
 -1.5654866236
 -1.5590826852
 -1.5598382754
 -1.5582283055
 -1.5564722038
 -1.5585320304
 -1.5571667814
 -1.5526415388
 -1.5616844097
 -1.5648604347
 -1.5599326398
 -1.5588983804
 -1.5647595757
 -1.5597153534
 -1.5601335099
 -1.5687842658
 -1.5648070320
 -1.5649937573
 -1.5552361298
 -1.5678606888
 -1.5498050418
 -1.5544999411
 -1.5577859536
 -1.5518274861
 -1.5603591436
 -1.5612516613
 -1.5595840140
 -1.5723144118
 -1.5599629662
 -1.5591708141
 -1.5637792849
 -1.5622291143
 -1.5537188835
 -1.5703482659
 -1.5678553537
 -1.5574557933
 -1.5671619517
 -1.5660254285
 -1.5613110072
 -1.5524389792
 -1.5639480922
 -1.5571381360
 -1.5557769749
 -1.5680119421
 -1.5526274647
 -1.5581305508
 -1.5645111515
 -1.5609824342
 -1.5661399295
 -1.5632033664
 -1.5632370294
 -1.5547353820
 -1.5581808323
 -1.5639435517
 -1.5640609604
 -1.5591903535
 -1.5694561485
 -1.5629926242
 -1.5655486825
 -1.5689852597
 -1.5582810510
 -1.5603503008
 -1.5537595481
 -1.5525166979
 -1.5602640236
 -1.5609326114
 -1.5588125714
 -1.5621557371
 -1.5639577033
 -1.5614853100
 -1.5632476024
 -1.5547594794
 -1.5646018616
 -1.5657314358
 -1.5567021385
 -1.5674320436
 -1.5603117413
 -1.5527910877
 -1.5592193752
 -1.5537890634
 -1.5584130659
 -1.5613298898
 -1.5627611951
 -1.5663952654
 -1.5628693735
 -1.5604914139
 -1.5686854511
 -1.5599429469
 -1.5634848854
 -1.5606541909
 -1.5630270336
 -1.5627206317
 -1.5616145563
 -1.5706287951
 -1.5640190615
 -1.5655701562
 -1.5623789565
 -1.5574039593
 -1.5602820861
 -1.5572063035
 -1.5576315777
 -1.5551920357
 -1.5681299990
 -1.5656890402
 -1.5582494122
 -1.5606859640
 -1.5611053026
 -1.5565047866
 -1.5655308914
 -1.5567926820
 -1.5545740973
 -1.5658508405
 -1.5559119231
 -1.5573297934
 -1.5573858358
 -1.5589692289
 -1.5561103754
 -1.5583277975
 -1.5570218974
 -1.5559284858
 -1.5661829105
 -1.5558233567
 -1.5639060044
 -1.5602394632
 -1.5663655540
 -1.5613281549
 -1.5578607123
 -1.5632384137
 -1.5617396264
 -1.5645867549
 -1.5671098773
 -1.5551642366
 -1.5580416270
 -1.5609377746
 -1.5655473588
 -1.5609848315
 -1.5658535867
 -1.5684669043
 -1.5648873868
 -1.5578835878
 -1.5530966508
 -1.5598498548
 -1.5531651744
 -1.5593117759
 -1.5586977254
 -1.5619805279
 -1.5640376479
 -1.5632248935
 -1.5654051389
 -1.5549652980
 -1.5583177309
 -1.5673218876
 -1.5664989538
 -1.5700932917
 -1.5633860390
 -1.5639159588
 -1.5630206081
 -1.5597867048
 -1.5523573819
 -1.5635948876
 -1.5637239982
 -1.5619029798
 -1.5623867158
 -1.5611835050
 -1.5571369950
 -1.5633971952
 -1.5554632495
 -1.5696218104
 -1.5638684600
 -1.5549641357
 -1.5605138943
 -1.5586819325
 -1.5609045519
 -1.5648425834
 -1.5598998054
 -1.5637028512
 -1.5581124165
 -1.5594519056
 -1.5475313754
 -1.5594728378
 -1.5699037859
 -1.5582659149
 -1.5625104733
 -1.5601171763
 -1.5630059201
 -1.5596771268
 -1.5634822610
 -1.5687260201
 -1.5635646546
 -1.5575152112
 -1.5607740203
 -1.5631174727
 -1.5556374196
 -1.5641211754
 -1.5628114740
 -1.5669395741
 -1.5571491005
 -1.5582567125
 -1.5652336748
 -1.5592459559
 -1.5615393155
 -1.5625762973
 -1.5605863367
 -1.5598428214
 -1.5609719760
 -1.5641244839
 -1.5566858722
 -1.5623488464
 -1.5605087841
 -1.5600705093
 -1.5610969002
 -1.5682844109
 -1.5561355344
 -1.5590349312
 -1.5672575481
 -1.5600701790
 -1.5566955275
 -1.5610557830
 -1.5618964552
 -1.5614962508
 -1.5500567055
 -1.5699897238
 -1.5640406801
 -1.5624729472
 -1.5514966889
 -1.5580481487
 -1.5552582888
 -1.5602231291
 -1.5564711744
 -1.5675420392
 -1.5589205203
 -1.5548167130
 -1.5606270671
 -1.5531763422
 -1.5592726179
 -1.5635327165
 -1.5562453701
 -1.5610761795
 -1.5527677764
 -1.5684145986
 -1.5547542009
 -1.5644926906
 -1.5574903174
 -1.5570761794
 -1.5593788686
 -1.5580158338
 -1.5550773690
 -1.5558621441
 -1.5581360832
 -1.5586293682
 -1.5588066796
 -1.5636376518
 -1.5662074767
 -1.5703898881
 -1.5558483467
 -1.5576974401
 -1.5510734215
 -1.5568310681
 -1.5618365988
 -1.5710363996
 -1.5613557039
 -1.5620926351
 -1.5596050321
 -1.5665678091
 -1.5654102170
 -1.5635691976
 -1.5571551869
 -1.5639420033
 -1.5624343121
 -1.5703884193
 -1.5526269304
 -1.5576189752
 -1.5600764522
 -1.5598888046
 -1.5666180760
 -1.5588993105
 -1.5609206083
 -1.5577697575
 -1.5638509322
 -1.5564718877
 -1.5591197962
 -1.5590202242
 -1.5557358476
 -1.5573200759
 -1.5611746676
 -1.5629267918
 -1.5602015488
 -1.5533590274
 -1.5528824527
 -1.5647477339
 -1.5635511231
 -1.5612017483
 -1.5668783547
 -1.5629289466
 -1.5603788287
 -1.5624197435
 -1.5578171218
 -1.5609246310
 -1.5649671715
 -1.5653079799
 -1.5571206017
 -1.5574050337
 -1.5569014440
 -1.5594915727
 -1.5647029213
 -1.5640831845
 -1.5654990897
 -1.5659404410
 -1.5512190714
 -1.5664562098
 -1.5706792983
 -1.5613401968
 -1.5637972895
 -1.5573229367
 -1.5584968051
 -1.5610234065
 -1.5627197595
 -1.5547103181
 -1.5615154120
 -1.5575273269
 -1.5559503778
 -1.5594843658
 -1.5600708538
 -1.5664821604
 -1.5504867289
 -1.5589194354
 -1.5538982320
 -1.5558874809
 -1.5634665748
 -1.5686023021
 -1.5571005133
 -1.5534384928
 -1.5690245110
 -1.5645355445
 -1.5613170088
 -1.5637907877
 -1.5622922109
 -1.5609740679
 -1.5651952573
 -1.5580682664
 -1.5568778581
 -1.5585910368
 -1.5605392104
 -1.5612276311
 -1.5569628901
 -1.5578032930
 -1.5653437199
 -1.5555154556
 -1.5601627927
 -1.5678335636
 -1.5630885641
 -1.5611304073
 -1.5603037088
 -1.5677856912
 -1.5571981602
 -1.5589775018
 -1.5632097279
 -1.5643918012
 -1.5627305803
 -1.5676109159
 -1.5571973349
 -1.5629673337
 -1.5660649305
 -1.5579818858
 -1.5603118267
 -1.5588264025
 -1.5601059329
 -1.5600566746
 -1.5634394331
 -1.5582902999
 -1.5609948561
 -1.5629788288
 -1.5571591593
 -1.5571001562
 -1.5606077447
 -1.5614836188
 -1.5542004826
 -1.5650284741
 -1.5601161522
 -1.5599020299
 -1.5597149965
 -1.5622187180
 -1.5640742613
 -1.5582654052
 -1.5554242152
 -1.5564381550
 -1.5620711145
 -1.5612824765
 -1.5622790180
 -1.5601891316
 -1.5536024430
 -1.5620437965
 -1.5580163656
 -1.5665498754
 -1.5572286575
 -1.5590087114
 -1.5667466221
 -1.5677226120
 -1.5584274155
 -1.5569801643
 -1.5588266466
 -1.5652179310
 -1.5610675923
 -1.5687671662
 -1.5585225392
 -1.5541975396
 -1.5578435621
 -1.5654424284
 -1.5572647867
 -1.5590357050
 -1.5623560122
 -1.5641740492
 -1.5615080054
 -1.5622780070
 -1.5547584158
 -1.5653286174
 -1.5589653556
 -1.5614793765
 -1.5588946985
 -1.5586549441
 -1.5555832192
 -1.5629509228
 -1.5623375064
 -1.5608897300
 -1.5680397185
 -1.5625408115
 -1.5629850719
 -1.5624833492
 -1.5611536905
 -1.5598684619
 -1.5580948689
 -1.5601674161
 -1.5585546509
 -1.5668393161
 -1.5644337228
 -1.5710301459
 -1.5575982441
 -1.5538213689
 -1.5627730155
 -1.5565595067
 -1.5613674114
 -1.5641139531
 -1.5598128999
 -1.5582070810
 -1.5629699084
 -1.5580160503
 -1.5627818664
 -1.5679187499
 -1.5653171591
 -1.5646117367
 -1.5622924746
 -1.5571726325
 -1.5588889539
 -1.5588584431
 -1.5637899622
 -1.5676432570
 -1.5655390117
 -1.5596571753
 -1.5618425464
 -1.5700153551
 -1.5709338969
 -1.5591578576
 -1.5526286993
 -1.5561147014
 -1.5667047035
 -1.5676753118
 -1.5666125753
 -1.5561333478
 -1.5591459637
 -1.5593293772
 -1.5615215461
 -1.5588732419
 -1.5674901372
 -1.5632441685
 -1.5527811578
 -1.5629096606
 -1.5562147254
 -1.5607918283
 -1.5642330326
 -1.5592693233
 -1.5538957003
 -1.5544855730
 -1.5567187855
 -1.5642815215
 -1.5606187865
 -1.5610292023
 -1.5575210051
 -1.5653075748
 -1.5566969154
 -1.5638176716
 -1.5561027852
 -1.5693753203
 -1.5564842267
 -1.5690952982
 -1.5626424709
 -1.5611602310
 -1.5604970705
 -1.5625817812
 -1.5549089100
 -1.5570589903
 -1.5587968715
 -1.5559867938
 -1.5656264560
 -1.5661699076
 -1.5609757117
 -1.5552742160
 -1.5625720281
 -1.5573101099
 -1.5621464701
 -1.5571977559
 -1.5727970691
 -1.5688463502
 -1.5607170244
 -1.5579982330
 -1.5575395680
 -1.5604356362
 -1.5587221737
 -1.5584892532
 -1.5637602227
 -1.5584464001
 -1.5560146175
 -1.5587364788
 -1.5587941995
 -1.5614151163
 -1.5531622978
 -1.5536212259
 -1.5541186124
 -1.5580354539
 -1.5586443895
 -1.5576543390
 -1.5566979272
 -1.5651522235
 -1.5632986449
 -1.5576611736
 -1.5609633491
 -1.5628901106
 -1.5585011613
 -1.5564537494
 -1.5562374333
 -1.5478446504
 -1.5649388611
 -1.5579053254
 -1.5548120927
 -1.5639156917
 -1.5550814648
 -1.5634098136
 -1.5594407045
 -1.5578743526
 -1.5577987094
 -1.5630493808
 -1.5624140798
 -1.5549265117
 -1.5634840362
 -1.5634788213
 -1.5564254553
 -1.5567627899
 -1.5546589756
 -1.5582130380
 -1.5602318790
 -1.5561623691
 -1.5682656928
 -1.5551690146
 -1.5624011764
 -1.5575905891
 -1.5658801958
 -1.5680516284
 -1.5584995466
 -1.5607038889
 -1.5544838761
 -1.5653699259
 -1.5542837785
 -1.5529008860
 -1.5591255690
 -1.5654644734
 -1.5526183645
 -1.5617415901
 -1.5563623338
 -1.5593282659
 -1.5562408940
 -1.5693613445
 -1.5539832124
 -1.5653799906
 -1.5632150320
 -1.5626562782
 -1.5595269249
 -1.5696838803
 -1.5613975260
 -1.5671973596
 -1.5657080695
 -1.5593741633
 -1.5564992577
 -1.5617178593
 -1.5560999494
 -1.5579973564
 -1.5599275322
 -1.5596451981
 -1.5605177805
 -1.5691245178
 -1.5594151906
 -1.5663635584
 -1.5636643819
 -1.5558485816
 -1.5579755655
 -1.5623847808
 -1.5641889593
 -1.5641323491
 -1.5622126688
 -1.5528391770
 -1.5582080383
 -1.5616085252
 -1.5574303073
 -1.5564102613
 -1.5634093681
 -1.5562771618
 -1.5635406832
 -1.5591884802
 -1.5626939020
 -1.5640630647
 -1.5568444666
 -1.5684364575
 -1.5645063463
 -1.5521584912
 -1.5626795773
 -1.5548812196
 -1.5673186738
 -1.5653460161
 -1.5670148254
 -1.5593410026
 -1.5613301825
 -1.5680262942
 -1.5574671283
 -1.5707916937
 -1.5646423240
 -1.5672449673
 -1.5549827510
 -1.5521319559
 -1.5673349057
 -1.5604804160
 -1.5589987049
 -1.5615185957
 -1.5630608470
 -1.5546322263
 -1.5623924979
 -1.5689719964
 -1.5653428423
 -1.5538823577
 -1.5658750593
 -1.5586268199
 -1.5643775538
 -1.5591945884
 -1.5558028225
 -1.5544984828
 -1.5634947875
 -1.5580246144
 -1.5654236853
 -1.5590458717
 -1.5608730436
 -1.5588399940
 -1.5628353408
 -1.5607072310
 -1.5570675451
 -1.5555809578
 -1.5646911273
 -1.5620021564
 -1.5676443891
 -1.5593382338
 -1.5644094828
 -1.5583341572
 -1.5649489777
 -1.5596875689
 -1.5621227069
 -1.5659811228
 -1.5666539274
 -1.5670684377
 -1.5509209491
 -1.5540775956
 -1.5649239497
 -1.5613396726
 -1.5567107072
 -1.5612427407
 -1.5580340331
 -1.5545112664
 -1.5588006645
 -1.5575139892
 -1.5730505444
 -1.5511253156
 -1.5610033929
 -1.5658532578
 -1.5597560890
 -1.5629409650
 -1.5578025502
 -1.5612572027
