 -1.5508937327
 -1.5608460483
 -1.5642736021
 -1.5598193416
 -1.5601158439
 -1.5591454970
 -1.5481791542
 -1.5492247148
 -1.5480848132
 -1.5534495178
 -1.5628412220
 -1.5619860149
 -1.5522475363
 -1.5629653070
 -1.5678103181
 -1.5515393455
 -1.5541666096
 -1.5615235991
 -1.5622049340
 -1.5487252361
 -1.5637799864
 -1.5638262118
 -1.5531293186
 -1.5541909637
 -1.5575844768
 -1.5609479846
 -1.5670522829
 -1.5591120109
 -1.5615828405
 -1.5638575498
 -1.5464231940
 -1.5540753154
 -1.5503043302
 -1.5662706534
 -1.5646102362
 -1.5525892699
 -1.5664197314
 -1.5661398819
 -1.5516403406
 -1.5559607889
 -1.5599731786
 -1.5597005885
 -1.5527946207
 -1.5739400023
 -1.5504504601
 -1.5524927402
 -1.5508347774
 -1.5506591839
 -1.5612748966
 -1.5568524590
 -1.5629372300
 -1.5562915876
 -1.5671970944
 -1.5660899438
 -1.5663479656
 -1.5551927803
 -1.5643963268
 -1.5672974606
 -1.5461951906
 -1.5511091950
 -1.5721378106
 -1.5570063447
 -1.5529978145
 -1.5588205596
 -1.5608063083
 -1.5579216388
 -1.5580599826
 -1.5705201505
 -1.5692715566
 -1.5637439691
 -1.5728337353
 -1.5619529480
 -1.5652601934
 -1.5657216812
 -1.5777445627
 -1.5577004838
 -1.5637299813
 -1.5586836261
 -1.5556571912
 -1.5651104141
 -1.5470517841
 -1.5561271901
 -1.5441988908
 -1.5527122548
 -1.5482663799
 -1.5582952591
 -1.5672488352
 -1.5640247105
 -1.5576929477
 -1.5593515362
 -1.5591360133
 -1.5619359451
 -1.5566842229
 -1.5548159746
 -1.5574463202
 -1.5550132916
 -1.5570790484
 -1.5542966273
 -1.5638188212
 -1.5563689624
 -1.5670972077
 -1.5719856975
 -1.5598350128
 -1.5625308348
 -1.5495467141
 -1.5615816371
 -1.5671321001
 -1.5651503638
 -1.5614515696
 -1.5576507371
 -1.5543489127
 -1.5474979147
 -1.5556385601
 -1.5567305687
 -1.5561997390
 -1.5535351629
 -1.5592344390
 -1.5564380584
 -1.5589497373
 -1.5491338115
 -1.5621922389
 -1.5535537782
 -1.5481329586
 -1.5533199442
 -1.5502451607
 -1.5750231393
 -1.5576835112
 -1.5547488598
 -1.5646605234
 -1.5567420475
 -1.5671156385
 -1.5597235208
 -1.5582432891
 -1.5630066873
 -1.5709911747
 -1.5580044764
 -1.5817331343
 -1.5666513075
 -1.5539173425
 -1.5546879535
 -1.5644676670
 -1.5606114557
 -1.5505768444
 -1.5487110665
 -1.5421454191
 -1.5628718653
 -1.5587706962
 -1.5631308889
 -1.5564264530
 -1.5632492066
 -1.5521955224
 -1.5553810624
 -1.5524117177
 -1.5568462380
 -1.5676399143
 -1.5461111283
 -1.5654217468
 -1.5742202906
 -1.5528322069
 -1.5546434638
 -1.5630493227
 -1.5728011398
 -1.5595702240
 -1.5548387510
 -1.5459596494
 -1.5626117158
 -1.5648510791
 -1.5460626502
 -1.5506066038
 -1.5666359178
 -1.5588182140
 -1.5506971388
 -1.5734479852
 -1.5616556228
 -1.5587858472
 -1.5621801358
 -1.5599026576
 -1.5673973245
 -1.5626705478
 -1.5495716706
 -1.5484936458
 -1.5688679816
 -1.5675653641
 -1.5632543902
 -1.5637254840
 -1.5528449318
 -1.5649041162
 -1.5563655283
 -1.5631105913
 -1.5512840550
 -1.5565464488
 -1.5718791140
 -1.5743724308
 -1.5549691010
 -1.5616440371
 -1.5641160201
 -1.5467286779
 -1.5602572399
 -1.5687586485
 -1.5515206310
 -1.5624482895
 -1.5572465077
 -1.5450565354
 -1.5607068960
 -1.5615447095
 -1.5658599122
 -1.5623796298
 -1.5592826491
 -1.5568228991
 -1.5474217975
 -1.5531461877
 -1.5706746776
 -1.5524564027
 -1.5581393238
 -1.5606433715
 -1.5615368523
 -1.5490979586
 -1.5635603101
 -1.5448993872
 -1.5606657254
 -1.5579064350
 -1.5540523010
 -1.5487941850
 -1.5744919672
 -1.5551567796
 -1.5681082033
 -1.5523158279
 -1.5531452425
 -1.5658929974
 -1.5549585028
 -1.5597573351
 -1.5607691754
 -1.5594862100
 -1.5543069860
 -1.5610804816
 -1.5664289041
 -1.5567756544
 -1.5409228059
 -1.5668035030
 -1.5739480959
 -1.5504450379
 -1.5629953902
 -1.5640707130
 -1.5730483314
 -1.5655550753
 -1.5535222246
 -1.5532918095
 -1.5666390292
 -1.5527515404
 -1.5616348071
 -1.5602857534
 -1.5579310695
 -1.5555361853
 -1.5580735469
 -1.5574197858
 -1.5542283704
 -1.5580439864
 -1.5560737528
 -1.5641401828
 -1.5603373951
 -1.5706699837
 -1.5740930704
 -1.5598245416
 -1.5631570483
 -1.5726707284
 -1.5580003600
 -1.5569014336
 -1.5578818865
 -1.5591360019
 -1.5634631559
 -1.5547629824
 -1.5529318083
 -1.5484842697
 -1.5711978039
 -1.5647458126
 -1.5463493817
 -1.5545488161
 -1.5467875360
 -1.5522004586
 -1.5494518109
 -1.5650644045
 -1.5622605443
 -1.5592068131
 -1.5540684596
 -1.5490357482
 -1.5540052285
 -1.5673184640
 -1.5550997462
 -1.5484149940
 -1.5568724648
 -1.5631300894
 -1.5615454155
 -1.5544187850
 -1.5527402412
 -1.5648844742
 -1.5566990919
 -1.5390485512
 -1.5513399291
 -1.5577280243
 -1.5684814416
 -1.5695144472
 -1.5615420599
 -1.5568389101
 -1.5475774266
 -1.5597881771
 -1.5573085947
 -1.5655849727
 -1.5627325607
 -1.5640362852
 -1.5610255765
 -1.5584491805
 -1.5563812847
 -1.5551857378
 -1.5612927849
 -1.5513082862
 -1.5627765875
 -1.5601667957
 -1.5587219049
 -1.5529798160
 -1.5573588072
 -1.5585908225
 -1.5710689754
 -1.5498290129
 -1.5652588287
 -1.5584358084
 -1.5597011746
 -1.5482679631
 -1.5719919861
 -1.5695758202
 -1.5594327253
 -1.5628204257
 -1.5588794077
 -1.5660360578
 -1.5548692206
 -1.5568450155
 -1.5635738787
 -1.5617045535
 -1.5513289483
 -1.5665803386
 -1.5576227831
 -1.5581582816
 -1.5539981932
 -1.5688879859
 -1.5534375216
 -1.5562123073
 -1.5610247045
 -1.5675841213
 -1.5551586747
 -1.5619550262
 -1.5607022808
 -1.5542014611
 -1.5455268533
 -1.5540439530
 -1.5646525275
 -1.5606277912
 -1.5579342407
 -1.5510069771
 -1.5583341619
 -1.5601165972
 -1.5509463755
 -1.5603772141
 -1.5604393127
 -1.5661006064
 -1.5487882808
 -1.5621128737
 -1.5625070578
 -1.5540237920
 -1.5490502975
 -1.5563493922
 -1.5590300322
 -1.5447410944
 -1.5654645318
 -1.5526653723
 -1.5571287985
 -1.5645558042
 -1.5578616201
 -1.5562989313
 -1.5598348441
 -1.5571467578
 -1.5536040648
 -1.5600476333
 -1.5549136758
 -1.5617592930
 -1.5654439445
 -1.5476875889
 -1.5737702216
 -1.5697656736
 -1.5485338652
 -1.5596993196
 -1.5666106815
 -1.5544805668
 -1.5582479204
 -1.5566198894
 -1.5576271956
 -1.5538756794
 -1.5508550709
 -1.5583280960
 -1.5510656424
 -1.5623636371
 -1.5568961166
 -1.5521244827
 -1.5538318064
 -1.5626851750
 -1.5617131912
 -1.5469095079
 -1.5605132269
 -1.5404891552
 -1.5522306108
 -1.5524958935
 -1.5679592309
 -1.5584201471
 -1.5643087224
 -1.5662100475
 -1.5478014395
 -1.5525864461
 -1.5520330625
 -1.5481038898
 -1.5553213564
 -1.5584668882
 -1.5491363142
 -1.5748704146
 -1.5575609232
 -1.5615764221
 -1.5746843303
 -1.5572680527
 -1.5612645018
 -1.5722585281
 -1.5608282202
 -1.5643368238
 -1.5578632072
 -1.5438164923
 -1.5544954316
 -1.5612684100
 -1.5514172869
 -1.5556103358
 -1.5593620302
 -1.5652216414
 -1.5560133117
 -1.5687160274
 -1.5560949582
 -1.5563301101
 -1.5705030852
 -1.5551580855
 -1.5642382561
 -1.5504808198
 -1.5582716587
 -1.5731420222
 -1.5565611478
 -1.5625102054
 -1.5546452460
 -1.5568123789
 -1.5670700596
 -1.5648775976
 -1.5510865109
 -1.5375242142
 -1.5707532852
 -1.5692710194
 -1.5642871184
 -1.5683958176
 -1.5739307964
 -1.5504396588
 -1.5541813660
 -1.5607303993
 -1.5537371443
 -1.5510401394
 -1.5606562321
 -1.5651613161
 -1.5634443149
 -1.5561440274
 -1.5514552566
 -1.5546980609
 -1.5383641337
 -1.5610669800
 -1.5583232016
 -1.5631274590
 -1.5588047894
 -1.5649018215
 -1.5500566125
 -1.5665805538
 -1.5565656563
 -1.5585404956
 -1.5623622221
 -1.5622088452
 -1.5536939351
 -1.5575527305
 -1.5651173884
 -1.5496732102
 -1.5583693022
 -1.5631871259
 -1.5458984815
 -1.5526433360
 -1.5540409982
 -1.5672316118
 -1.5619792599
 -1.5682263482
 -1.5615859076
 -1.5652121447
 -1.5639820698
 -1.5554348384
 -1.5512747127
 -1.5606563718
 -1.5611455534
 -1.5517206855
 -1.5439563282
 -1.5503733752
 -1.5636485186
 -1.5595335889
 -1.5559577956
 -1.5528763784
 -1.5551289639
 -1.5637569711
 -1.5723072992
 -1.5604436471
 -1.5669655156
 -1.5670989394
 -1.5565518823
 -1.5602953465
 -1.5682793213
 -1.5726596216
 -1.5623275781
 -1.5546615596
 -1.5564811959
 -1.5698930245
 -1.5417213848
 -1.5467149432
 -1.5720852007
 -1.5674210419
 -1.5412006002
 -1.5562408725
 -1.5562289554
 -1.5581349438
 -1.5471393373
 -1.5580470560
 -1.5610657831
 -1.5458533211
 -1.5705048014
 -1.5647917310
 -1.5550118890
 -1.5493714475
 -1.5609342670
 -1.5639259992
 -1.5593011519
 -1.5587132337
 -1.5540891204
 -1.5559005674
 -1.5674427057
 -1.5540623022
 -1.5633227760
 -1.5506700937
 -1.5493039726
 -1.5580527597
 -1.5573283614
 -1.5674925695
 -1.5564458083
 -1.5556606192
 -1.5504095004
 -1.5594605579
 -1.5611450021
 -1.5592271976
 -1.5693097750
 -1.5636454151
 -1.5615136993
 -1.5597981897
 -1.5598161574
 -1.5712743091
 -1.5639649145
 -1.5659183037
 -1.5611594561
 -1.5589917609
 -1.5550933037
 -1.5586501694
 -1.5544953489
 -1.5608860846
 -1.5758086951
 -1.5565810681
 -1.5578141045
 -1.5659747980
 -1.5621561471
 -1.5525721931
 -1.5403874521
 -1.5594389711
 -1.5567043602
 -1.5652982098
 -1.5573565008
 -1.5558346117
 -1.5609704653
 -1.5561729556
 -1.5643156749
 -1.5648085291
 -1.5588419660
 -1.5644288470
 -1.5622099839
 -1.5686398626
 -1.5579230629
 -1.5756127130
 -1.5618313399
 -1.5587938274
 -1.5529915101
 -1.5562666030
 -1.5658927867
 -1.5612800503
 -1.5569974213
 -1.5606985910
 -1.5679483583
 -1.5762243039
 -1.5619607813
 -1.5575971854
 -1.5579086480
 -1.5438976181
 -1.5558779637
 -1.5545253351
 -1.5625505039
 -1.5678268341
 -1.5632214581
 -1.5647658048
 -1.5634729707
 -1.5602970034
 -1.5671644344
 -1.5699257229
 -1.5627004524
 -1.5698000492
 -1.5600742155
 -1.5729909885
 -1.5519838306
 -1.5641969560
 -1.5652026236
 -1.5669463450
 -1.5524173499
 -1.5506215054
 -1.5569913007
 -1.5668458955
 -1.5561170021
 -1.5518774832
 -1.5595206523
 -1.5590304448
 -1.5612128723
 -1.5433151410
 -1.5298394600
 -1.5617809665
 -1.5528712978
 -1.5562670058
 -1.5663598076
 -1.5556372440
 -1.5716445871
 -1.5574699267
 -1.5708715592
 -1.5571964645
 -1.5601057234
 -1.5623674049
 -1.5496861666
 -1.5576025338
 -1.5502657390
 -1.5694453868
 -1.5693122583
 -1.5567551265
 -1.5642617547
 -1.5544596968
 -1.5680091097
 -1.5515814636
 -1.5639185686
 -1.5506542926
 -1.5526401322
 -1.5514026439
 -1.5497392927
 -1.5526466344
 -1.5424176856
 -1.5458455648
 -1.5590321602
 -1.5608117879
 -1.5592520876
 -1.5547054288
 -1.5672496974
 -1.5635964870
 -1.5490384376
 -1.5613576711
 -1.5678468230
 -1.5652203147
 -1.5709253321
 -1.5615421724
 -1.5642242161
 -1.5515096757
 -1.5703292074
 -1.5664245111
 -1.5585414352
 -1.5520256478
 -1.5604969091
 -1.5469001532
 -1.5662497100
 -1.5592243968
 -1.5650935858
 -1.5748313349
 -1.5492099226
 -1.5680800422
 -1.5622853098
 -1.5620161873
 -1.5614483003
 -1.5498529013
 -1.5598362727
 -1.5644379224
 -1.5568766717
 -1.5604656824
 -1.5555167766
 -1.5624497988
 -1.5557591929
 -1.5639889406
 -1.5651749334
 -1.5653340262
 -1.5558584445
 -1.5578001600
 -1.5605984912
 -1.5569738341
 -1.5529744951
 -1.5630710390
 -1.5568064533
 -1.5562907622
 -1.5721627530
 -1.5632065423
 -1.5698416681
 -1.5593120317
 -1.5599073097
 -1.5637291759
 -1.5537963599
 -1.5614953597
 -1.5680120858
 -1.5563358133
 -1.5582805208
 -1.5634844687
 -1.5647237965
 -1.5767756017
 -1.5619130938
 -1.5639971599
 -1.5559289490
 -1.5605190193
 -1.5426780923
 -1.5695432609
 -1.5614635259
 -1.5513103958
 -1.5593878366
 -1.5642554852
 -1.5506538226
 -1.5686727088
 -1.5601535294
 -1.5517389833
 -1.5634350122
 -1.5564495904
 -1.5677973302
 -1.5639797747
 -1.5529370192
 -1.5605785665
 -1.5515659079
 -1.5602864007
 -1.5596565421
 -1.5619059101
 -1.5689980751
 -1.5641184112
 -1.5611660085
 -1.5544745398
 -1.5504550722
 -1.5562353199
 -1.5568152168
 -1.5611301824
 -1.5558749539
 -1.5703007276
 -1.5538099885
 -1.5679357133
 -1.5692729835
 -1.5586764860
 -1.5471392677
 -1.5531887326
 -1.5636966693
 -1.5594260771
 -1.5682024294
 -1.5665257692
 -1.5553625760
 -1.5623528786
 -1.5605960005
 -1.5581279158
 -1.5681297086
 -1.5604502123
 -1.5566136986
 -1.5604133612
 -1.5663658080
 -1.5513448801
 -1.5469295325
 -1.5445318669
 -1.5613804482
 -1.5470564189
 -1.5400639745
 -1.5632749030
 -1.5589841313
 -1.5482073495
 -1.5613672925
 -1.5664900732
 -1.5670023747
 -1.5637976852
 -1.5621695935
 -1.5527986163
 -1.5532048323
 -1.5625606216
 -1.5620100597
 -1.5517327635
 -1.5601671583
 -1.5598174215
 -1.5669717019
 -1.5708673839
 -1.5545291510
 -1.5517551690
 -1.5658848857
 -1.5624494177
 -1.5528472844
 -1.5593964024
 -1.5505422780
 -1.5493204428
 -1.5622529266
 -1.5611306542
 -1.5536627475
 -1.5475826815
 -1.5521532252
 -1.5558556567
 -1.5683345022
 -1.5472948122
 -1.5489451317
 -1.5613640590
 -1.5557404647
 -1.5660816929
 -1.5484288766
 -1.5568379124
 -1.5697160713
 -1.5605578675
 -1.5519330391
 -1.5565751935
 -1.5558511540
 -1.5435078560
 -1.5563161665
 -1.5595470407
 -1.5563249320
 -1.5546050738
 -1.5707408167
 -1.5609721535
 -1.5481567081
 -1.5582798472
 -1.5584892326
 -1.5587882703
 -1.5661030970
 -1.5575802082
 -1.5553530578
 -1.5555555639
 -1.5601762653
 -1.5695589162
 -1.5778761515
 -1.5598213995
 -1.5614451107
 -1.5587558798
 -1.5508309724
 -1.5419248617
 -1.5698599604
 -1.5632734297
 -1.5630845920
 -1.5508545522
 -1.5690685816
 -1.5598657656
 -1.5652654310
 -1.5668832026
 -1.5529696127
 -1.5540521945
 -1.5552711971
 -1.5543771571
 -1.5557836642
 -1.5670492676
 -1.5593930087
 -1.5489101641
 -1.5512588004
 -1.5548005106
 -1.5577168543
 -1.5608890273
 -1.5688126956
 -1.5596173172
 -1.5553170290
 -1.5536838710
 -1.5650707048
 -1.5466290050
 -1.5565163254
 -1.5584853731
 -1.5673074196
 -1.5537234303
 -1.5619794102
 -1.5699751256
 -1.5644665177
 -1.5586141156
 -1.5587743297
 -1.5409616345
 -1.5576274402
 -1.5638225238
 -1.5543636528
 -1.5516245042
 -1.5691865748
 -1.5460737159
 -1.5526048499
 -1.5715028079
 -1.5568442105
 -1.5645412157
 -1.5440044588
 -1.5505196308
 -1.5657537391
 -1.5599391829
 -1.5700082285
 -1.5513338432
 -1.5641702852
 -1.5529602712
 -1.5608435014
 -1.5578544593
 -1.5539818577
 -1.5580581909
 -1.5495956110
 -1.5538930602
 -1.5711196478
 -1.5595993796
 -1.5695476687
 -1.5499688593
 -1.5624920082
 -1.5628340124
 -1.5592388579
 -1.5625887966
 -1.5375436935
 -1.5488982647
 -1.5498651260
 -1.5609718111
 -1.5647891166
 -1.5571623927
 -1.5597365434
 -1.5598904284
 -1.5529638397
 -1.5519377365
 -1.5614899886
 -1.5541312253
 -1.5629302422
 -1.5586463852
 -1.5698234950
 -1.5495397775
 -1.5568336922
 -1.5688479668
 -1.5655235475
 -1.5652324018
 -1.5700558751
 -1.5570525457
 -1.5632720755
 -1.5747680331
 -1.5536679574
 -1.5692447279
 -1.5502564299
 -1.5630661640
 -1.5544298739
 -1.5603485684
 -1.5558017228
 -1.5671899911
 -1.5553817956
 -1.5696105679
 -1.5699518152
 -1.5628140889
 -1.5595069866
 -1.5630418964
 -1.5636276680
 -1.5767939193
 -1.5517241967
 -1.5564734290
 -1.5524098176
 -1.5732137868
 -1.5657898491
 -1.5670409264
 -1.5674570817
 -1.5545785793
 -1.5506714771
 -1.5758566920
 -1.5618631398
 -1.5591844135
 -1.5560030350
 -1.5702739774
 -1.5599531937
 -1.5569008221
 -1.5604981772
 -1.5667877841
 -1.5670023493
 -1.5532601373
 -1.5534149577
 -1.5485747659
 -1.5572786889
 -1.5508509970
 -1.5550219225
 -1.5631850645
 -1.5638351250
 -1.5662765807
 -1.5557394761
 -1.5510780626
 -1.5469316325
 -1.5706337451
 -1.5581531031
 -1.5783357689
 -1.5623846198
 -1.5654795309
 -1.5515054867
