 -1.5580293446
 -1.5632952904
 -1.5588660686
 -1.5670140381
 -1.5515933654
 -1.5647042288
 -1.5557537161
 -1.5625346477
 -1.5612601499
 -1.5692351085
 -1.5684871396
 -1.5656403282
 -1.5615203896
 -1.5551966010
 -1.5656300712
 -1.5544807164
 -1.5501303417
 -1.5600276288
 -1.5678475075
 -1.5671274470
 -1.5600587603
 -1.5514917571
 -1.5587420030
 -1.5646667672
 -1.5551536655
 -1.5607302511
 -1.5640131545
 -1.5583677712
 -1.5656004049
 -1.5673269699
 -1.5731074952
 -1.5566607902
 -1.5676131062
 -1.5566871411
 -1.5635494501
 -1.5560291287
 -1.5618059560
 -1.5546238620
 -1.5543925984
 -1.5559324309
 -1.5705020938
 -1.5555831491
 -1.5649723296
 -1.5627924888
 -1.5552532588
 -1.5661351282
 -1.5605661223
 -1.5630392026
 -1.5738912738
 -1.5563992354
 -1.5667789398
 -1.5570566735
 -1.5622793496
 -1.5557623078
 -1.5645759134
 -1.5591418490
 -1.5598977128
 -1.5603272526
 -1.5678707132
 -1.5616300228
 -1.5539644814
 -1.5617511376
 -1.5541490052
 -1.5646139544
 -1.5541393559
 -1.5599527467
 -1.5580234458
 -1.5633311274
 -1.5566015022
 -1.5584814907
 -1.5649598987
 -1.5683307228
 -1.5591187513
 -1.5629585372
 -1.5559806454
 -1.5602379792
 -1.5567085187
 -1.5596131170
 -1.5591882174
 -1.5547310747
 -1.5701897109
 -1.5547291792
 -1.5640910683
 -1.5523578613
 -1.5666256012
 -1.5620206889
 -1.5606852222
 -1.5589663514
 -1.5532371263
 -1.5490479550
 -1.5576405458
 -1.5509424339
 -1.5619150468
 -1.5610283658
 -1.5577877139
 -1.5668979261
 -1.5720699827
 -1.5573897286
 -1.5592438846
 -1.5566927927
 -1.5606589939
 -1.5585894022
 -1.5577153881
 -1.5532607472
 -1.5582383815
 -1.5704278137
 -1.5493274721
 -1.5570583093
 -1.5555242847
 -1.5533256400
 -1.5568413570
 -1.5623288740
 -1.5672322049
 -1.5642605281
 -1.5624062338
 -1.5630440183
 -1.5589945728
 -1.5674054815
 -1.5557512462
 -1.5527305609
 -1.5590735388
 -1.5586593750
 -1.5611149665
 -1.5585154686
 -1.5725996329
 -1.5555389687
 -1.5676407035
 -1.5688159263
 -1.5692242663
 -1.5670152307
 -1.5594705555
 -1.5599781466
 -1.5600093254
 -1.5637783295
 -1.5631345580
 -1.5668375669
 -1.5576952540
 -1.5657805993
 -1.5510316801
 -1.5608505967
 -1.5563106106
 -1.5609539450
 -1.5650502280
 -1.5573014457
 -1.5567523628
 -1.5699874605
 -1.5683383108
 -1.5568217043
 -1.5594978199
 -1.5622681710
 -1.5634236876
 -1.5619891918
 -1.5599480309
 -1.5609137677
 -1.5666645617
 -1.5593035022
 -1.5541062283
 -1.5570537643
 -1.5647906341
 -1.5667184120
 -1.5595100973
 -1.5644948158
 -1.5665694708
 -1.5600632113
 -1.5666794568
 -1.5698314175
 -1.5617221649
 -1.5624495006
 -1.5646021216
 -1.5622013439
 -1.5582767011
 -1.5608720114
 -1.5569252571
 -1.5602425244
 -1.5548177947
 -1.5583374571
 -1.5707120848
 -1.5686749618
 -1.5638682032
 -1.5645537432
 -1.5519108027
 -1.5650557444
 -1.5614506765
 -1.5641610038
 -1.5611293722
 -1.5584629718
 -1.5628297005
 -1.5734488578
 -1.5592837101
 -1.5657764631
 -1.5688686738
 -1.5563373587
 -1.5556470970
 -1.5691951347
 -1.5573172277
 -1.5608247561
 -1.5634227354
 -1.5551434391
 -1.5576115235
 -1.5621940594
 -1.5603395255
 -1.5538729095
 -1.5615076401
 -1.5598294357
 -1.5510080174
 -1.5553831087
 -1.5670553784
 -1.5628365547
 -1.5571044672
 -1.5648718027
 -1.5635365530
 -1.5581804850
 -1.5640334459
 -1.5638507669
 -1.5567069873
 -1.5589545278
 -1.5552792827
 -1.5542505894
 -1.5667017685
 -1.5649223407
 -1.5589481554
 -1.5633586063
 -1.5649685789
 -1.5684144357
 -1.5685162365
 -1.5601560906
 -1.5581204357
 -1.5599955704
 -1.5516266163
 -1.5692437401
 -1.5583979061
 -1.5483189646
 -1.5649796743
 -1.5556853951
 -1.5626001545
 -1.5528248935
 -1.5494987403
 -1.5693495659
 -1.5602346088
 -1.5574769164
 -1.5591943489
 -1.5615743749
 -1.5578628149
 -1.5601606596
 -1.5613762954
 -1.5652461518
 -1.5658271528
 -1.5665315715
 -1.5509947219
 -1.5566099113
 -1.5563347266
 -1.5545836023
 -1.5556833053
 -1.5713879186
 -1.5648501829
 -1.5635742659
 -1.5666240049
 -1.5552203627
 -1.5545849837
 -1.5682381842
 -1.5635638669
 -1.5672119499
 -1.5639555606
 -1.5592906647
 -1.5700821605
 -1.5616569939
 -1.5590963733
 -1.5635070293
 -1.5563062841
 -1.5610993798
 -1.5639603791
 -1.5675196286
 -1.5657649787
 -1.5676200168
 -1.5516610817
 -1.5523898330
 -1.5702680695
 -1.5609671414
 -1.5558273038
 -1.5572299968
 -1.5585842456
 -1.5628215878
 -1.5637091265
 -1.5660271032
 -1.5529692664
 -1.5639370089
 -1.5554673656
 -1.5656854331
 -1.5627387163
 -1.5546226323
 -1.5648587380
 -1.5590055127
 -1.5575766165
 -1.5545034643
 -1.5592795328
 -1.5655741942
 -1.5516120501
 -1.5564877388
 -1.5547131078
 -1.5605942960
 -1.5563691616
 -1.5601986706
 -1.5599638360
 -1.5635021409
 -1.5627648233
 -1.5632451091
 -1.5570484332
 -1.5543340939
 -1.5692274637
 -1.5659867725
 -1.5690740133
 -1.5654205828
 -1.5512939920
 -1.5591625298
 -1.5666992408
 -1.5629101681
 -1.5635169540
 -1.5644272507
 -1.5606039475
 -1.5540772806
 -1.5653326910
 -1.5533897000
 -1.5604079762
 -1.5633100227
 -1.5560923002
 -1.5590598018
 -1.5649199559
 -1.5610151847
 -1.5607307500
 -1.5560582387
 -1.5644214066
 -1.5639407774
 -1.5647787524
 -1.5634442445
 -1.5632741274
 -1.5612521805
 -1.5478927572
 -1.5611801723
 -1.5579872546
 -1.5554186448
 -1.5638753919
 -1.5543848111
 -1.5634942548
 -1.5640870797
 -1.5479162245
 -1.5677693498
 -1.5680874258
 -1.5646124729
 -1.5611533534
 -1.5531238857
 -1.5575617340
 -1.5760978071
 -1.5580295404
 -1.5608693176
 -1.5606541235
 -1.5608086660
 -1.5578493485
 -1.5599540875
 -1.5685459040
 -1.5622848512
 -1.5603731052
 -1.5566085681
 -1.5612789945
 -1.5613554343
 -1.5613988402
 -1.5625975799
 -1.5635534520
 -1.5530619113
 -1.5633374121
 -1.5521739809
 -1.5545852438
 -1.5641588582
 -1.5687500431
 -1.5596457865
 -1.5621018452
 -1.5632423341
 -1.5487250325
 -1.5568317545
 -1.5701799857
 -1.5527674390
 -1.5608428989
 -1.5623534288
 -1.5537403985
 -1.5549337118
 -1.5680465341
 -1.5605852042
 -1.5589002694
 -1.5650028880
 -1.5658622381
 -1.5663010577
 -1.5562926553
 -1.5708222249
 -1.5556044247
 -1.5643317695
 -1.5613060766
 -1.5671591931
 -1.5614499455
 -1.5637680747
 -1.5571408364
 -1.5629074749
 -1.5581084347
 -1.5619358585
 -1.5506648236
 -1.5550889415
 -1.5637684790
 -1.5620943378
 -1.5653548421
 -1.5557689795
 -1.5627828061
 -1.5641049109
 -1.5584934566
 -1.5620962619
 -1.5569774358
 -1.5659821934
 -1.5608421501
 -1.5573588868
 -1.5500677290
 -1.5612218424
 -1.5581210986
 -1.5559524475
 -1.5576653004
 -1.5604792405
 -1.5530525935
 -1.5570934737
 -1.5485437913
 -1.5557054697
 -1.5592258056
 -1.5516372867
 -1.5625531160
 -1.5618081704
 -1.5545714300
 -1.5636632661
 -1.5597197212
 -1.5621616945
 -1.5632633184
 -1.5666149294
 -1.5664781662
 -1.5645441210
 -1.5545279076
 -1.5773377488
 -1.5595478685
 -1.5624439677
 -1.5641581782
 -1.5570042120
 -1.5596653171
 -1.5661591375
 -1.5607237086
 -1.5697981376
 -1.5544625610
 -1.5609869592
 -1.5562523323
 -1.5647198609
 -1.5611456900
 -1.5577791434
 -1.5491665385
 -1.5581320705
 -1.5665723770
 -1.5578028504
 -1.5533633259
 -1.5639659549
 -1.5670825380
 -1.5561155838
 -1.5634216174
 -1.5644425132
 -1.5625203624
 -1.5702092243
 -1.5610540855
 -1.5630395216
 -1.5542805359
 -1.5592340056
 -1.5645330638
 -1.5632919420
 -1.5526135202
 -1.5662228759
 -1.5582570248
 -1.5531636696
 -1.5544256084
 -1.5660040857
 -1.5630831003
 -1.5624222075
 -1.5604824253
 -1.5695172759
 -1.5654034649
 -1.5633870767
 -1.5596429195
 -1.5600192064
 -1.5612461146
 -1.5630536917
 -1.5596414237
 -1.5655719909
 -1.5613519890
 -1.5563673798
 -1.5589414813
 -1.5519548865
 -1.5608922927
 -1.5671591393
 -1.5711267520
 -1.5570837251
 -1.5487926189
 -1.5605005568
 -1.5610073873
 -1.5673800922
 -1.5587662246
 -1.5633236318
 -1.5644480331
 -1.5520977300
 -1.5575500002
 -1.5512075168
 -1.5567330540
 -1.5549247571
 -1.5720591662
 -1.5629415740
 -1.5563017790
 -1.5648898986
 -1.5661725227
 -1.5619201435
 -1.5614216908
 -1.5737860138
 -1.5560085780
 -1.5588690428
 -1.5680343137
 -1.5564780501
 -1.5619348852
 -1.5636863928
 -1.5568124065
 -1.5629388959
 -1.5565884787
 -1.5626549203
 -1.5506406490
 -1.5587622300
 -1.5636284716
 -1.5533547986
 -1.5706433028
 -1.5578520629
 -1.5640500183
 -1.5761287077
 -1.5547359995
 -1.5586609421
 -1.5509334876
 -1.5609987238
 -1.5553466517
 -1.5653533805
 -1.5517768331
 -1.5720438495
 -1.5583102398
 -1.5593866183
 -1.5592252235
 -1.5549331575
 -1.5638163110
 -1.5637477979
 -1.5625915943
 -1.5581411552
 -1.5571430745
 -1.5595060512
 -1.5580901258
 -1.5593390050
 -1.5621935254
 -1.5640732557
 -1.5590867699
 -1.5491097687
 -1.5563481445
 -1.5632954609
 -1.5715021245
 -1.5657466073
 -1.5685242257
 -1.5638737154
 -1.5661847664
 -1.5569592081
 -1.5536924829
 -1.5648790699
 -1.5585121806
 -1.5617900884
 -1.5567068148
 -1.5577379778
 -1.5584284909
 -1.5577552414
 -1.5699400132
 -1.5618195083
 -1.5595648872
 -1.5574177094
 -1.5626100843
 -1.5629290790
 -1.5627744290
 -1.5750458057
 -1.5646349331
 -1.5598784874
 -1.5701057821
 -1.5649381313
 -1.5683494556
 -1.5628439397
 -1.5505461058
 -1.5687651494
 -1.5614506655
 -1.5625219908
 -1.5539170549
 -1.5607650373
 -1.5576067990
 -1.5647815501
 -1.5618085627
 -1.5593145153
 -1.5597276005
 -1.5605907414
 -1.5724429840
 -1.5547995137
 -1.5614273663
 -1.5628084371
 -1.5596633513
 -1.5613861575
 -1.5600445028
 -1.5628643386
 -1.5619266472
 -1.5601837512
 -1.5619319419
 -1.5523391459
 -1.5667427246
 -1.5590605476
 -1.5560046450
 -1.5599248146
 -1.5647503932
 -1.5600614536
 -1.5508581082
 -1.5564590546
 -1.5573934070
 -1.5618423727
 -1.5573278576
 -1.5622191882
 -1.5528361062
 -1.5657783504
 -1.5497808579
 -1.5630254582
 -1.5518245983
 -1.5642168716
 -1.5629289074
 -1.5558620173
 -1.5666679831
 -1.5646399929
 -1.5551570497
 -1.5534106850
 -1.5626920063
 -1.5654954292
 -1.5595775836
 -1.5597644616
 -1.5606378769
 -1.5648915285
 -1.5586332421
 -1.5530173646
 -1.5624967102
 -1.5624196907
 -1.5673315947
 -1.5611374857
 -1.5631745339
 -1.5619775587
 -1.5564756777
 -1.5644610084
 -1.5559619500
 -1.5662806012
 -1.5671299335
 -1.5655229955
 -1.5541934823
 -1.5573361093
 -1.5526638179
 -1.5601915214
 -1.5641628040
 -1.5594432443
 -1.5626914347
 -1.5594349044
 -1.5652873689
 -1.5379226160
 -1.5633513101
 -1.5635933362
 -1.5652358528
 -1.5673344314
 -1.5648053834
 -1.5598579692
 -1.5610461078
 -1.5570370571
 -1.5620770854
 -1.5625603540
 -1.5650111220
 -1.5623519491
 -1.5563538888
 -1.5515184608
 -1.5667711158
 -1.5547448140
 -1.5544754236
 -1.5621552402
 -1.5589043195
 -1.5631548661
 -1.5638654425
 -1.5678483777
 -1.5616244989
 -1.5580378977
 -1.5658943280
 -1.5574183837
 -1.5646919158
 -1.5501745102
 -1.5494420522
 -1.5597668275
 -1.5553861829
 -1.5596295185
 -1.5544006850
 -1.5631297428
 -1.5646891870
 -1.5714570657
 -1.5614936023
 -1.5704190642
 -1.5610135244
 -1.5584392796
 -1.5644172555
 -1.5639484160
 -1.5500398940
 -1.5555515236
 -1.5593709088
 -1.5606575217
 -1.5546467321
 -1.5568780678
 -1.5674111425
 -1.5514124691
 -1.5623014308
 -1.5604465050
 -1.5612513730
 -1.5594756477
 -1.5708384918
 -1.5706693598
 -1.5587548041
 -1.5609972896
 -1.5636314298
 -1.5724980604
 -1.5599840414
 -1.5624616241
 -1.5638653721
 -1.5589208789
 -1.5493525143
 -1.5498813943
 -1.5560907287
 -1.5608415919
 -1.5540368058
 -1.5598478082
 -1.5676630237
 -1.5723743790
 -1.5551688404
 -1.5548092817
 -1.5581120125
 -1.5556305552
 -1.5634300076
 -1.5583137328
 -1.5557007551
 -1.5569248226
 -1.5529046120
 -1.5657786069
 -1.5732157499
 -1.5544341742
 -1.5717623475
 -1.5606716955
 -1.5567789898
 -1.5603154833
 -1.5547335115
 -1.5595634291
 -1.5564816803
 -1.5781029463
 -1.5597865929
 -1.5507854818
 -1.5643532859
 -1.5603269591
 -1.5545543827
 -1.5528871123
 -1.5595125657
 -1.5585161255
 -1.5467904591
 -1.5638371825
 -1.5461025806
 -1.5569478640
 -1.5581806906
 -1.5581772917
 -1.5553008012
 -1.5655660769
 -1.5607170821
 -1.5590956887
 -1.5666257031
 -1.5568864341
 -1.5651768018
 -1.5646599499
 -1.5664748851
 -1.5564839524
 -1.5516983392
 -1.5659887332
 -1.5593457916
 -1.5691997935
 -1.5562155261
 -1.5567957145
 -1.5599565109
 -1.5593404015
 -1.5665312125
 -1.5704069165
 -1.5671119510
 -1.5621887924
 -1.5631589289
 -1.5620916951
 -1.5753230944
 -1.5498771855
 -1.5692981257
 -1.5616714778
 -1.5548378428
 -1.5531883429
 -1.5546017425
 -1.5679836630
 -1.5545657107
 -1.5639086716
 -1.5603732496
 -1.5651121216
 -1.5482898924
 -1.5558751721
 -1.5563780861
 -1.5670936144
 -1.5653987591
 -1.5623750231
 -1.5633480738
 -1.5566414484
 -1.5739817174
 -1.5545756915
 -1.5607260103
 -1.5695252653
 -1.5580091998
 -1.5551020474
 -1.5585380523
 -1.5604863182
 -1.5548431348
 -1.5668053206
 -1.5727930703
 -1.5568399634
 -1.5601869924
 -1.5539664975
 -1.5599840664
 -1.5532862844
 -1.5626972239
 -1.5592739088
 -1.5565110740
 -1.5566517215
 -1.5569346483
 -1.5767051083
 -1.5551988751
 -1.5616260008
 -1.5614092580
 -1.5576688849
 -1.5669903830
 -1.5594951994
 -1.5570777715
 -1.5507671108
 -1.5566653935
 -1.5567505221
 -1.5614050573
 -1.5721055495
 -1.5648642421
 -1.5545203251
 -1.5676062892
 -1.5550445929
 -1.5595397961
 -1.5610192638
 -1.5664888575
 -1.5555335930
 -1.5503683632
 -1.5630984394
 -1.5698061709
 -1.5613171720
 -1.5608761734
 -1.5579001243
 -1.5571929638
 -1.5583697459
 -1.5570175907
 -1.5593702852
 -1.5582648376
 -1.5617675950
 -1.5620278963
 -1.5606361972
 -1.5611138307
 -1.5661586451
 -1.5588287711
 -1.5552657899
 -1.5603146726
 -1.5626212502
 -1.5637924020
 -1.5622117729
 -1.5616648438
 -1.5606488530
 -1.5575543343
 -1.5515556188
 -1.5498564716
 -1.5586396256
 -1.5630099452
 -1.5710455483
 -1.5529927312
 -1.5552017366
 -1.5643855538
 -1.5621960017
 -1.5670116198
 -1.5605137501
 -1.5571718893
 -1.5707259571
 -1.5691192786
 -1.5588558335
 -1.5660824728
 -1.5542357458
 -1.5605528766
 -1.5573858504
 -1.5600792329
 -1.5536872589
 -1.5603608650
 -1.5566571505
 -1.5546473648
 -1.5601748937
 -1.5570068239
 -1.5628205089
 -1.5540491891
 -1.5629453432
 -1.5509156803
 -1.5529187919
 -1.5499109831
 -1.5630226239
 -1.5631007022
 -1.5483460719
 -1.5547000846
 -1.5609080953
 -1.5585150950
 -1.5635968669
 -1.5719680192
 -1.5630005087
 -1.5613449260
 -1.5621634196
 -1.5643793779
 -1.5604992120
 -1.5539739015
 -1.5681542507
 -1.5688303194
 -1.5648779321
 -1.5575581033
 -1.5607709937
 -1.5620500472
 -1.5598068037
 -1.5570646515
 -1.5631105887
 -1.5638228904
 -1.5549873181
 -1.5642573749
 -1.5582834227
 -1.5599971030
 -1.5605175587
 -1.5554016604
 -1.5521546168
 -1.5579099092
 -1.5549176364
 -1.5736368979
 -1.5528328321
 -1.5536443980
 -1.5642581129
 -1.5648029129
 -1.5551712585
 -1.5519065272
 -1.5613134241
 -1.5674164235
 -1.5623847715
 -1.5603157020
 -1.5619451993
 -1.5636157723
 -1.5620605107
 -1.5610055226
 -1.5644257433
 -1.5745238069
 -1.5515359123
 -1.5628544534
 -1.5638755667
 -1.5625719203
 -1.5638341027
 -1.5585989828
 -1.5640493546
 -1.5653641701
 -1.5636065796
 -1.5559568160
 -1.5694900556
 -1.5592742353
 -1.5569820169
 -1.5620021373
 -1.5595999257
 -1.5608705243
 -1.5610077556
 -1.5543708362
 -1.5652026111
 -1.5569459001
 -1.5715105934
 -1.5400617125
 -1.5640930247
 -1.5600917008
 -1.5586150369
 -1.5567726688
 -1.5666344500
 -1.5599557925
 -1.5514537401
 -1.5554519185
 -1.5588642016
 -1.5604278803
 -1.5624971595
