 -1.5791333566
 -1.5798716893
 -1.5676608638
 -1.5550819058
 -1.5668443746
 -1.5763066854
 -1.5774155185
 -1.5798527416
 -1.5595644271
 -1.5557349294
 -1.5627739793
 -1.5758608650
 -1.5829018907
 -1.5875897329
 -1.5570763557
 -1.5886377030
 -1.5598370505
 -1.5755753214
 -1.5569370661
 -1.5575621366
 -1.5726021402
 -1.5718092772
 -1.5463927383
 -1.5899269981
 -1.5645120095
 -1.5731390003
 -1.5637140320
 -1.5708930863
 -1.5742735884
 -1.5753213308
 -1.5621618591
 -1.5903994340
 -1.5868214944
 -1.5661454136
 -1.5834648775
 -1.5841897385
 -1.5560675120
 -1.5789311126
 -1.5827750860
 -1.5682140597
 -1.5668412884
 -1.5708419072
 -1.5634658153
 -1.5612849050
 -1.5705472544
 -1.5585753841
 -1.5786236859
 -1.5690263865
 -1.5669898824
 -1.5682790100
 -1.5810534699
 -1.5662933258
 -1.5595981938
 -1.5723377326
 -1.5831242786
 -1.5856345473
 -1.5613863180
 -1.5756958422
 -1.5434594062
 -1.5567554506
 -1.5378980939
 -1.5636176029
 -1.5687834939
 -1.5658976436
 -1.5711047141
 -1.5815356466
 -1.5596434269
 -1.5804874484
 -1.5724230780
 -1.5866674753
 -1.5730869170
 -1.5714176093
 -1.5854904453
 -1.5620165844
 -1.5686825558
 -1.5705596697
 -1.5436448192
 -1.5739672725
 -1.5796307117
 -1.5840476513
 -1.5723607800
 -1.5607940385
 -1.5616027677
 -1.5620514115
 -1.5752930665
 -1.5652622000
 -1.5867593488
 -1.5729622373
 -1.5939671911
 -1.5609168622
 -1.5706312432
 -1.5682929983
 -1.5811325045
 -1.5554626608
 -1.5607717448
 -1.5794654302
 -1.5788900948
 -1.5483307599
 -1.5742094352
 -1.5669870434
 -1.5709462378
 -1.5629117361
 -1.5591822616
 -1.5872557785
 -1.5628121673
 -1.5780144322
 -1.5739915389
 -1.5586205459
 -1.5565701515
 -1.5669749598
 -1.5371473877
 -1.5827177751
 -1.5849167469
 -1.5765353847
 -1.5762706895
 -1.5743188853
 -1.5498745475
 -1.5606538811
 -1.5850885032
 -1.5653018512
 -1.5589856736
 -1.5807783859
 -1.5714590762
 -1.5660957057
 -1.5778440369
 -1.5506879924
 -1.5576327319
 -1.5751895984
 -1.5794089465
 -1.5812495098
 -1.5836700689
 -1.6002405309
 -1.5749165750
 -1.5701853959
 -1.5710994358
 -1.5876385865
 -1.5790827650
 -1.5641948619
 -1.5722365204
 -1.5771364022
 -1.5369096543
 -1.5572758651
 -1.5710780966
 -1.5827153131
 -1.5777227381
 -1.5779375079
 -1.5576697173
 -1.5723801541
 -1.5873768757
 -1.5599084594
 -1.5569966027
 -1.5579320782
 -1.5661295313
 -1.5829831875
 -1.5493015100
 -1.5803387264
 -1.5759122969
 -1.5857032977
 -1.5765554982
 -1.5785715546
 -1.5687686657
 -1.5797621417
 -1.5844930402
 -1.5601410588
 -1.5752695378
 -1.5882274866
 -1.5567975436
 -1.5685773141
 -1.5723945191
 -1.5689411458
 -1.5632587602
 -1.5710342463
 -1.5795731945
 -1.5735500286
 -1.5791416580
 -1.5674144061
 -1.5583138556
 -1.5608302599
 -1.5791942005
 -1.5681945437
 -1.5797695289
 -1.5807920718
 -1.5776739703
 -1.5758296186
 -1.5630277979
 -1.5635416140
 -1.5773578603
 -1.5699702242
 -1.5570588879
 -1.5778662533
 -1.5792107151
 -1.5689583001
 -1.5435702762
 -1.5793859122
 -1.5650632692
 -1.5979709899
 -1.5918613273
 -1.5725382790
 -1.5807758227
 -1.5546619672
 -1.5549830358
 -1.5842374099
 -1.5621996855
 -1.5672459241
 -1.5724301145
 -1.5929229390
 -1.5803075979
 -1.5761660299
 -1.5641939677
 -1.5802006031
 -1.5915167264
 -1.5864587475
 -1.5583801494
 -1.5695945950
 -1.5916158217
 -1.6023515476
 -1.5662541557
 -1.5621198892
 -1.5730029027
 -1.5888741853
 -1.5677393683
 -1.5767292224
 -1.5660410520
 -1.5828399571
 -1.5857131062
 -1.5716452607
 -1.5889142797
 -1.5766379368
 -1.5895486650
 -1.5567449481
 -1.5699745255
 -1.5746559782
 -1.5805944310
 -1.5756562212
 -1.5729606265
 -1.5641950541
 -1.5776307401
 -1.5623998742
 -1.5520725849
 -1.5903136961
 -1.5802508811
 -1.5841231952
 -1.5722642678
 -1.5680092450
 -1.5761016730
 -1.5679672900
 -1.5555762809
 -1.5688728244
 -1.5694688665
 -1.5906181859
 -1.5761454484
 -1.5858839069
 -1.5641986983
 -1.5612759495
 -1.5546263815
 -1.5728060376
 -1.5729568587
 -1.5752818707
 -1.5837787338
 -1.5551039628
 -1.5848658204
 -1.5936836762
 -1.5625245653
 -1.5748674230
 -1.5587073747
 -1.5604397256
 -1.5697016180
 -1.5635414808
 -1.5706016992
 -1.5551839051
 -1.5710961247
 -1.6014528822
 -1.5697083574
 -1.5776164452
 -1.5436927698
 -1.5695022149
 -1.5700730702
 -1.5863024681
 -1.5623717837
 -1.5873709789
 -1.5669780192
 -1.5650796244
 -1.5632743979
 -1.5677756441
 -1.5684081193
 -1.5725769446
 -1.6004803634
 -1.5532555781
 -1.5453667556
 -1.5614623998
 -1.5608837609
 -1.5653720706
 -1.5681475317
 -1.5782068912
 -1.5763122942
 -1.5759219974
 -1.5677203466
 -1.5675762396
 -1.5775884345
 -1.5553152411
 -1.5792367609
 -1.5645843519
 -1.5621064521
 -1.5717744315
 -1.5705213539
 -1.5776930465
 -1.6004550071
 -1.5927079289
 -1.5597849871
 -1.5590536809
 -1.5833089444
 -1.5531411840
 -1.5584114492
 -1.5782874653
 -1.5787580816
 -1.5725789745
 -1.5393592815
 -1.5381709510
 -1.5591229803
 -1.5916338364
 -1.5760129671
 -1.5907491911
 -1.5759494208
 -1.5751685249
 -1.5822324394
 -1.5851336992
 -1.5798257366
 -1.5559536392
 -1.5882185937
 -1.5791189023
 -1.5932007157
 -1.5719325168
 -1.5815623993
 -1.5631780423
 -1.5635395991
 -1.5590841988
 -1.5624604734
 -1.5795841194
 -1.6005071923
 -1.5728944642
 -1.5719947521
 -1.5594126894
 -1.5842989848
 -1.5661762012
 -1.5733669039
 -1.5885285639
 -1.5613900176
 -1.5746196456
 -1.5846971805
 -1.5884786175
 -1.5939449880
 -1.5911719611
 -1.5728597274
 -1.5721940301
 -1.5679714090
 -1.5718038576
 -1.5564072573
 -1.5608348656
 -1.5727754095
 -1.5648372931
 -1.5628750031
 -1.5712086707
 -1.5681907391
 -1.5664524009
 -1.5517461798
 -1.5769933464
 -1.5687495753
 -1.5715538212
 -1.5712545895
 -1.5521414793
 -1.5892846052
 -1.5936021678
 -1.5624409517
 -1.5851207689
 -1.5820598827
 -1.5755550007
 -1.5728008315
 -1.5826182208
 -1.5906225540
 -1.5794628067
 -1.5731532697
 -1.5779351574
 -1.5629090804
 -1.5727212574
 -1.5928472446
 -1.5975359765
 -1.5711795459
 -1.5587762083
 -1.5887669723
 -1.5630798211
 -1.5768041185
 -1.5836089941
 -1.5817260874
 -1.5762313750
 -1.5702598267
 -1.5658547381
 -1.5617556003
 -1.5770205738
 -1.5831739217
 -1.5772351277
 -1.5746012285
 -1.5509692928
 -1.5599260861
 -1.5703519923
 -1.5656872185
 -1.5825962147
 -1.5615031972
 -1.5572938224
 -1.5737204482
 -1.5532968067
 -1.5669555008
 -1.5865383876
 -1.5612972053
 -1.5357840520
 -1.5479952692
 -1.5941403138
 -1.5776274597
 -1.5751821297
 -1.5561319246
 -1.5824515590
 -1.5697772798
 -1.5843811220
 -1.5547551722
 -1.5774417630
 -1.5594352692
 -1.5543065629
 -1.5821335363
 -1.5862229534
 -1.5747508457
 -1.5628980642
 -1.5729566273
 -1.5760182595
 -1.5635532288
 -1.5672294094
 -1.5605585837
 -1.5709552462
 -1.5765478740
 -1.5709354230
 -1.5893140698
 -1.5776786677
 -1.5527466951
 -1.5783674717
 -1.5918084338
 -1.5800598697
 -1.5693205621
 -1.5506770773
 -1.5910709070
 -1.5643852647
 -1.5803705835
 -1.5790898174
 -1.5616021163
 -1.5717885482
 -1.5561748865
 -1.5707539488
 -1.5812107768
 -1.5832910578
 -1.5576917518
 -1.5631416299
 -1.5869128834
 -1.5698193899
 -1.5622196228
 -1.5764823011
 -1.5871187597
 -1.5731602130
 -1.5820686407
 -1.5965495665
 -1.5539266871
 -1.5897750591
 -1.5833749637
 -1.5585754963
 -1.5811465200
 -1.5655825937
 -1.5731503784
 -1.5950128325
 -1.5804163969
 -1.5623492960
 -1.5833498129
 -1.5763142798
 -1.5440080900
 -1.5905581883
 -1.5864670830
 -1.5847608942
 -1.5602132539
 -1.5629871129
 -1.5930871436
 -1.5920761283
 -1.5742128880
 -1.5986422744
 -1.5584750962
 -1.5736584752
 -1.5762771635
 -1.5616422639
 -1.5583946429
 -1.5733001973
 -1.5720078482
 -1.5754895665
 -1.5547205770
 -1.5778374920
 -1.5678653274
 -1.5725713079
 -1.5780217974
 -1.5819485258
 -1.5683141316
 -1.5764703001
 -1.5934363244
 -1.5672945163
 -1.5680916136
 -1.5736463674
 -1.5673751507
 -1.5560867653
 -1.5756959325
 -1.5730208710
 -1.5992757735
 -1.5906845328
 -1.5749588958
 -1.5671521144
 -1.5657906632
 -1.5888064692
 -1.5763823717
 -1.5851031863
 -1.5841540091
 -1.5613632443
 -1.5884542605
 -1.5673659552
 -1.5687960245
 -1.6010891023
 -1.5607125500
 -1.5729924421
 -1.5635513059
 -1.5925260399
 -1.5877558139
 -1.5921621871
 -1.5702072518
 -1.5678507608
 -1.5762752429
 -1.5836850448
 -1.5615700221
 -1.5742297767
 -1.5867300082
 -1.5730662725
 -1.5868015227
 -1.5733708168
 -1.5776368636
 -1.5821802350
 -1.5799806304
 -1.5637130618
 -1.5483117836
 -1.5666265057
 -1.5518877549
 -1.5616552486
 -1.5890506917
 -1.5765012467
 -1.5631605505
 -1.5575305346
 -1.5780520298
 -1.5899431631
 -1.5627581876
 -1.5765378624
 -1.5875289251
 -1.5703719328
 -1.5767763646
 -1.5506768454
 -1.5823647175
 -1.5770889429
 -1.5916366246
 -1.5641825639
 -1.5602959409
 -1.5577943121
 -1.5672323915
 -1.5790643488
 -1.5773653474
 -1.5656001812
 -1.5510608645
 -1.5778779808
 -1.5837671595
 -1.5749053146
 -1.5814987149
 -1.5649589708
 -1.5667365385
 -1.5883832471
 -1.5678815061
 -1.5867068547
 -1.5880049083
 -1.5540468979
 -1.5665045525
 -1.5548388547
 -1.5657286345
 -1.5645153005
 -1.5800321210
 -1.5835940886
 -1.5681074385
 -1.5630432298
 -1.5857562726
 -1.5829301609
 -1.5690286025
 -1.5580401476
 -1.5544748070
 -1.5770650120
 -1.6094709355
 -1.5770841751
 -1.5618813362
 -1.5739206590
 -1.5770751985
 -1.5824170541
 -1.5751849626
 -1.5782244232
 -1.5852445305
 -1.5703838822
 -1.5680508994
 -1.5533442510
 -1.5573913617
 -1.5835508138
 -1.5620978544
 -1.5728406487
 -1.5913727762
 -1.5850789513
 -1.5757337323
 -1.5875304850
 -1.5699653587
 -1.5992037654
 -1.5739634429
 -1.5658565085
 -1.5744848196
 -1.5818150434
 -1.5707982861
 -1.5757209305
 -1.5544688693
 -1.5734466717
 -1.6015968856
 -1.5671803554
 -1.5711052099
 -1.5727298481
 -1.5871921651
 -1.5764241967
 -1.5894936266
 -1.5889429077
 -1.5749999162
 -1.5681727851
 -1.5698945783
 -1.5694358764
 -1.5589052226
 -1.5687852762
 -1.5630370304
 -1.5898898115
 -1.5643140606
 -1.5700704250
 -1.5926228639
 -1.5471717384
 -1.5767648039
 -1.5600332527
 -1.5821956389
 -1.5575582264
 -1.5871076164
 -1.5621964776
 -1.5818866971
 -1.5577748367
 -1.5639530577
 -1.5518132905
 -1.5791456174
 -1.5704557364
 -1.5695362898
 -1.5663686451
 -1.5891029071
 -1.5754511110
 -1.5583086189
 -1.5499471428
 -1.5616778825
 -1.6119789466
 -1.5853809717
 -1.5587389154
 -1.5718831680
 -1.5799765990
 -1.5580526031
 -1.5776115743
 -1.5899771122
 -1.5490108449
 -1.5618806770
 -1.5705961527
 -1.5963620731
 -1.5590838455
 -1.5908315185
 -1.5867172386
 -1.5562196661
 -1.5568755252
 -1.5799815108
 -1.5873778081
 -1.5755902913
 -1.5607694669
 -1.5682477186
 -1.5583540542
 -1.5911654883
 -1.5814006588
 -1.5628393402
 -1.5793094229
 -1.5800873467
 -1.5731120388
 -1.5540895297
 -1.5664935627
 -1.5844099923
 -1.5656567801
 -1.5814460252
 -1.5808049333
 -1.5548472036
 -1.5515911134
 -1.5704271062
 -1.5643208751
 -1.5718193389
 -1.5604032611
 -1.5778984880
 -1.5773451662
 -1.5726727848
 -1.5673923885
 -1.5605409143
 -1.5703889435
 -1.5848072321
 -1.5679319043
 -1.5869969791
 -1.5738274071
 -1.5730901421
 -1.5663577980
 -1.5732050796
 -1.5898235516
 -1.5676035144
 -1.5771922756
 -1.5758732004
 -1.5797975497
 -1.5892720458
 -1.5876622005
 -1.5872627585
 -1.5766407327
 -1.5435557977
 -1.5788707276
 -1.5912907984
 -1.5890462256
 -1.5834128247
 -1.5757380161
 -1.5699408077
 -1.5706071208
 -1.5761270042
 -1.5660485056
 -1.5792596046
 -1.5546134550
 -1.5973269164
 -1.5775654687
 -1.5740850455
 -1.5874549511
 -1.5489696024
 -1.5533246538
 -1.5928195539
 -1.5771152457
 -1.5718457078
 -1.5680941633
 -1.5665404612
 -1.5770619867
 -1.6004563321
 -1.5615002431
 -1.5712277683
 -1.5692390608
 -1.5894046810
 -1.5785693987
 -1.5493115964
 -1.5823832192
 -1.5867804139
 -1.5696990738
 -1.5834744623
 -1.5735082313
 -1.5704607808
 -1.5754781808
 -1.5620456789
 -1.5667982746
 -1.5672039766
 -1.5724835507
 -1.5717368169
 -1.5786350073
 -1.5648185055
 -1.5627758394
 -1.5590790906
 -1.5677714448
 -1.5664125261
 -1.5825582214
 -1.5686664143
 -1.5691340486
 -1.5706577978
 -1.5568970314
 -1.5735654576
 -1.5758106398
 -1.5741794920
 -1.5999022061
 -1.5671057779
 -1.5486763463
 -1.5534133966
 -1.5623832843
 -1.5524957557
 -1.5650718305
 -1.5774554874
 -1.5700682790
 -1.5664497381
 -1.5541977333
 -1.5743061536
 -1.5725875560
 -1.5913617043
 -1.5712277994
 -1.5728666711
 -1.5629400780
 -1.5909740358
 -1.5630954538
 -1.5673804987
 -1.5679650560
 -1.5498309063
 -1.5871286966
 -1.5630530472
 -1.5728099012
 -1.5443260582
 -1.5537771428
 -1.5839000787
 -1.5684266700
 -1.5801721914
 -1.5794774353
 -1.5908379221
 -1.5667358165
 -1.5644459630
 -1.5832228956
 -1.5736821895
 -1.5676159502
 -1.5494067996
 -1.5630380858
 -1.5771978337
 -1.5894233615
 -1.5573079457
 -1.5908429097
 -1.5781651259
 -1.5706915471
 -1.5621734180
 -1.5653600865
 -1.5703614313
 -1.5805449555
 -1.5617704781
 -1.5833520554
 -1.5862805928
 -1.5685979592
 -1.5830736548
 -1.5683438427
 -1.5609329896
 -1.5800331193
 -1.5752821981
 -1.5804167851
 -1.5631196472
 -1.5620041393
 -1.5680290916
 -1.5808768608
 -1.5741378069
 -1.5673476364
 -1.5681625319
 -1.5984704522
 -1.5533380453
 -1.5717302287
 -1.5511712678
 -1.5565306557
 -1.5899031881
 -1.5553596986
 -1.5574059767
 -1.5879304808
 -1.5775229455
 -1.5732276934
 -1.5914953091
 -1.5607551220
 -1.5590889751
 -1.5758474920
 -1.5661373416
 -1.5587548061
 -1.5700214906
 -1.5739039976
 -1.5918611418
 -1.5778028821
 -1.5715661872
 -1.5838196794
 -1.6044472228
 -1.5528176499
 -1.5764746179
 -1.5827348519
 -1.5617131595
 -1.5705782715
 -1.5602083176
 -1.5580194175
 -1.5866310861
 -1.5908318028
 -1.5610383016
 -1.5647939574
 -1.5539949366
 -1.5655420930
 -1.5722913381
 -1.5717978724
 -1.5688015725
 -1.5941462474
 -1.5763127566
 -1.5897501626
 -1.5654297642
 -1.5575672098
 -1.5664610711
 -1.5732378988
 -1.5556277047
 -1.5817165085
 -1.5688029957
 -1.5758438847
 -1.5730369790
 -1.5957184512
 -1.5645273241
 -1.5778317489
 -1.5836460537
 -1.5699015780
 -1.5633750838
 -1.5679517394
 -1.5630819907
 -1.5752267684
 -1.5969147605
 -1.5573110917
 -1.5625438214
 -1.5650865557
 -1.5573793769
 -1.5661209948
 -1.5747932845
 -1.5837532005
 -1.5707223141
 -1.5589266995
 -1.5713028915
 -1.5673922288
 -1.5923421774
 -1.5715043425
 -1.5798407866
 -1.5763306585
 -1.5647932169
 -1.5707905269
 -1.5733321086
 -1.5664332938
 -1.5486804291
 -1.5656917355
 -1.5896329933
 -1.5592866721
 -1.5739679420
 -1.5885763007
 -1.5763289225
 -1.5842584954
 -1.5604974665
 -1.5944495223
 -1.5692312696
 -1.5508475425
 -1.5562768327
 -1.5573090084
 -1.5803242640
 -1.5769113391
 -1.5742728092
 -1.5816772195
 -1.5749697352
 -1.5589869882
 -1.5667196156
 -1.5787473019
 -1.5687444206
 -1.5631472257
 -1.5742743078
 -1.5861962706
 -1.5704539013
 -1.5844281871
 -1.5481155317
 -1.5728762741
 -1.5716177819
 -1.5916314715
 -1.5659531281
 -1.5638697629
 -1.5712539694
 -1.5639327576
 -1.5792284615
 -1.5541546206
 -1.5839092630
 -1.5910089939
 -1.5598483214
 -1.5807025029
 -1.5857970983
 -1.5629780937
 -1.5763678391
 -1.5681802550
 -1.5646972275
 -1.5648850029
 -1.5812678289
 -1.5786880603
 -1.5630771176
 -1.5663226509
 -1.5741326866
 -1.5844350269
 -1.5605047263
 -1.5990965948
 -1.5789962861
 -1.5644793346
 -1.5563276471
 -1.5571640769
 -1.5798629958
 -1.5651694946
 -1.5634682558
 -1.5823846823
 -1.5837536511
 -1.5525266335
