 -1.5669122271
 -1.5782258642
 -1.5666077653
 -1.5701497218
 -1.5709851576
 -1.5712682748
 -1.5685065651
 -1.5716308541
 -1.5735421458
 -1.5841110251
 -1.5679645097
 -1.5791042258
 -1.5636806455
 -1.5697362601
 -1.5802253466
 -1.5715346057
 -1.5607791531
 -1.5838403852
 -1.5632950142
 -1.5682438131
 -1.5760798380
 -1.5692786971
 -1.5721107528
 -1.5723303652
 -1.5751711064
 -1.5729372636
 -1.5617731775
 -1.5615573821
 -1.5653341692
 -1.5583991499
 -1.5637397152
 -1.5598009469
 -1.5720709767
 -1.5698170420
 -1.5703416654
 -1.5580661610
 -1.5769490986
 -1.5646761643
 -1.5756923303
 -1.5594972444
 -1.5793456522
 -1.5873620785
 -1.5732605364
 -1.5793831404
 -1.5721674247
 -1.5782818860
 -1.5830407424
 -1.5617882298
 -1.5806736560
 -1.5660566944
 -1.5759148951
 -1.5706937000
 -1.5786235687
 -1.5751553298
 -1.5841616336
 -1.5758011630
 -1.5675648790
 -1.5781329529
 -1.5748072151
 -1.5644162242
 -1.5821703011
 -1.5551355789
 -1.5717701579
 -1.5549155182
 -1.5679863433
 -1.5796667345
 -1.5708610067
 -1.5481340340
 -1.5653831113
 -1.5658402851
 -1.5733939143
 -1.5692677343
 -1.5664262993
 -1.5681993436
 -1.5839360724
 -1.5746061700
 -1.5704573446
 -1.5511498102
 -1.5664174943
 -1.5631990899
 -1.5615204807
 -1.5621436978
 -1.5468559349
 -1.5655374091
 -1.5574260433
 -1.5674885340
 -1.5655985726
 -1.5666890531
 -1.5739768303
 -1.5840394720
 -1.5727371728
 -1.5737950770
 -1.5696730630
 -1.5719156506
 -1.5847139325
 -1.5737010132
 -1.5813083199
 -1.5803954167
 -1.5748417378
 -1.5567112324
 -1.5673544388
 -1.5707221037
 -1.5661930468
 -1.5717899088
 -1.5550977848
 -1.5739988348
 -1.5704922353
 -1.5632830737
 -1.5710681349
 -1.5765008956
 -1.5626042661
 -1.5626308180
 -1.5610163850
 -1.5638499085
 -1.5620699391
 -1.5504063904
 -1.5761757902
 -1.5801772917
 -1.5627445430
 -1.5616924486
 -1.5553910075
 -1.5665283704
 -1.5759071907
 -1.5684348848
 -1.5715037801
 -1.5734578248
 -1.5663656673
 -1.5628954784
 -1.5813752455
 -1.5703093016
 -1.5610032524
 -1.5639910879
 -1.5795388403
 -1.5622849500
 -1.5634250294
 -1.5641593880
 -1.5701373439
 -1.5691890033
 -1.5590236493
 -1.5682190817
 -1.5817174863
 -1.5676412038
 -1.5692053974
 -1.5731839852
 -1.5690573550
 -1.5701380054
 -1.5749970054
 -1.5682311491
 -1.5657094011
 -1.5559566966
 -1.5577986533
 -1.5624952842
 -1.5646111593
 -1.5592252615
 -1.5743442251
 -1.5816449556
 -1.5580533955
 -1.5805885111
 -1.5643329823
 -1.5626181720
 -1.5721978800
 -1.5632491115
 -1.5827408103
 -1.5709375770
 -1.5722771705
 -1.5658892632
 -1.5809901651
 -1.5668179368
 -1.5646228241
 -1.5760653685
 -1.5742523487
 -1.5695021094
 -1.5592440573
 -1.5863719621
 -1.5620396898
 -1.5753058201
 -1.5727382833
 -1.5582339892
 -1.5722829669
 -1.5815147837
 -1.5829259829
 -1.5670978310
 -1.5597331971
 -1.5767313616
 -1.5915736051
 -1.5545214250
 -1.5871759224
 -1.5678738804
 -1.5566986190
 -1.5687966066
 -1.5852661033
 -1.5802202200
 -1.5723206417
 -1.5610171324
 -1.5724909195
 -1.5757197790
 -1.5732153424
 -1.5674016485
 -1.5603541950
 -1.5824843252
 -1.5719709835
 -1.5609709540
 -1.5713722102
 -1.5691014307
 -1.5793312056
 -1.5776170520
 -1.5745409636
 -1.5768036047
 -1.5631157365
 -1.5820235668
 -1.5715103873
 -1.5699009199
 -1.5738214466
 -1.5705474347
 -1.5662591999
 -1.5752442464
 -1.5629340073
 -1.5619133420
 -1.5602931378
 -1.5816502491
 -1.5718509339
 -1.5670079839
 -1.5722948943
 -1.5693169691
 -1.5707612355
 -1.5687091225
 -1.5767390356
 -1.5722561289
 -1.5768051799
 -1.5655302885
 -1.5804764419
 -1.5624586288
 -1.5740556470
 -1.5631432005
 -1.5767657654
 -1.5599963046
 -1.5775645553
 -1.5650534724
 -1.5646584197
 -1.5615263483
 -1.5640317278
 -1.5723832219
 -1.5757562772
 -1.5728610228
 -1.5672491138
 -1.5611325760
 -1.5657560535
 -1.5682444607
 -1.5651587404
 -1.5976081952
 -1.5660451701
 -1.5774622020
 -1.5740736731
 -1.5754599084
 -1.5669996745
 -1.5727328183
 -1.5815909946
 -1.5753184598
 -1.5833178367
 -1.5557232461
 -1.5682687466
 -1.5769667737
 -1.5731189428
 -1.5727803494
 -1.5699304072
 -1.5703066592
 -1.5764799123
 -1.5632354631
 -1.5605379036
 -1.5768326209
 -1.5643217196
 -1.5708594073
 -1.5799394977
 -1.5760495890
 -1.5738125827
 -1.5884714668
 -1.5627419131
 -1.5760042591
 -1.5854293342
 -1.5658561008
 -1.5649625498
 -1.5526466284
 -1.5675648937
 -1.5684738083
 -1.5615465041
 -1.5740832424
 -1.5721583831
 -1.5585802780
 -1.5723397717
 -1.5632682583
 -1.5731991594
 -1.5770884512
 -1.5702868045
 -1.5679854280
 -1.5643487142
 -1.5587955826
 -1.5735123540
 -1.5747241288
 -1.5460483216
 -1.5815485463
 -1.5816075497
 -1.5656763034
 -1.5883096590
 -1.5667162735
 -1.5746039493
 -1.5684422610
 -1.5639191289
 -1.5795166810
 -1.5747380710
 -1.5712964615
 -1.5697076806
 -1.5707709128
 -1.5628869160
 -1.5631063576
 -1.5602857151
 -1.5665515668
 -1.5693773250
 -1.5753864444
 -1.5626024145
 -1.5612336392
 -1.5764291703
 -1.5632460396
 -1.5723141675
 -1.5831970520
 -1.5699889888
 -1.5548508061
 -1.5616374938
 -1.5656016976
 -1.5707924536
 -1.5766115415
 -1.5789905306
 -1.5665480433
 -1.5647832811
 -1.5793728657
 -1.5634380161
 -1.5691912136
 -1.5629171933
 -1.5739518700
 -1.5711560497
 -1.5661980861
 -1.5777947660
 -1.5695133991
 -1.5647569165
 -1.5740902571
 -1.5633981655
 -1.5670905807
 -1.5570351213
 -1.5569876416
 -1.5511670131
 -1.5883873585
 -1.5537267629
 -1.5694168568
 -1.5771560652
 -1.5804603189
 -1.5653096742
 -1.5714747056
 -1.5887861932
 -1.5647272721
 -1.5783449609
 -1.5785869497
 -1.5748906022
 -1.5579173926
 -1.5687813463
 -1.5771475313
 -1.5731036923
 -1.5749983292
 -1.5774418375
 -1.5648501505
 -1.5772641845
 -1.5726112670
 -1.5697889890
 -1.5789520678
 -1.5814975412
 -1.5799207933
 -1.5702745871
 -1.5630934720
 -1.5564752970
 -1.5549737746
 -1.5653112949
 -1.5788615797
 -1.5735180950
 -1.5728919721
 -1.5758656340
 -1.5530629423
 -1.5792623674
 -1.5616787753
 -1.5809446017
 -1.5660094532
 -1.5822822263
 -1.5736070307
 -1.5833274697
 -1.5715485079
 -1.5763221528
 -1.5733296026
 -1.5693743452
 -1.5538023624
 -1.5691368112
 -1.5765985588
 -1.5661870729
 -1.5684362704
 -1.5730273596
 -1.5716244011
 -1.5850928769
 -1.5745983826
 -1.5757741725
 -1.5632666051
 -1.5689281334
 -1.5759696176
 -1.5832888940
 -1.5763013735
 -1.5618408937
 -1.5659498686
 -1.5794985776
 -1.5665141588
 -1.5634565646
 -1.5651012648
 -1.5781259682
 -1.5795807793
 -1.5903443166
 -1.5780214519
 -1.5661911451
 -1.5611968195
 -1.5744238080
 -1.5681336872
 -1.5657174502
 -1.5746849895
 -1.5772032020
 -1.5573557103
 -1.5643521429
 -1.5747748866
 -1.5721241654
 -1.5623536316
 -1.5781958206
 -1.5723296496
 -1.5669243979
 -1.5724082363
 -1.5736843458
 -1.5648778534
 -1.5637625212
 -1.5611863388
 -1.5678315029
 -1.5807015329
 -1.5688829376
 -1.5646230446
 -1.5762430308
 -1.5623588952
 -1.5772140489
 -1.5654950570
 -1.5663547002
 -1.5804645200
 -1.5600982211
 -1.5639142063
 -1.5659595611
 -1.5682653862
 -1.5741287854
 -1.5600774229
 -1.5857588810
 -1.5689217612
 -1.5681126883
 -1.5779118024
 -1.5662872631
 -1.5495572833
 -1.5751402352
 -1.5643481320
 -1.5777689014
 -1.5794251493
 -1.5799610758
 -1.5741157665
 -1.5879908642
 -1.5658161745
 -1.5747050097
 -1.5720428037
 -1.5684084791
 -1.5638724700
 -1.5804301659
 -1.5599927279
 -1.5768411036
 -1.5641323580
 -1.5603936423
 -1.5649776077
 -1.5549842527
 -1.5691122590
 -1.5610512671
 -1.5714734612
 -1.5537534536
 -1.5693101175
 -1.5650089286
 -1.5896411852
 -1.5677315582
 -1.5617185682
 -1.5788107930
 -1.5747674181
 -1.5606566699
 -1.5632677677
 -1.5641300445
 -1.5767667039
 -1.5937953697
 -1.5817839202
 -1.5739546213
 -1.5555686944
 -1.5696049810
 -1.5653013521
 -1.5670949405
 -1.5676053433
 -1.5775123687
 -1.5797504309
 -1.5754674085
 -1.5658272527
 -1.5786163648
 -1.5667651892
 -1.5739028146
 -1.5712533452
 -1.5672915812
 -1.5592835973
 -1.5825974466
 -1.5722344223
 -1.5531513925
 -1.5678263480
 -1.5711698138
 -1.5852018594
 -1.5715977349
 -1.5663637811
 -1.5554938773
 -1.5662188634
 -1.5819403152
 -1.5711586092
 -1.5612149635
 -1.5700374302
 -1.5701712567
 -1.5843597365
 -1.5764654688
 -1.5741934890
 -1.5491724356
 -1.5658251046
 -1.5600714301
 -1.5658434743
 -1.5681935778
 -1.5811067102
 -1.5751032978
 -1.5668798526
 -1.5527106502
 -1.5684241549
 -1.5694316537
 -1.5634267602
 -1.5667399957
 -1.5659162085
 -1.5659399154
 -1.5570465274
 -1.5615275597
 -1.5767395434
 -1.5641218488
 -1.5621827995
 -1.5687063707
 -1.5656260287
 -1.5670096728
 -1.5650024410
 -1.5557794095
 -1.5556599316
 -1.5781597430
 -1.5615898578
 -1.5679848631
 -1.5680010580
 -1.5724730089
 -1.5598847344
 -1.5850781920
 -1.5566415436
 -1.5826080069
 -1.5785462227
 -1.5798847398
 -1.5658542553
 -1.5765027976
 -1.5694431504
 -1.5805732618
 -1.5657589104
 -1.5795319135
 -1.5614771472
 -1.5710311691
 -1.5655269222
 -1.5668653139
 -1.5609905038
 -1.5645083839
 -1.5596296252
 -1.5865031227
 -1.5536105490
 -1.5736074161
 -1.5686269771
 -1.5649298906
 -1.5656797440
 -1.5720196103
 -1.5562539104
 -1.5578938994
 -1.5686924307
 -1.5679413820
 -1.5642542436
 -1.5684757979
 -1.5717809489
 -1.5624761446
 -1.5674673862
 -1.5600190534
 -1.5555931649
 -1.5765293143
 -1.5774772329
 -1.5653331956
 -1.5849107008
 -1.5782962536
 -1.5810566306
 -1.5683855438
 -1.5473334442
 -1.5592611347
 -1.5618579885
 -1.5781026189
 -1.5699113919
 -1.5514815893
 -1.5590216466
 -1.5742881548
 -1.5641108644
 -1.5640842640
 -1.5625105333
 -1.5776728723
 -1.5692617423
 -1.5664546499
 -1.5715630646
 -1.5454759359
 -1.5702050908
 -1.5577659171
 -1.5694738105
 -1.5552139913
 -1.5542372737
 -1.5692738601
 -1.5761458800
 -1.5703710596
 -1.5747165179
 -1.5617415809
 -1.5661559401
 -1.5741029537
 -1.5822098078
 -1.5795377987
 -1.5712183319
 -1.5473401453
 -1.5784499420
 -1.5765340668
 -1.5612375376
 -1.5770386624
 -1.5694160874
 -1.5724949014
 -1.5567253460
 -1.5551580394
 -1.5708679374
 -1.5795357653
 -1.5683525374
 -1.5821059242
 -1.5748855612
 -1.5892906557
 -1.5622717115
 -1.5736618350
 -1.5786848513
 -1.5779787586
 -1.5778953918
 -1.5810801408
 -1.5622217921
 -1.5700293414
 -1.5612278612
 -1.5711720070
 -1.5614990963
 -1.5559981727
 -1.5765878420
 -1.5848604525
 -1.5682362972
 -1.5669380541
 -1.5726880895
 -1.5688037376
 -1.5923991257
 -1.5681330131
 -1.5686242569
 -1.5613302221
 -1.5683603153
 -1.5521269998
 -1.5572080524
 -1.5724963731
 -1.5741808794
 -1.5600876177
 -1.5847360851
 -1.5922520795
 -1.5775681751
 -1.5776019912
 -1.5690630614
 -1.5605751498
 -1.5780340610
 -1.5716141687
 -1.5723656461
 -1.5713948509
 -1.5800344323
 -1.5478637219
 -1.5818787668
 -1.5825018146
 -1.5751735777
 -1.5673514357
 -1.5721885847
 -1.5637876864
 -1.5681442770
 -1.5753598959
 -1.5531873020
 -1.5587890490
 -1.5643289191
 -1.5720161851
 -1.5853086015
 -1.5649660705
 -1.5847680311
 -1.5656668245
 -1.5579510773
 -1.5737777260
 -1.5573686417
 -1.5671520736
 -1.5730114409
 -1.5815927700
 -1.5748512536
 -1.5605309240
 -1.5700912621
 -1.5754871574
 -1.5684564110
 -1.5751190427
 -1.5636236400
 -1.5570981185
 -1.5685739436
 -1.5878321476
 -1.5727749525
 -1.5703983057
 -1.5680896616
 -1.5741168608
 -1.5597073983
 -1.5688935843
 -1.5721965606
 -1.5789306725
 -1.5609188390
 -1.5572485268
 -1.5733597921
 -1.5709517337
 -1.5732016746
 -1.5652926486
 -1.5760210688
 -1.5604140892
 -1.5711518241
 -1.5858907148
 -1.5655735994
 -1.5585013243
 -1.5712980565
 -1.5696924170
 -1.5665053722
 -1.5698723942
 -1.5778642986
 -1.5717889078
 -1.5686587074
 -1.5698632047
 -1.5782069836
 -1.5753881951
 -1.5800164508
 -1.5565249256
 -1.5817809800
 -1.5783563483
 -1.5765355565
 -1.5773752138
 -1.5683447167
 -1.5713547669
 -1.5728345288
 -1.5740991941
 -1.5784292995
 -1.5700920996
 -1.5715685479
 -1.5622004438
 -1.5709912057
 -1.5746587198
 -1.5683794957
 -1.5660635879
 -1.5741388683
 -1.5721976172
 -1.5688460520
 -1.5498507370
 -1.5717026005
 -1.5771781015
 -1.5737438477
 -1.5640736720
 -1.5735597419
 -1.5740328729
 -1.5800858606
 -1.5668311140
 -1.5613219995
 -1.5806180355
 -1.5557811179
 -1.5641659322
 -1.5744656347
 -1.5859927954
 -1.5630754264
 -1.5682964656
 -1.5652882038
 -1.5844564339
 -1.5618436298
 -1.5699367316
 -1.5741554036
 -1.5601084127
 -1.5739079554
 -1.5812709895
 -1.5767450230
 -1.5717473464
 -1.5784365665
 -1.5840469549
 -1.5795373509
 -1.5621017592
 -1.5704611487
 -1.5771348375
 -1.5638236234
 -1.5806346538
 -1.5685094385
 -1.5574124638
 -1.5614415909
 -1.5637888950
 -1.5749743015
 -1.5708750898
 -1.5679526599
 -1.5775053134
 -1.5657609748
 -1.5797200059
 -1.5682283357
 -1.5738342559
 -1.5721990753
 -1.5752207292
 -1.5680085720
 -1.5790385754
 -1.5710574981
 -1.5698194454
 -1.5686517329
 -1.5750854268
 -1.5685147831
 -1.5741647684
 -1.5845001898
 -1.5650811353
 -1.5844946900
 -1.5690447591
 -1.5751958514
 -1.5762620921
 -1.5667012059
 -1.5727099541
 -1.5679182121
 -1.5820801416
 -1.5586011938
 -1.5768186039
 -1.5789548450
 -1.5765567863
 -1.5813938089
 -1.5709364605
 -1.5697210669
 -1.5539356897
 -1.5592284555
 -1.5677252951
 -1.5530019822
 -1.5767920368
 -1.5646969055
 -1.5568761903
 -1.5508014146
 -1.5697406143
 -1.5653636580
 -1.5656855735
 -1.5752794202
 -1.5682973621
 -1.5843825075
 -1.5749403247
 -1.5667796032
 -1.5708116231
 -1.5585814007
 -1.5700556816
 -1.5728804004
 -1.5684395672
 -1.5652614917
 -1.5795832903
 -1.5562491944
 -1.5709515042
 -1.5723980467
 -1.5692432699
 -1.5616356352
 -1.5770332250
 -1.5570467538
 -1.5584242528
 -1.5718885759
 -1.5722949533
 -1.5772016926
 -1.5753193900
 -1.5613471795
 -1.5859379478
 -1.5703996631
 -1.5668846632
 -1.5776329747
 -1.5686971576
 -1.5757242998
 -1.5584575041
 -1.5615702150
 -1.5613511595
 -1.5810389648
 -1.5780875133
 -1.5559270065
 -1.5758790282
 -1.5543831533
 -1.5706858501
 -1.5687537744
 -1.5790415563
 -1.5639546289
 -1.5634745455
 -1.5653710675
 -1.5616699559
 -1.5743407547
 -1.5677534244
 -1.5636861919
 -1.5789584949
 -1.5643057266
 -1.5666110699
 -1.5627361762
 -1.5721367776
 -1.5764459619
 -1.5663275552
 -1.5786892014
 -1.5604728429
 -1.5742573307
 -1.5734985252
 -1.5649999593
 -1.5733904228
 -1.5633396272
 -1.5697573730
 -1.5597735724
 -1.5607401534
 -1.5791156221
 -1.5742007943
 -1.5687702025
 -1.5593107746
 -1.5787348382
 -1.5760522559
 -1.5532588014
 -1.5730196677
 -1.5827385552
 -1.5854182931
 -1.5606661116
 -1.5606872558
 -1.5737725695
 -1.5782613836
 -1.5803526035
 -1.5844669903
 -1.5686051992
 -1.5676969778
 -1.5789610100
 -1.5527800185
 -1.5682570387
 -1.5613847588
 -1.5760826206
 -1.5739755756
 -1.5733025236
 -1.5694071898
 -1.5700240783
 -1.5683962318
 -1.5586211129
 -1.5645078651
 -1.5599065958
 -1.5767762156
 -1.5542706557
 -1.5817800930
 -1.5789748042
 -1.5715446448
 -1.5532937443
 -1.5779694660
 -1.5752927713
 -1.5644693711
 -1.5758153770
 -1.5679544982
 -1.5648982957
 -1.5692710247
 -1.5515401562
 -1.5698424262
 -1.5667659799
 -1.5683681312
 -1.5859670726
 -1.5709058241
 -1.5827686979
 -1.5567535998
 -1.5681383404
 -1.5672020587
 -1.5685334250
 -1.5642751298
 -1.5669227580
 -1.5647204318
 -1.5706124775
 -1.5626973137
 -1.5773916112
 -1.5768924745
 -1.5695396251
 -1.5645879138
 -1.5754204274
 -1.5851845010
 -1.5597266301
 -1.5762656851
 -1.5699423028
 -1.5779046948
 -1.5827911508
 -1.5669331322
 -1.5609764305
