 -1.5760226681
 -1.5787709988
 -1.5683224734
 -1.5720850594
 -1.5747012504
 -1.5870081352
 -1.5855382558
 -1.5650504031
 -1.5695928394
 -1.5670484838
 -1.5601549340
 -1.5591080007
 -1.5685225917
 -1.5618900603
 -1.5861277649
 -1.5727740491
 -1.5608785980
 -1.5740358059
 -1.5780824361
 -1.5717928695
 -1.5548764690
 -1.5847893903
 -1.5816841282
 -1.5805026230
 -1.5695377099
 -1.5735279696
 -1.5675484998
 -1.5771111489
 -1.5949089442
 -1.5847253770
 -1.5748711681
 -1.5852365328
 -1.5715263817
 -1.5795242910
 -1.5664839847
 -1.5718405353
 -1.5594630641
 -1.5822635989
 -1.5653122250
 -1.5582056899
 -1.5639067970
 -1.5813332843
 -1.5768068925
 -1.5505345094
 -1.5736914886
 -1.5579073974
 -1.5756953440
 -1.5814967383
 -1.5851177964
 -1.5634411057
 -1.5835920448
 -1.5695146026
 -1.5560789274
 -1.5636492477
 -1.5706607314
 -1.5710871449
 -1.5715499364
 -1.5644774535
 -1.5557157259
 -1.5780812348
 -1.5640919891
 -1.5629073498
 -1.5523690547
 -1.5784075045
 -1.5715104026
 -1.5645851426
 -1.5704329192
 -1.5792862177
 -1.5839213596
 -1.5643363035
 -1.5832675994
 -1.5740373136
 -1.5742211585
 -1.5739020186
 -1.5661432389
 -1.5716739433
 -1.5806723335
 -1.5613505549
 -1.5828720422
 -1.5721655971
 -1.5720544151
 -1.5707138993
 -1.5883002365
 -1.5763467061
 -1.5853685199
 -1.5960652610
 -1.5760585326
 -1.5819557335
 -1.6059392402
 -1.5661203731
 -1.5811074645
 -1.5683114974
 -1.5853660971
 -1.5727039918
 -1.5734373755
 -1.5752390270
 -1.5716241585
 -1.5721654356
 -1.5825808711
 -1.5839048229
 -1.5592906566
 -1.5738490287
 -1.5597770455
 -1.5574843406
 -1.5646550980
 -1.5622289668
 -1.5815951262
 -1.5760057759
 -1.5530296887
 -1.5872828627
 -1.5801471172
 -1.5656956744
 -1.5825048448
 -1.5549159537
 -1.5598211831
 -1.5726042957
 -1.5825078943
 -1.5764146207
 -1.5748414764
 -1.5768802315
 -1.5599336867
 -1.5785151228
 -1.5659062998
 -1.5658525647
 -1.5678988893
 -1.5805172164
 -1.5829455534
 -1.5675995190
 -1.5639698300
 -1.5559145630
 -1.5845868711
 -1.5815674184
 -1.5672973432
 -1.5760782942
 -1.5563364918
 -1.5571783532
 -1.5905626145
 -1.5640022802
 -1.5611222110
 -1.5849381834
 -1.5758352115
 -1.5791205500
 -1.5633171790
 -1.5650343414
 -1.5668177775
 -1.5557619811
 -1.5546067497
 -1.5534951346
 -1.5570893720
 -1.5684191867
 -1.5839111614
 -1.5655855453
 -1.5718276011
 -1.5754473903
 -1.5616390574
 -1.5793076973
 -1.5638083960
 -1.5670957967
 -1.5662934952
 -1.5908465135
 -1.5725787390
 -1.5574686897
 -1.5699121781
 -1.5690077524
 -1.5873091026
 -1.5691583489
 -1.5690105285
 -1.5727890366
 -1.5699432190
 -1.5678136460
 -1.5801527733
 -1.5475052395
 -1.5601491872
 -1.5580052309
 -1.5733294554
 -1.5636249847
 -1.5735912666
 -1.5665158247
 -1.5667056980
 -1.5777769985
 -1.5603639634
 -1.5903407440
 -1.5636133374
 -1.5744371740
 -1.5795557068
 -1.5658079197
 -1.5749709245
 -1.5626350320
 -1.5911715553
 -1.5627383054
 -1.5744679842
 -1.5619999091
 -1.5843647450
 -1.5756102234
 -1.5811444141
 -1.5667626406
 -1.5683096756
 -1.5780925142
 -1.5719855422
 -1.5602266577
 -1.5645444065
 -1.5883466030
 -1.5641133241
 -1.5725237376
 -1.5832595824
 -1.5793444094
 -1.5854443859
 -1.5703490808
 -1.5634891387
 -1.5627618281
 -1.5650171516
 -1.5698102703
 -1.5705192974
 -1.5627571543
 -1.5724338777
 -1.5601969801
 -1.5638780419
 -1.5535837074
 -1.5660826114
 -1.5889744249
 -1.5742320356
 -1.5670117881
 -1.5675188497
 -1.5905104852
 -1.5566495486
 -1.5855180940
 -1.5677875612
 -1.5664144465
 -1.5636931108
 -1.5655137322
 -1.5699396802
 -1.5611307255
 -1.5683411697
 -1.5695590382
 -1.5777087737
 -1.5816071940
 -1.5715282572
 -1.5718774121
 -1.5907096573
 -1.5765378943
 -1.5804152795
 -1.5730150301
 -1.5610716321
 -1.5794086516
 -1.5787775130
 -1.5678085904
 -1.5613989888
 -1.5710490431
 -1.5635906021
 -1.5763231718
 -1.5623824061
 -1.5665816121
 -1.5688971380
 -1.5502226308
 -1.5743657152
 -1.5614501480
 -1.5717254849
 -1.5780089268
 -1.5625067092
 -1.5584396765
 -1.5739612693
 -1.5847716757
 -1.5830997613
 -1.5575609830
 -1.5819816532
 -1.5714238103
 -1.5784013272
 -1.5565900100
 -1.5683558412
 -1.5558026717
 -1.5687164711
 -1.5965983960
 -1.5815676463
 -1.5555370771
 -1.5459979886
 -1.5686805387
 -1.5625837883
 -1.5711207953
 -1.5695974693
 -1.5736885206
 -1.5755944518
 -1.5675842795
 -1.5734207181
 -1.5800370408
 -1.5464888852
 -1.5769806930
 -1.5750914338
 -1.5603553856
 -1.5576279053
 -1.5743543490
 -1.5675929914
 -1.5712649087
 -1.5578385566
 -1.5665615707
 -1.5718004462
 -1.5683763132
 -1.5699389385
 -1.5703575207
 -1.5709749996
 -1.5690546899
 -1.5795873709
 -1.5736122259
 -1.5753838333
 -1.5629563118
 -1.5680639697
 -1.5536429548
 -1.5949320147
 -1.5739217429
 -1.5818758767
 -1.5647556023
 -1.5606821045
 -1.5540173664
 -1.5842344865
 -1.5745463232
 -1.5743843926
 -1.5687261913
 -1.5668704355
 -1.5692531860
 -1.5744661621
 -1.5573591123
 -1.5522915978
 -1.5869601243
 -1.5742537200
 -1.5728426950
 -1.5629558618
 -1.5757995220
 -1.5669390883
 -1.5784287658
 -1.5816792509
 -1.5575855313
 -1.5570732764
 -1.5782608199
 -1.5839812863
 -1.5765668746
 -1.5790269460
 -1.5750094863
 -1.5636230268
 -1.5628440462
 -1.5753448405
 -1.5693688181
 -1.5819338077
 -1.5715527900
 -1.5719686664
 -1.5810433364
 -1.5803658954
 -1.5618196213
 -1.5695241505
 -1.5548391632
 -1.5541799458
 -1.5725243421
 -1.5699927472
 -1.5679845927
 -1.5788498426
 -1.5574489820
 -1.5715128728
 -1.5717727073
 -1.5720647169
 -1.5785481653
 -1.5690129990
 -1.5760777071
 -1.5927415969
 -1.5758438430
 -1.5668490418
 -1.5503294035
 -1.5800882676
 -1.5534468230
 -1.5785828813
 -1.5763732349
 -1.5833370562
 -1.5578657150
 -1.5706495130
 -1.5757504037
 -1.5576920108
 -1.5728461212
 -1.5427781919
 -1.5559702480
 -1.5598765120
 -1.5607717834
 -1.5732652766
 -1.5707332989
 -1.5716130747
 -1.5582555075
 -1.5642141383
 -1.5662726189
 -1.5693302691
 -1.5687334811
 -1.5567436250
 -1.5854608098
 -1.5916342888
 -1.5940221628
 -1.5654782519
 -1.5670955061
 -1.5563792909
 -1.5647560498
 -1.5482987213
 -1.5626791916
 -1.5724021958
 -1.5574385961
 -1.5628042499
 -1.5735594552
 -1.5724794770
 -1.5759488869
 -1.5682425907
 -1.5778804010
 -1.5620833110
 -1.5564499208
 -1.5772168587
 -1.5648286467
 -1.5570770913
 -1.5642099433
 -1.5711119951
 -1.5551335099
 -1.5688870862
 -1.5745864034
 -1.5769687273
 -1.5700454636
 -1.5722382994
 -1.5853465828
 -1.5764192457
 -1.5705768586
 -1.5645974439
 -1.5859373355
 -1.5756577069
 -1.5726511499
 -1.5745974377
 -1.5752920745
 -1.5704165752
 -1.5712328640
 -1.5710841694
 -1.5614871125
 -1.5620428113
 -1.5685040418
 -1.5741497621
 -1.5779560713
 -1.5775610173
 -1.5808052240
 -1.5835896877
 -1.5667924201
 -1.5564599900
 -1.5745618067
 -1.5836085193
 -1.5842315126
 -1.5680717079
 -1.5660242969
 -1.5650085236
 -1.5695983394
 -1.5805819624
 -1.5763588454
 -1.5701387213
 -1.5770619733
 -1.5881315625
 -1.5710909635
 -1.5696529227
 -1.5673274843
 -1.5735665662
 -1.5630905997
 -1.5895457850
 -1.5722580061
 -1.5674071623
 -1.5837853927
 -1.5713228666
 -1.5742340089
 -1.5755807044
 -1.5539266928
 -1.5819109420
 -1.5613937352
 -1.5580048014
 -1.5809007262
 -1.5585832654
 -1.5820511578
 -1.5597204690
 -1.5862031615
 -1.5737724518
 -1.5752538004
 -1.5630686999
 -1.5854788621
 -1.5526092490
 -1.5695272483
 -1.5655395736
 -1.5776651987
 -1.5619931607
 -1.5602327641
 -1.5654406173
 -1.5763241523
 -1.5725013971
 -1.5620715559
 -1.5681773119
 -1.5689720955
 -1.5605574222
 -1.5731459734
 -1.5655996135
 -1.5642178291
 -1.5763776700
 -1.5870384439
 -1.5710443863
 -1.5759777292
 -1.5665683988
 -1.5645569403
 -1.5782285483
 -1.5575383979
 -1.5639072480
 -1.5772524064
 -1.5784792608
 -1.5791147341
 -1.5625550442
 -1.5723380518
 -1.5717220160
 -1.5819776098
 -1.5836755830
 -1.5895511166
 -1.5729970186
 -1.5700494397
 -1.5676858072
 -1.5816093920
 -1.5736980184
 -1.5670673206
 -1.5658102833
 -1.5665321528
 -1.5759976055
 -1.5685579706
 -1.5723981178
 -1.5583409303
 -1.5885759675
 -1.5776630983
 -1.5632139362
 -1.5797382766
 -1.5813583116
 -1.5670457691
 -1.5547395925
 -1.5717085686
 -1.5699118331
 -1.5766282700
 -1.5741087454
 -1.5665872033
 -1.5605304762
 -1.5687197458
 -1.5725955818
 -1.5625484178
 -1.5648980683
 -1.5514316536
 -1.5547389342
 -1.5667358851
 -1.5518966201
 -1.5707026020
 -1.5597879317
 -1.5992422177
 -1.5634820622
 -1.5783955118
 -1.5824583523
 -1.5506592044
 -1.5562121301
 -1.5650306046
 -1.5733373751
 -1.6036229285
 -1.5647708804
 -1.5639058298
 -1.5829845574
 -1.5816184926
 -1.5772205758
 -1.5827931950
 -1.5783412585
 -1.5683050795
 -1.5686275839
 -1.5740607652
 -1.5727406707
 -1.5668438822
 -1.5663676154
 -1.5582313393
 -1.5472176009
 -1.5908471363
 -1.5652226236
 -1.5688034153
 -1.5655195847
 -1.5647978698
 -1.5766528426
 -1.5754542914
 -1.5556374875
 -1.5667893818
 -1.5770699214
 -1.5824744699
 -1.5708729381
 -1.5705544549
 -1.5651495005
 -1.5586827572
 -1.5607575009
 -1.5764191941
 -1.5684169077
 -1.5630138816
 -1.5737279440
 -1.5739541090
 -1.5779065063
 -1.5846935804
 -1.5804605207
 -1.5789021588
 -1.5676220054
 -1.5774419171
 -1.5862341586
 -1.5702205733
 -1.5799740797
 -1.5726742478
 -1.5590753720
 -1.5834317437
 -1.5697638319
 -1.5719091639
 -1.5643462554
 -1.5552999301
 -1.5847352236
 -1.5786878129
 -1.5723118901
 -1.5795433565
 -1.5734167751
 -1.5635141438
 -1.5746167267
 -1.5717513275
 -1.5741506313
 -1.5745238743
 -1.5664918074
 -1.5620010635
 -1.5668611990
 -1.5707277907
 -1.5674093821
 -1.5763121465
 -1.5622575579
 -1.5622138442
 -1.5578935460
 -1.5728962191
 -1.5746491095
 -1.5755441098
 -1.5603230549
 -1.5605263451
 -1.5725588887
 -1.5798404784
 -1.5734447811
 -1.5657479327
 -1.5575959270
 -1.5601066775
 -1.5648101531
 -1.5697257753
 -1.5703923942
 -1.5627990322
 -1.5765160770
 -1.5844092926
 -1.5635573258
 -1.5661547262
 -1.5584886518
 -1.5802099595
 -1.5711163472
 -1.5773508082
 -1.5891452789
 -1.5784105188
 -1.5743283816
 -1.5917508941
 -1.5754938581
 -1.5654572298
 -1.5694420244
 -1.5941942819
 -1.5656594920
 -1.5664377756
 -1.5761805327
 -1.5442254776
 -1.5716021550
 -1.5707735711
 -1.5795599263
 -1.5695282557
 -1.5677201143
 -1.5810653110
 -1.5775422780
 -1.5656338738
 -1.5788043827
 -1.5837024574
 -1.5687780882
 -1.5706604796
 -1.5791557219
 -1.5802322907
 -1.5780298556
 -1.5803815080
 -1.5658211289
 -1.5706638270
 -1.5633474351
 -1.5700431191
 -1.5691814927
 -1.5628578579
 -1.5715704986
 -1.5799512163
 -1.5828570099
 -1.5730818270
 -1.5629074484
 -1.5852417829
 -1.5684937204
 -1.5620123198
 -1.5627809659
 -1.5779964093
 -1.5753182621
 -1.5563017905
 -1.5577207581
 -1.5621413869
 -1.5755119872
 -1.5661685577
 -1.5622817641
 -1.5672474332
 -1.5768128346
 -1.5676581891
 -1.5738620112
 -1.5608420400
 -1.5667212386
 -1.5675141574
 -1.5701413412
 -1.5464171862
 -1.5804687071
 -1.5621736626
 -1.5729593225
 -1.5809144187
 -1.5576831057
 -1.5862442455
 -1.5601638648
 -1.5708121183
 -1.5633904694
 -1.5861979546
 -1.5845307996
 -1.5708025678
 -1.5697744943
 -1.5687348960
 -1.5635323234
 -1.5611528953
 -1.5823944771
 -1.5711620655
 -1.5770900393
 -1.5594354549
 -1.5787038382
 -1.5607476253
 -1.5828056848
 -1.5641500967
 -1.5426888632
 -1.5758293774
 -1.5500281426
 -1.5766029518
 -1.5695755715
 -1.5603508935
 -1.5612946094
 -1.5766780178
 -1.5548277590
 -1.5852151633
 -1.5461983627
 -1.5510197309
 -1.5524646872
 -1.5823810047
 -1.5739393098
 -1.5630477885
 -1.5612657911
 -1.5652757033
 -1.5902684198
 -1.5733362578
 -1.5620362959
 -1.5781205954
 -1.5508996568
 -1.5608006559
 -1.5799694808
 -1.5680269998
 -1.5732773964
 -1.5800253892
 -1.5644233549
 -1.5792305033
 -1.5707984547
 -1.5598516522
 -1.5820522241
 -1.5684170738
 -1.5601141954
 -1.5684511097
 -1.5868922133
 -1.5576519117
 -1.5516587214
 -1.5685577329
 -1.5618207404
 -1.5568806692
 -1.5659084913
 -1.5692758789
 -1.5526893949
 -1.5612080105
 -1.5638505574
 -1.5802155356
 -1.5679517191
 -1.5733931707
 -1.5769727876
 -1.5633146233
 -1.5672214956
 -1.5667351303
 -1.5643735592
 -1.5786902667
 -1.5825566697
 -1.5738358652
 -1.5732116874
 -1.5843812293
 -1.5704023244
 -1.5762126810
 -1.5807769231
 -1.5625456425
 -1.5953841161
 -1.5883921166
 -1.5696968661
 -1.5660004074
 -1.5634277402
 -1.5756796597
 -1.5926746094
 -1.5752622381
 -1.5591525960
 -1.5625238462
 -1.5696250723
 -1.5753631713
 -1.5911710995
 -1.5645564189
 -1.5590954826
 -1.5695600939
 -1.5722133213
 -1.5646371299
 -1.5679623587
 -1.5769997326
 -1.5897647482
 -1.5720500192
 -1.5653215224
 -1.5609450504
 -1.5736890702
 -1.5658455746
 -1.5720560413
 -1.5721568587
 -1.5813750293
 -1.5589435857
 -1.5585567616
 -1.5638230173
 -1.5604130213
 -1.5758356179
 -1.5612182544
 -1.5696358769
 -1.5648705854
 -1.5950385058
 -1.5625977463
 -1.5715671251
 -1.5452199256
 -1.5594468872
 -1.5734249711
 -1.5660396853
 -1.5886652650
 -1.5641689472
 -1.5664038942
 -1.5707204260
 -1.5653293094
 -1.5676406199
 -1.5587214371
 -1.5672770713
 -1.5691677512
 -1.5756495133
 -1.5782214482
 -1.5711987215
 -1.5698745070
 -1.5571926939
 -1.5840269684
 -1.5663793639
 -1.5810389258
 -1.5752135063
 -1.5637236318
 -1.5805091725
 -1.5609851488
 -1.5533306285
 -1.5604803946
 -1.5860843823
 -1.5742746038
 -1.5560073380
 -1.5802083884
 -1.5711773064
 -1.5699043412
 -1.5598952147
 -1.5724555186
 -1.5614161168
 -1.5776513476
 -1.5618332646
 -1.5812820507
 -1.5705287388
 -1.5642327596
 -1.5764275914
 -1.5775366908
 -1.5787717184
 -1.5697892014
 -1.5755879154
 -1.5817606301
 -1.5820872267
 -1.5867306249
 -1.5801746340
 -1.5678982735
 -1.5672573222
 -1.5646835339
 -1.5859543351
 -1.5743793186
 -1.5661400883
 -1.5845532616
 -1.5583773070
 -1.5841651463
 -1.5552385937
 -1.5675675375
 -1.5722254551
 -1.5642327608
 -1.5706537232
 -1.5609509444
 -1.5517938265
 -1.5669821108
 -1.5843406997
 -1.5815446547
 -1.5561081030
 -1.5639999738
 -1.5622277709
 -1.5604036364
 -1.5826492863
 -1.5843246870
 -1.5618618074
 -1.5723695922
 -1.5625266592
 -1.5858852628
 -1.5783379265
 -1.5814185701
 -1.5676872412
 -1.5622985023
 -1.5792107369
 -1.5607266273
 -1.5662141612
 -1.5712577261
 -1.5749144047
 -1.5817940505
 -1.5548897582
 -1.5718932537
 -1.5925686591
 -1.5573080834
 -1.5583571272
 -1.5938717069
 -1.5771122965
 -1.5844669174
 -1.5732701514
 -1.5739370223
 -1.5722985438
 -1.5708603523
 -1.5741546755
 -1.5779605731
 -1.5674279319
 -1.5686720238
 -1.5662307166
 -1.5616146735
 -1.5645081642
 -1.5779319125
 -1.5598400473
 -1.5570458517
 -1.5654957301
 -1.5597764213
 -1.5659228931
 -1.5699697937
 -1.5565110097
 -1.5810262245
 -1.5758809786
 -1.5520470111
 -1.5692478606
 -1.5744756587
 -1.5612767034
 -1.5840362681
 -1.5790700732
 -1.5656644972
 -1.5698367015
 -1.5877221429
 -1.5719263785
 -1.5649435833
 -1.5731463867
 -1.5774325294
 -1.5566854897
 -1.5751996642
 -1.5709395434
 -1.5631855203
 -1.5668243116
 -1.5694064870
 -1.5714861020
 -1.5695607895
 -1.5687122955
 -1.5685311194
 -1.5660528681
 -1.5696597371
 -1.5471365081
 -1.5635604905
 -1.5666579397
 -1.5626315247
 -1.5717021467
 -1.5648327417
 -1.5703313981
 -1.5711623810
 -1.5671207273
 -1.5899602652
 -1.5807973472
 -1.5748191423
 -1.5838245458
 -1.5567980258
 -1.5664918357
 -1.5957042405
 -1.5593193913
 -1.5822789062
 -1.5717721834
 -1.5676189760
 -1.5730464615
