 -1.5661035133
 -1.5610164651
 -1.5480633586
 -1.5603864559
 -1.5797931720
 -1.5677795911
 -1.5621753689
 -1.5839921895
 -1.5608239257
 -1.5646796750
 -1.5651839945
 -1.5692107181
 -1.5740701089
 -1.5657989147
 -1.5668925932
 -1.5777906627
 -1.5718198675
 -1.5612169055
 -1.5706719324
 -1.5729272612
 -1.5671675186
 -1.5655928868
 -1.5559424153
 -1.5759254152
 -1.5602519264
 -1.5663854727
 -1.5692439002
 -1.5629002780
 -1.5627331821
 -1.5621084349
 -1.5805507342
 -1.5755762784
 -1.5742385535
 -1.5705208452
 -1.5589047287
 -1.5815108547
 -1.5599273875
 -1.5763742105
 -1.5659257102
 -1.5754928448
 -1.5568658466
 -1.5641762088
 -1.5750483355
 -1.5711617939
 -1.5701912834
 -1.5782325105
 -1.5650921193
 -1.5638374594
 -1.5631828550
 -1.5739261894
 -1.5703400701
 -1.5804454345
 -1.5738569549
 -1.5618354574
 -1.5796816196
 -1.5603256346
 -1.5660859311
 -1.5800072257
 -1.5721082888
 -1.5630528936
 -1.5657337249
 -1.5762383065
 -1.5792138810
 -1.5782920313
 -1.5581994710
 -1.5787129337
 -1.5605286629
 -1.5691495780
 -1.5622904650
 -1.5619408634
 -1.5625194847
 -1.5589458104
 -1.5710366410
 -1.5739150720
 -1.5688349543
 -1.5718129148
 -1.5802772121
 -1.5812563782
 -1.5706000236
 -1.5819221388
 -1.5711398415
 -1.5758653762
 -1.5691302659
 -1.5765055884
 -1.5733955187
 -1.5785695024
 -1.5745745208
 -1.5661567661
 -1.5678248462
 -1.5676100891
 -1.5636140995
 -1.5808698591
 -1.5831255457
 -1.5645137608
 -1.5612586676
 -1.5666602385
 -1.5664761165
 -1.5677167220
 -1.5723032927
 -1.5712688158
 -1.5760015383
 -1.5736548692
 -1.5788612868
 -1.5576161372
 -1.5677070946
 -1.5757826388
 -1.5706418293
 -1.5862529866
 -1.5734142771
 -1.5717272223
 -1.5757417736
 -1.5727484354
 -1.5669631468
 -1.5684931416
 -1.5491631153
 -1.5752174855
 -1.5556135600
 -1.5740867922
 -1.5639910807
 -1.5815308482
 -1.5790139293
 -1.5708706792
 -1.5597388966
 -1.5745683569
 -1.5737745264
 -1.5709803988
 -1.5782167849
 -1.5801482389
 -1.5688616859
 -1.5714788236
 -1.5640594904
 -1.5708610148
 -1.5764009786
 -1.5759137143
 -1.5695371348
 -1.5601217952
 -1.5691776916
 -1.5651116598
 -1.5678293782
 -1.5731171481
 -1.5662005283
 -1.5595199101
 -1.5738654427
 -1.5768501079
 -1.5725290682
 -1.5666949614
 -1.5726688473
 -1.5598664987
 -1.5655701402
 -1.5586893694
 -1.5705776870
 -1.5555934772
 -1.5739060091
 -1.5698691650
 -1.5709281911
 -1.5791553341
 -1.5699156252
 -1.5744601807
 -1.5739445033
 -1.5604523840
 -1.5673021312
 -1.5594081068
 -1.5560801987
 -1.5726952134
 -1.5724830052
 -1.5776955196
 -1.5695413129
 -1.5651106284
 -1.5647757451
 -1.5736881730
 -1.5664301565
 -1.5701079384
 -1.5657691287
 -1.5582226316
 -1.5681056809
 -1.5660541454
 -1.5624188623
 -1.5571996091
 -1.5795623532
 -1.5621921784
 -1.5615180080
 -1.5636513683
 -1.5696886521
 -1.5732148993
 -1.5774064358
 -1.5799278742
 -1.5713216612
 -1.5701448830
 -1.5575163257
 -1.5865546909
 -1.5705464357
 -1.5753532258
 -1.5775005172
 -1.5752164731
 -1.5572280210
 -1.5656138439
 -1.5764684185
 -1.5646108036
 -1.5686138937
 -1.5672117764
 -1.5536613483
 -1.5724265538
 -1.5633944299
 -1.5678563277
 -1.5745505997
 -1.5660886430
 -1.5735752259
 -1.5752460887
 -1.5749840402
 -1.5685139831
 -1.5743158657
 -1.5585539238
 -1.5645277778
 -1.5765888005
 -1.5654610056
 -1.5618315855
 -1.5676064657
 -1.5716720510
 -1.5538364832
 -1.5759072370
 -1.5736463099
 -1.5684452598
 -1.5717432287
 -1.5708597309
 -1.5673462643
 -1.5608974062
 -1.5694889931
 -1.5726942370
 -1.5701151204
 -1.5631645260
 -1.5690258640
 -1.5602083614
 -1.5614776183
 -1.5659837784
 -1.5593843915
 -1.5735158000
 -1.5736729797
 -1.5694685188
 -1.5589581126
 -1.5640505676
 -1.5628630002
 -1.5772367084
 -1.5683818302
 -1.5665708728
 -1.5630328343
 -1.5752142802
 -1.5719037206
 -1.5736213303
 -1.5721282014
 -1.5757187115
 -1.5668883628
 -1.5577661405
 -1.5656895176
 -1.5705133938
 -1.5725798495
 -1.5683651917
 -1.5680357285
 -1.5702142138
 -1.5543278149
 -1.5702709779
 -1.5756651316
 -1.5635214161
 -1.5751443239
 -1.5693179628
 -1.5657066746
 -1.5605793917
 -1.5668561462
 -1.5650430005
 -1.5697441215
 -1.5683319322
 -1.5747856650
 -1.5821599090
 -1.5769388370
 -1.5758206050
 -1.5573962116
 -1.5775985195
 -1.5612669634
 -1.5651634209
 -1.5689173202
 -1.5767884401
 -1.5807331648
 -1.5523191806
 -1.5608944866
 -1.5769264915
 -1.5704659229
 -1.5606027449
 -1.5613864338
 -1.5798786726
 -1.5633424971
 -1.5651988535
 -1.5668839826
 -1.5738923290
 -1.5702180750
 -1.5751552947
 -1.5703232364
 -1.5709730549
 -1.5624088990
 -1.5718727621
 -1.5649723788
 -1.5733491744
 -1.5604819430
 -1.5688840415
 -1.5655623731
 -1.5637810274
 -1.5671319673
 -1.5698103733
 -1.5788549894
 -1.5799872593
 -1.5642854751
 -1.5693906573
 -1.5688307874
 -1.5697992230
 -1.5629140638
 -1.5698485368
 -1.5546944034
 -1.5659898808
 -1.5688730132
 -1.5716021532
 -1.5690498205
 -1.5691369320
 -1.5709714401
 -1.5621846398
 -1.5792179656
 -1.5585191529
 -1.5662952093
 -1.5681393158
 -1.5775270428
 -1.5654341172
 -1.5607406134
 -1.5695391433
 -1.5690848313
 -1.5585912513
 -1.5781511974
 -1.5722111570
 -1.5742097218
 -1.5758894554
 -1.5757018830
 -1.5625115589
 -1.5641339932
 -1.5795010028
 -1.5546989556
 -1.5599214444
 -1.5671414180
 -1.5634940353
 -1.5723089971
 -1.5707643062
 -1.5693819893
 -1.5655750584
 -1.5712580371
 -1.5653394441
 -1.5768976841
 -1.5756713709
 -1.5701498844
 -1.5630406128
 -1.5785546298
 -1.5605707443
 -1.5648203066
 -1.5788028158
 -1.5683061794
 -1.5679539394
 -1.5676322181
 -1.5594854532
 -1.5578071349
 -1.5728261911
 -1.5659605688
 -1.5704214765
 -1.5741423202
 -1.5611766240
 -1.5717992126
 -1.5645468832
 -1.5641523048
 -1.5806976343
 -1.5576146181
 -1.5561146976
 -1.5691006498
 -1.5567657223
 -1.5656628635
 -1.5695625018
 -1.5591018251
 -1.5534071283
 -1.5761724238
 -1.5750877930
 -1.5713763434
 -1.5681657142
 -1.5654219821
 -1.5664722474
 -1.5647456392
 -1.5787658426
 -1.5626632446
 -1.5584175716
 -1.5692644585
 -1.5775571232
 -1.5780830544
 -1.5698980966
 -1.5730602258
 -1.5595323396
 -1.5650252366
 -1.5569189653
 -1.5685049882
 -1.5608889858
 -1.5715903456
 -1.5689376419
 -1.5688811214
 -1.5632384673
 -1.5738427575
 -1.5766468693
 -1.5674966837
 -1.5779180022
 -1.5665319083
 -1.5763791418
 -1.5698794882
 -1.5802571922
 -1.5683464777
 -1.5697983734
 -1.5675036679
 -1.5612450899
 -1.5729369729
 -1.5689311942
 -1.5785753874
 -1.5626358878
 -1.5732700101
 -1.5638208677
 -1.5682481683
 -1.5711615515
 -1.5599032142
 -1.5741047012
 -1.5729278238
 -1.5750457211
 -1.5692675076
 -1.5698591268
 -1.5790148578
 -1.5653303881
 -1.5588285149
 -1.5705386412
 -1.5704906464
 -1.5670455487
 -1.5665690475
 -1.5639059938
 -1.5754788994
 -1.5772908836
 -1.5635414740
 -1.5590598286
 -1.5719941666
 -1.5714906080
 -1.5717172124
 -1.5643269702
 -1.5716137358
 -1.5708060172
 -1.5658459476
 -1.5690858967
 -1.5650869990
 -1.5623843136
 -1.5601232385
 -1.5645606906
 -1.5778266131
 -1.5773531918
 -1.5663662490
 -1.5664591489
 -1.5699672065
 -1.5700330979
 -1.5605593941
 -1.5629070890
 -1.5735984794
 -1.5646404016
 -1.5697974400
 -1.5596695024
 -1.5779284369
 -1.5666542586
 -1.5675550867
 -1.5757765663
 -1.5707258248
 -1.5597204669
 -1.5714575551
 -1.5757943674
 -1.5639598455
 -1.5670693267
 -1.5811790345
 -1.5881561548
 -1.5779148961
 -1.5743937794
 -1.5750039296
 -1.5782782188
 -1.5657092587
 -1.5763984131
 -1.5756181135
 -1.5784372443
 -1.5670983139
 -1.5769396725
 -1.5674039945
 -1.5753659349
 -1.5740563090
 -1.5569563071
 -1.5744042165
 -1.5721942003
 -1.5714013843
 -1.5557648615
 -1.5644365358
 -1.5598759541
 -1.5632273798
 -1.5690757561
 -1.5756194538
 -1.5830565241
 -1.5741972416
 -1.5631406393
 -1.5668627326
 -1.5713347391
 -1.5593939286
 -1.5678999703
 -1.5655220317
 -1.5603209155
 -1.5701328054
 -1.5728813775
 -1.5656322421
 -1.5735109826
 -1.5771869287
 -1.5563964667
 -1.5611237571
 -1.5648542936
 -1.5660489192
 -1.5703966996
 -1.5662014367
 -1.5556182892
 -1.5759211211
 -1.5647755901
 -1.5657625375
 -1.5666590589
 -1.5698079500
 -1.5849780646
 -1.5707061313
 -1.5802323105
 -1.5803525923
 -1.5621313966
 -1.5664710036
 -1.5771040701
 -1.5704119781
 -1.5690969609
 -1.5646857885
 -1.5705554640
 -1.5725825299
 -1.5718685533
 -1.5640517625
 -1.5732416776
 -1.5687360913
 -1.5734943365
 -1.5516619958
 -1.5678226987
 -1.5739267575
 -1.5733922211
 -1.5646613853
 -1.5737869950
 -1.5710286390
 -1.5814972365
 -1.5735468874
 -1.5688484217
 -1.5609777681
 -1.5632837499
 -1.5815816572
 -1.5607551158
 -1.5638835379
 -1.5712899355
 -1.5741631193
 -1.5692797146
 -1.5689264625
 -1.5598584059
 -1.5705745552
 -1.5712958432
 -1.5691238426
 -1.5850925922
 -1.5740356190
 -1.5590022450
 -1.5489384449
 -1.5706427712
 -1.5540751079
 -1.5728406878
 -1.5672053079
 -1.5639791710
 -1.5755769091
 -1.5660412021
 -1.5704807087
 -1.5565400756
 -1.5615431433
 -1.5776907220
 -1.5661993950
 -1.5648529147
 -1.5726854368
 -1.5633526260
 -1.5752804860
 -1.5776958229
 -1.5747679058
 -1.5770662027
 -1.5608276881
 -1.5667278960
 -1.5814583705
 -1.5564596605
 -1.5738002907
 -1.5809115673
 -1.5829125895
 -1.5588297748
 -1.5772915318
 -1.5730915791
 -1.5676938613
 -1.5628440019
 -1.5718210486
 -1.5720598510
 -1.5722219803
 -1.5746439707
 -1.5599308913
 -1.5751642941
 -1.5559079358
 -1.5632301447
 -1.5606689292
 -1.5689122083
 -1.5675974962
 -1.5756367142
 -1.5807870190
 -1.5561543946
 -1.5661447323
 -1.5666262175
 -1.5624932186
 -1.5674699655
 -1.5672237945
 -1.5688330346
 -1.5638195154
 -1.5680752025
 -1.5614094554
 -1.5650842184
 -1.5707644875
 -1.5631136781
 -1.5739824684
 -1.5747398960
 -1.5748548857
 -1.5654378268
 -1.5706841475
 -1.5638486637
 -1.5765376141
 -1.5724494754
 -1.5674234177
 -1.5682121989
 -1.5691785908
 -1.5731929794
 -1.5701347229
 -1.5669752526
 -1.5651434370
 -1.5675613535
 -1.5720955256
 -1.5733413225
 -1.5595103720
 -1.5687901914
 -1.5735069951
 -1.5631421452
 -1.5652929282
 -1.5574319978
 -1.5606668908
 -1.5657896154
 -1.5699851542
 -1.5678471896
 -1.5758044182
 -1.5613145251
 -1.5702611763
 -1.5671131129
 -1.5613665790
 -1.5750584909
 -1.5689477546
 -1.5720200643
 -1.5761428783
 -1.5851670236
 -1.5701533252
 -1.5680824328
 -1.5777208805
 -1.5733500384
 -1.5591043225
 -1.5604728595
 -1.5595324298
 -1.5616519675
 -1.5629334436
 -1.5625352901
 -1.5580476033
 -1.5536376075
 -1.5600389985
 -1.5691604051
 -1.5802601643
 -1.5673637992
 -1.5747797769
 -1.5622537307
 -1.5570994369
 -1.5668357607
 -1.5734215937
 -1.5623847891
 -1.5709913841
 -1.5796355169
 -1.5580227013
 -1.5684971886
 -1.5651888055
 -1.5723506485
 -1.5711441878
 -1.5757240188
 -1.5736071276
 -1.5681503140
 -1.5651954990
 -1.5579712748
 -1.5789157581
 -1.5866849899
 -1.5667603326
 -1.5730985959
 -1.5721207876
 -1.5736624267
 -1.5732634803
 -1.5689143415
 -1.5755164477
 -1.5758386157
 -1.5562843445
 -1.5656129825
 -1.5645858068
 -1.5779255981
 -1.5629264103
 -1.5713858514
 -1.5633467286
 -1.5727766985
 -1.5811780880
 -1.5806489920
 -1.5715365291
 -1.5550018847
 -1.5710073210
 -1.5732031494
 -1.5798959019
 -1.5688907409
 -1.5652767311
 -1.5741730277
 -1.5749859192
 -1.5848431042
 -1.5763363531
 -1.5714717578
 -1.5584444393
 -1.5660501220
 -1.5639508654
 -1.5638744112
 -1.5784404540
 -1.5778013920
 -1.5626226553
 -1.5642094260
 -1.5590820978
 -1.5709095227
 -1.5644455930
 -1.5674052797
 -1.5637900266
 -1.5629058520
 -1.5634046030
 -1.5653097913
 -1.5820838042
 -1.5476527647
 -1.5588407725
 -1.5707917332
 -1.5687125063
 -1.5586898831
 -1.5677230310
 -1.5685073924
 -1.5672357486
 -1.5799118588
 -1.5682360879
 -1.5722165442
 -1.5644266499
 -1.5599242760
 -1.5637595812
 -1.5732508657
 -1.5606748735
 -1.5685434579
 -1.5611265391
 -1.5601647041
 -1.5783074961
 -1.5622254873
 -1.5562639113
 -1.5611009278
 -1.5590527806
 -1.5705969732
 -1.5665022635
 -1.5771842279
 -1.5667752744
 -1.5641264363
 -1.5734014447
 -1.5791692005
 -1.5640482129
 -1.5705151154
 -1.5652882333
 -1.5722422378
 -1.5755810912
 -1.5716994876
 -1.5738755440
 -1.5637090177
 -1.5821870730
 -1.5678098745
 -1.5630000460
 -1.5681144183
 -1.5692106357
 -1.5555854776
 -1.5681467559
 -1.5664079448
 -1.5792459550
 -1.5696083443
 -1.5603685014
 -1.5637932425
 -1.5765981718
 -1.5610960520
 -1.5692363422
 -1.5701674033
 -1.5575652731
 -1.5719731127
 -1.5720401883
 -1.5673723713
 -1.5667793967
 -1.5739661927
 -1.5725894128
 -1.5619507857
 -1.5673316698
 -1.5663674461
 -1.5663109440
 -1.5744113668
 -1.5694903634
 -1.5610215451
 -1.5711092982
 -1.5618811530
 -1.5691809890
 -1.5668555224
 -1.5728595680
 -1.5742640389
 -1.5772605353
 -1.5760017516
 -1.5711184357
 -1.5645749789
 -1.5622642447
 -1.5656555151
 -1.5755016103
 -1.5670569313
 -1.5685707857
 -1.5694497079
 -1.5628696813
 -1.5768281861
 -1.5743520812
 -1.5641923519
 -1.5638928151
 -1.5612056969
 -1.5650114159
 -1.5719398577
 -1.5654630911
 -1.5743910259
 -1.5821243124
 -1.5760741832
 -1.5681893704
 -1.5700274345
 -1.5650821855
 -1.5786350960
 -1.5651664274
 -1.5656074419
 -1.5653328870
 -1.5814380227
 -1.5853379900
 -1.5577779884
 -1.5579052563
 -1.5591945875
 -1.5655492217
 -1.5599032415
 -1.5569651532
 -1.5601758646
 -1.5669512019
 -1.5685169743
 -1.5699231927
 -1.5677444879
 -1.5653696399
 -1.5724490252
 -1.5726537294
 -1.5659260339
 -1.5683951057
 -1.5558263119
 -1.5659671660
 -1.5765486160
 -1.5707932523
 -1.5602432119
 -1.5663073612
 -1.5732722862
 -1.5596881877
 -1.5709121354
 -1.5622165910
 -1.5589349041
 -1.5689671796
 -1.5819298942
 -1.5665364955
 -1.5671980758
 -1.5693630730
 -1.5666441184
 -1.5614154598
 -1.5678226497
 -1.5661872302
 -1.5731081206
 -1.5681689014
 -1.5702322962
 -1.5790100918
 -1.5700461896
 -1.5682950923
 -1.5775789213
 -1.5615203544
 -1.5591500125
 -1.5683503375
 -1.5611248841
 -1.5666984374
 -1.5798903182
 -1.5736965932
 -1.5637083227
 -1.5758127655
 -1.5685790451
 -1.5643818349
 -1.5808881475
 -1.5629888423
 -1.5729728403
 -1.5726274567
 -1.5663497083
 -1.5718065271
 -1.5723346695
 -1.5581008862
 -1.5685257580
 -1.5686724478
 -1.5665107250
 -1.5722999582
 -1.5808541489
 -1.5819130510
 -1.5680760708
 -1.5764797354
 -1.5754147597
 -1.5655704839
 -1.5685019125
 -1.5805661162
 -1.5735651566
 -1.5675556493
 -1.5756763794
 -1.5620125927
 -1.5679920428
 -1.5612180451
 -1.5744435834
 -1.5595679739
 -1.5678944750
 -1.5690396434
 -1.5573190405
 -1.5735966579
 -1.5667662453
 -1.5727117278
 -1.5763962697
 -1.5727633465
 -1.5660910332
 -1.5866793802
 -1.5805998992
 -1.5933515581
 -1.5651138954
 -1.5718166464
 -1.5583255691
 -1.5744658240
 -1.5667020770
 -1.5722798431
 -1.5591992637
 -1.5629169327
 -1.5735053482
 -1.5594839456
 -1.5714739726
 -1.5591016934
 -1.5790520499
 -1.5750550376
 -1.5633745554
 -1.5713499275
 -1.5806012215
 -1.5576611318
 -1.5632977222
 -1.5692588781
 -1.5672333521
 -1.5715437939
 -1.5715257884
 -1.5859220574
 -1.5743584765
 -1.5751150117
 -1.5650051432
 -1.5727976584
 -1.5634834394
 -1.5726618443
 -1.5820307344
 -1.5576352574
 -1.5697007392
 -1.5769994690
 -1.5689047454
 -1.5768791085
 -1.5595113049
 -1.5688227441
 -1.5592761464
 -1.5762738595
 -1.5634989935
 -1.5667147100
 -1.5804341058
 -1.5652566703
 -1.5667143593
 -1.5760260929
 -1.5569583209
 -1.5853474230
 -1.5627251110
 -1.5736702874
 -1.5753162223
