 -1.5633213045
 -1.5601491202
 -1.5887605652
 -1.5661391674
 -1.5556368985
 -1.5842286753
 -1.5863179630
 -1.5974975064
 -1.5781259378
 -1.5929002786
 -1.5751900736
 -1.5446660535
 -1.5633107961
 -1.5590862201
 -1.5847636693
 -1.5941792495
 -1.5807987853
 -1.5596572739
 -1.5766599941
 -1.5906074817
 -1.5563902501
 -1.5941610094
 -1.5517217608
 -1.5634185641
 -1.5628497327
 -1.5757088130
 -1.5817640989
 -1.5575786066
 -1.6030132156
 -1.5720865425
 -1.5951391526
 -1.5607875359
 -1.5589837921
 -1.5552052801
 -1.5768796926
 -1.6081497185
 -1.6122659138
 -1.5976895523
 -1.5723965224
 -1.6040301080
 -1.5846303407
 -1.5659958168
 -1.6041470448
 -1.5852815853
 -1.5630939796
 -1.5879904306
 -1.5811925299
 -1.6014040584
 -1.5789727916
 -1.5750116862
 -1.6035605240
 -1.5440702839
 -1.5518329371
 -1.6138360596
 -1.5607330399
 -1.5561644039
 -1.5698075280
 -1.5674409058
 -1.6088704602
 -1.5807784371
 -1.5936126383
 -1.5685553307
 -1.5888361535
 -1.5931626159
 -1.5784382780
 -1.5731445191
 -1.5638371140
 -1.5877876844
 -1.5655177678
 -1.5777852554
 -1.5734445994
 -1.6082855131
 -1.5472558209
 -1.5511989298
 -1.5740249169
 -1.5889690320
 -1.6061570109
 -1.5807533600
 -1.5882536788
 -1.5669547024
 -1.5547724507
 -1.5576532118
 -1.5776817446
 -1.5738117984
 -1.5527338398
 -1.5785086626
 -1.5476592972
 -1.5744006700
 -1.5543802538
 -1.5767556417
 -1.5645186610
 -1.5689405929
 -1.6045557098
 -1.5807523126
 -1.5750209189
 -1.5594309187
 -1.5892158691
 -1.5799163598
 -1.5654972712
 -1.5547130062
 -1.5575229170
 -1.5729893870
 -1.5887119354
 -1.5919430080
 -1.5889285270
 -1.5612395652
 -1.5726547667
 -1.5635591252
 -1.5631686809
 -1.5568203498
 -1.5657528624
 -1.5579776745
 -1.5466814866
 -1.5810154484
 -1.5817965284
 -1.5750219487
 -1.5792619413
 -1.5587361201
 -1.5603741687
 -1.5538520645
 -1.5839581642
 -1.5787784289
 -1.5946790643
 -1.5673235399
 -1.5612609369
 -1.5534332156
 -1.5732535544
 -1.5742021525
 -1.5771811665
 -1.5738266423
 -1.5733763186
 -1.5701990459
 -1.5802919400
 -1.5872689315
 -1.5925168115
 -1.5956044593
 -1.5871748246
 -1.5517039914
 -1.5901039740
 -1.5736059088
 -1.5810553495
 -1.5755908604
 -1.5967187303
 -1.5859015333
 -1.5752774577
 -1.5849675137
 -1.5798156139
 -1.6024161524
 -1.5919319970
 -1.5694132279
 -1.5674175507
 -1.5610031884
 -1.5769937376
 -1.5650161913
 -1.5844655456
 -1.5786810241
 -1.5847075673
 -1.5822171103
 -1.5673524867
 -1.5785175436
 -1.5680210159
 -1.5515280120
 -1.5780627186
 -1.5663377584
 -1.5663249251
 -1.5695888159
 -1.5792397890
 -1.5550647007
 -1.5746547802
 -1.5898778101
 -1.5787419311
 -1.5767357527
 -1.5577155917
 -1.5945498476
 -1.5681751807
 -1.5933414976
 -1.5809004588
 -1.5662985788
 -1.5528014395
 -1.5564833861
 -1.5980309693
 -1.5809342700
 -1.5621678630
 -1.5420448866
 -1.5530867805
 -1.6130319677
 -1.5928465190
 -1.5663470704
 -1.6007990899
 -1.5822486365
 -1.5794391334
 -1.5731247627
 -1.5795629197
 -1.5822993406
 -1.5742553834
 -1.5946510224
 -1.5650028341
 -1.5758283913
 -1.5875412450
 -1.5399292020
 -1.5803966751
 -1.6097154209
 -1.5780275593
 -1.5682130226
 -1.5535949318
 -1.5934306827
 -1.5758806272
 -1.5909565914
 -1.5865658141
 -1.5824513046
 -1.5792716006
 -1.5939821179
 -1.5531259930
 -1.6089990892
 -1.5728549950
 -1.5826257291
 -1.5852876846
 -1.5989546062
 -1.5824417313
 -1.5630532327
 -1.5495390993
 -1.5614131210
 -1.5623841974
 -1.5875486427
 -1.5615653296
 -1.5879038909
 -1.5513638306
 -1.5632495162
 -1.5685597985
 -1.5555567225
 -1.5690597459
 -1.5658047667
 -1.5574525155
 -1.5668225253
 -1.5571683582
 -1.5824983258
 -1.5604600937
 -1.5792668630
 -1.5879916488
 -1.5782738080
 -1.5712549172
 -1.5747481061
 -1.5718469976
 -1.5835526695
 -1.5782169092
 -1.5933620528
 -1.5743812154
 -1.5996455901
 -1.5763551427
 -1.5804957765
 -1.5722400653
 -1.5701712694
 -1.5466952659
 -1.6198668657
 -1.5753133208
 -1.5573586864
 -1.5693289236
 -1.5768025608
 -1.5553133798
 -1.5613935620
 -1.5496110394
 -1.5618060846
 -1.5639964903
 -1.5706649347
 -1.5560004698
 -1.5778243329
 -1.5649554283
 -1.5825150494
 -1.5946209447
 -1.5645099737
 -1.5600416406
 -1.5785683091
 -1.5761287770
 -1.6048633313
 -1.5735687519
 -1.5666263184
 -1.5733938533
 -1.6062966636
 -1.5632862154
 -1.5837427376
 -1.5530820250
 -1.5675027570
 -1.5526944244
 -1.5723861127
 -1.5700418696
 -1.5757449269
 -1.5846745948
 -1.5839767847
 -1.5717461192
 -1.5613939551
 -1.5755353978
 -1.5610023294
 -1.5800327370
 -1.5692780523
 -1.5860415214
 -1.5559717462
 -1.5748454720
 -1.5468304590
 -1.5691050294
 -1.5741309585
 -1.5461969631
 -1.5919608319
 -1.5804612813
 -1.5593672272
 -1.5616898021
 -1.5716534225
 -1.5738452872
 -1.5578931854
 -1.5661433060
 -1.5657093056
 -1.5479782741
 -1.6077930934
 -1.5832072543
 -1.5710943444
 -1.5533637261
 -1.5597960029
 -1.5851415941
 -1.5927378739
 -1.5466888354
 -1.5873361418
 -1.5854726857
 -1.5596370473
 -1.5754887923
 -1.5719488518
 -1.6003735484
 -1.5717079212
 -1.5438438155
 -1.5724322002
 -1.5619572943
 -1.5902227636
 -1.5798655368
 -1.5912165123
 -1.5805884383
 -1.6039725430
 -1.5822581224
 -1.5663746129
 -1.5816852696
 -1.5768490687
 -1.5594553780
 -1.5980148684
 -1.5701310004
 -1.5544488466
 -1.5861132768
 -1.5716705825
 -1.5816564960
 -1.5810638737
 -1.5824890559
 -1.5732628350
 -1.5750119609
 -1.5613696766
 -1.5825443490
 -1.5820521147
 -1.5691517831
 -1.5752691877
 -1.5643068867
 -1.5849277756
 -1.5701933512
 -1.5961342433
 -1.5846974762
 -1.5657415592
 -1.5828066172
 -1.5818202675
 -1.5921383263
 -1.6006943552
 -1.5812860554
 -1.5668596374
 -1.5784310556
 -1.5710265349
 -1.6032919485
 -1.5800979843
 -1.6130315216
 -1.5706777244
 -1.5465037110
 -1.5395233180
 -1.5473339279
 -1.5868710848
 -1.5616188254
 -1.5594089642
 -1.5693099088
 -1.5799558745
 -1.5760240514
 -1.5541145259
 -1.5671998605
 -1.5666925415
 -1.5808635060
 -1.5687422719
 -1.5724776848
 -1.5787725627
 -1.5771231749
 -1.5907256163
 -1.5638025684
 -1.5904191749
 -1.5574538667
 -1.5371633808
 -1.5736912447
 -1.6045346948
 -1.6010330318
 -1.5775136370
 -1.5594825519
 -1.5673770229
 -1.6154615642
 -1.6098860686
 -1.5483042403
 -1.5687254749
 -1.5873902562
 -1.6118032015
 -1.5859129799
 -1.5860568694
 -1.5621618640
 -1.5850682051
 -1.5497658704
 -1.5686206588
 -1.5809669376
 -1.5587189256
 -1.5689615956
 -1.5758194929
 -1.5924381657
 -1.5593452328
 -1.5813681158
 -1.5498272067
 -1.5731387282
 -1.5742741491
 -1.5928654190
 -1.5604285497
 -1.5876679784
 -1.5725144681
 -1.5780708107
 -1.5925588286
 -1.5795030553
 -1.5987595420
 -1.5803588740
 -1.5933711886
 -1.5869861075
 -1.5419542184
 -1.5676740620
 -1.5738972716
 -1.5704606511
 -1.5835142825
 -1.5879927676
 -1.5713406496
 -1.5603768321
 -1.5900685829
 -1.5711910329
 -1.5917616442
 -1.5444439985
 -1.5799529416
 -1.6022079914
 -1.5666502180
 -1.5821762712
 -1.5700437354
 -1.5955325511
 -1.5506166854
 -1.5530522824
 -1.6046315441
 -1.5848371381
 -1.5614638326
 -1.5738709262
 -1.5505181983
 -1.5530385583
 -1.5770614226
 -1.5647761602
 -1.5983242879
 -1.5388932233
 -1.5806383624
 -1.5740945325
 -1.5830218424
 -1.5718775283
 -1.5807165254
 -1.5537048436
 -1.5841520217
 -1.5596146109
 -1.5835583982
 -1.5641526040
 -1.5735840076
 -1.5623397168
 -1.5219666680
 -1.5847318100
 -1.5900437514
 -1.5942193997
 -1.5801431441
 -1.5762196102
 -1.5725454234
 -1.5547443779
 -1.5830085027
 -1.5627072444
 -1.5597813582
 -1.5673589242
 -1.5533173727
 -1.5769649352
 -1.5920057771
 -1.5715910949
 -1.5541109875
 -1.5680937547
 -1.5571689185
 -1.5691655486
 -1.5567585804
 -1.5683566541
 -1.5691704789
 -1.5655526200
 -1.5632317534
 -1.5521447896
 -1.5607125354
 -1.5771705708
 -1.5455050324
 -1.5813415075
 -1.5728717875
 -1.5852911482
 -1.5440245675
 -1.5725274152
 -1.5737108658
 -1.5960171668
 -1.5647571762
 -1.5589480101
 -1.5784620674
 -1.5817776218
 -1.5584682723
 -1.5512936587
 -1.5728638436
 -1.5638847672
 -1.5961792640
 -1.5581915163
 -1.5732389005
 -1.5722939870
 -1.5836035474
 -1.5662939371
 -1.5797865813
 -1.5806830446
 -1.5700435073
 -1.5712848776
 -1.5816771123
 -1.5872846530
 -1.5847704341
 -1.5952457825
 -1.6018980822
 -1.5790780144
 -1.5705355694
 -1.5951466376
 -1.5829703122
 -1.5576106167
 -1.5734941675
 -1.5619905284
 -1.5764711010
 -1.5801168275
 -1.5721808111
 -1.5603170641
 -1.5807994643
 -1.5832421776
 -1.5523818943
 -1.5854200217
 -1.5916946754
 -1.5525385210
 -1.5555937630
 -1.5832432341
 -1.5562628001
 -1.5837681845
 -1.5681793004
 -1.5925484717
 -1.5500851011
 -1.5967122948
 -1.5553304522
 -1.5629417559
 -1.5821289941
 -1.5695407473
 -1.5813916495
 -1.5531546694
 -1.5810049145
 -1.5830072424
 -1.5781671666
 -1.5890008054
 -1.5556830494
 -1.5877577126
 -1.5433226953
 -1.5561331187
 -1.5598068324
 -1.5908101333
 -1.5821475168
 -1.6026718173
 -1.5804987138
 -1.5466426581
 -1.5654804008
 -1.5703528151
 -1.5713292753
 -1.5777250771
 -1.5725848928
 -1.5657768580
 -1.5622807469
 -1.5728100082
 -1.5833151660
 -1.5694106774
 -1.5784646381
 -1.5345623966
 -1.5627787563
 -1.5684894275
 -1.5707584272
 -1.5673545492
 -1.5624260594
 -1.5679208194
 -1.5439768040
 -1.5922666295
 -1.5828431423
 -1.5612321604
 -1.5709424579
 -1.5739913573
 -1.5733129540
 -1.6014774339
 -1.5766182329
 -1.5604428848
 -1.5889683472
 -1.5560447653
 -1.5662321597
 -1.6007924424
 -1.5710183907
 -1.5765823936
 -1.5813556071
 -1.5885896078
 -1.5856907201
 -1.5463677725
 -1.6065454437
 -1.5605088137
 -1.5629482464
 -1.5771405606
 -1.5688572379
 -1.5838724137
 -1.5898434266
 -1.5698010852
 -1.5983052317
 -1.5817042482
 -1.5575229588
 -1.5879629714
 -1.5962233047
 -1.5682642852
 -1.5627663884
 -1.6099901693
 -1.5561175765
 -1.5575657258
 -1.5783096915
 -1.5820715102
 -1.5886252800
 -1.5722438683
 -1.5533375343
 -1.5586784858
 -1.5804591143
 -1.5735045202
 -1.5435296031
 -1.5835473769
 -1.5676225994
 -1.5908636413
 -1.5662011922
 -1.5690253540
 -1.5739677797
 -1.5594091738
 -1.5680033881
 -1.5968577264
 -1.5822041846
 -1.5957558275
 -1.5382211856
 -1.5747140944
 -1.6060078437
 -1.6078786408
 -1.5772911074
 -1.5740061858
 -1.5765751187
 -1.5755342311
 -1.5615569225
 -1.5556681452
 -1.5649694868
 -1.6177171544
 -1.5780052578
 -1.6054725353
 -1.5991647452
 -1.5867325705
 -1.5686400522
 -1.5592853261
 -1.5905049195
 -1.5620680759
 -1.5667598750
 -1.6149860319
 -1.5714981835
 -1.6055694965
 -1.5788367266
 -1.5562202106
 -1.5850739193
 -1.5729029055
 -1.5933686782
 -1.5963701857
 -1.5721316972
 -1.5793113244
 -1.5723688046
 -1.5968089737
 -1.5628973912
 -1.5780645458
 -1.5761168806
 -1.5970215075
 -1.5928565633
 -1.5498644897
 -1.5739948493
 -1.6037715231
 -1.6009245385
 -1.5694190990
 -1.5833194096
 -1.5858695866
 -1.5900180574
 -1.5859597033
 -1.5588230032
 -1.5714764557
 -1.5951345235
 -1.5672511408
 -1.5862292782
 -1.6066526203
 -1.5595534635
 -1.5377021007
 -1.5763827023
 -1.5860937120
 -1.5702976090
 -1.5680788151
 -1.5688331665
 -1.5751377155
 -1.5772756948
 -1.5846437018
 -1.5647452361
 -1.5661779611
 -1.5936370264
 -1.5863598638
 -1.5869386625
 -1.5794319565
 -1.5860321546
 -1.5666267084
 -1.5857160244
 -1.5815952439
 -1.5837442794
 -1.5867974913
 -1.5698923064
 -1.5514121965
 -1.5861262453
 -1.5787085422
 -1.5730353348
 -1.5753378194
 -1.5804831193
 -1.5763061925
 -1.5942782252
 -1.5992645763
 -1.5676650217
 -1.5667785781
 -1.5583407331
 -1.5930539532
 -1.5683347262
 -1.5609526556
 -1.6070120837
 -1.5636085184
 -1.5735706738
 -1.5733784915
 -1.5597385799
 -1.5838661011
 -1.5715509589
 -1.5782791935
 -1.5688084475
 -1.5765461090
 -1.5411468264
 -1.5684735207
 -1.5847493191
 -1.5733215161
 -1.5768197349
 -1.5952445039
 -1.5892474792
 -1.5952620852
 -1.5567490601
 -1.5727058159
 -1.5610789972
 -1.5587446743
 -1.5754755149
 -1.5809263030
 -1.5765467855
 -1.5878718146
 -1.5865388414
 -1.5451180554
 -1.5505182581
 -1.5629449772
 -1.6109706164
 -1.5796004915
 -1.5718096766
 -1.5958405828
 -1.5716646995
 -1.5806103745
 -1.5577195785
 -1.5624485300
 -1.5947245208
 -1.5636539198
 -1.5624531541
 -1.5615682248
 -1.5831526083
 -1.6018978844
 -1.5605233085
 -1.5781307510
 -1.5870831236
 -1.5607696640
 -1.5772736109
 -1.5859202564
 -1.5900096901
 -1.5868785656
 -1.6187267143
 -1.6041918543
 -1.5724175968
 -1.5529825661
 -1.5872846258
 -1.5938585990
 -1.5871139264
 -1.5635330164
 -1.5903756790
 -1.5733253688
 -1.5892213782
 -1.5722103531
 -1.5795470681
 -1.5748411864
 -1.5837160501
 -1.5828930829
 -1.5735866788
 -1.5618375458
 -1.5931071167
 -1.5645124003
 -1.5761144944
 -1.5791851282
 -1.5417552045
 -1.5851360477
 -1.5414979318
 -1.5665039160
 -1.5827885145
 -1.5870340138
 -1.5783972984
 -1.5922251673
 -1.5858425358
 -1.5682619310
 -1.5567023864
 -1.5390185261
 -1.5697741755
 -1.5872159768
 -1.5400446660
 -1.5770362139
 -1.5691428817
 -1.5663253116
 -1.5637373229
 -1.6070705848
 -1.5727225896
 -1.5476765604
 -1.5667717452
 -1.5680630616
 -1.5391036654
 -1.5905105815
 -1.5334053434
 -1.5827509151
 -1.5757282044
 -1.5476477193
 -1.5850124324
 -1.5756558609
 -1.5894426684
 -1.5890654146
 -1.5627139126
 -1.5599580156
 -1.5651549455
 -1.5637555863
 -1.5743117753
 -1.5790906622
 -1.5801797763
 -1.5668814518
 -1.5612952029
 -1.5820544450
 -1.5779915456
 -1.5564761217
 -1.5539350807
 -1.5687231108
 -1.5584898558
 -1.5540576794
 -1.5977738594
 -1.5807653778
 -1.5592930690
 -1.6216592125
 -1.5648804853
 -1.5887120060
 -1.5818880857
 -1.5509621358
 -1.5655920677
 -1.5889250662
 -1.5574186845
 -1.5472660039
 -1.5863810193
 -1.5970687840
 -1.5632962414
 -1.5778281615
 -1.5491813929
 -1.6135602271
 -1.5516123153
 -1.5611546121
 -1.5704224968
 -1.5745810179
 -1.5574026233
 -1.5534925145
 -1.5806191495
 -1.5736711856
 -1.5547461120
 -1.5754803033
 -1.5815659858
 -1.5719847799
 -1.5644570622
 -1.6186804389
 -1.5637732834
 -1.5817369378
 -1.5868440099
 -1.5604834990
 -1.5710634637
 -1.5623158977
 -1.5660345470
 -1.5949332366
 -1.5931392917
 -1.5747027392
 -1.5455078108
 -1.5921144526
 -1.5601998616
 -1.5888497007
 -1.5856171060
 -1.6089000732
 -1.5914273655
 -1.5688601660
 -1.5808760160
 -1.5613841453
 -1.6003618990
 -1.5824629320
 -1.5629926701
 -1.5836831960
 -1.5933000562
 -1.5789172909
 -1.5679848684
 -1.5958491445
 -1.5702466778
 -1.5637362019
 -1.5829493129
 -1.5619185534
 -1.5913192638
 -1.5415662882
 -1.5468457429
 -1.5773533753
 -1.5813499285
 -1.5386915795
 -1.5731397281
 -1.5659478654
 -1.5832280308
 -1.5576437755
 -1.5664865659
 -1.5770173439
 -1.5676476412
 -1.5682373360
 -1.5826579798
 -1.5767387632
 -1.5878852828
 -1.5709434159
 -1.5609956240
 -1.5888308345
 -1.5657693257
 -1.5746054668
 -1.5825548552
 -1.5558046433
 -1.5858125543
 -1.5615005465
 -1.5725146021
 -1.5884681091
 -1.5799918066
 -1.5931827019
 -1.5910167239
 -1.5843336594
 -1.5608392993
 -1.5873047009
 -1.5773732652
 -1.5715362078
 -1.5519924540
 -1.5731231497
 -1.5923636475
 -1.5685343509
 -1.6154173407
 -1.5830227913
 -1.5719183450
 -1.5820946246
 -1.5593606527
 -1.5456305348
 -1.5734723920
 -1.5589195552
 -1.5768034526
 -1.5614997310
 -1.6093120294
 -1.5697255740
 -1.5717382173
 -1.5924618817
 -1.5485281941
 -1.5844960677
 -1.5572996892
 -1.5914420926
 -1.5849328313
 -1.6025578786
 -1.5846746448
 -1.5846983266
 -1.5719930405
 -1.5561801372
 -1.5848967712
