 -1.5684461686
 -1.5794537611
 -1.5721299774
 -1.5746967212
 -1.5708983611
 -1.5697204525
 -1.5562254766
 -1.5771924440
 -1.5726799606
 -1.5502807182
 -1.5751748861
 -1.5660375982
 -1.5708304119
 -1.5854431639
 -1.5666375833
 -1.5710244423
 -1.5594162984
 -1.5604299805
 -1.5695634224
 -1.5605983488
 -1.5702084369
 -1.5719790739
 -1.5818543498
 -1.5519814605
 -1.5622295158
 -1.5694841117
 -1.5619425499
 -1.5617785990
 -1.5677113177
 -1.5832739349
 -1.5671053007
 -1.5616795554
 -1.5729633952
 -1.5704622392
 -1.5718712472
 -1.5653558061
 -1.5698172337
 -1.5547558341
 -1.5626919044
 -1.5739954287
 -1.5622849791
 -1.5660357389
 -1.5638873169
 -1.5660228940
 -1.5641755183
 -1.5665172641
 -1.5641593845
 -1.5714820171
 -1.5731072782
 -1.5725016415
 -1.5769266349
 -1.5561703810
 -1.5656204036
 -1.5677853289
 -1.5677100331
 -1.5723044479
 -1.5607479264
 -1.5826647588
 -1.5762337073
 -1.5715740386
 -1.5857564692
 -1.5645262011
 -1.5802587565
 -1.5640160127
 -1.5881516673
 -1.5664018089
 -1.5689878197
 -1.5736089855
 -1.5761199926
 -1.5736014447
 -1.5724141084
 -1.5564585650
 -1.5797780340
 -1.5748037504
 -1.5570532829
 -1.5654060271
 -1.5636037985
 -1.5683811837
 -1.5657869169
 -1.5737922598
 -1.5613490391
 -1.5749356775
 -1.5641664085
 -1.5774202332
 -1.5664209726
 -1.5639557532
 -1.5724277491
 -1.5697073325
 -1.5584210387
 -1.5552343826
 -1.5682355338
 -1.5891945625
 -1.5705305396
 -1.5659753149
 -1.5829506996
 -1.5622330125
 -1.5707044751
 -1.5744337712
 -1.5620271283
 -1.5570564703
 -1.5801535599
 -1.5710423298
 -1.5804580737
 -1.5595155886
 -1.5654228777
 -1.5713434182
 -1.5711803384
 -1.5735396632
 -1.5820053233
 -1.5686301600
 -1.5796895713
 -1.5700177834
 -1.5863855853
 -1.5584311939
 -1.5810161631
 -1.5652406963
 -1.5730537690
 -1.5774360476
 -1.5706613568
 -1.5600610725
 -1.5622611745
 -1.5723804819
 -1.5892981686
 -1.5707359594
 -1.5627076548
 -1.5672544955
 -1.5656951592
 -1.5722427118
 -1.5557242554
 -1.5558771014
 -1.5620250673
 -1.5701946215
 -1.5666552950
 -1.5606177768
 -1.5647543391
 -1.5611506514
 -1.5676785763
 -1.5630929527
 -1.5696666396
 -1.5829862411
 -1.5854240598
 -1.5662906777
 -1.5841072423
 -1.5492015667
 -1.5754413699
 -1.5661489688
 -1.5605229041
 -1.5711639916
 -1.5647954027
 -1.5770554904
 -1.5562291076
 -1.5621347988
 -1.5543074907
 -1.5493880168
 -1.5874204433
 -1.5617767100
 -1.5768498896
 -1.5524949591
 -1.5626690882
 -1.5689662998
 -1.5792324222
 -1.5684538623
 -1.5621492505
 -1.5755757472
 -1.5609160869
 -1.5667024176
 -1.5678500104
 -1.5522892166
 -1.5697770413
 -1.5742433359
 -1.5677281430
 -1.5677341405
 -1.5693802424
 -1.5691016538
 -1.5678804370
 -1.5719814385
 -1.5686062434
 -1.5734777284
 -1.5687835566
 -1.5707167858
 -1.5611604059
 -1.5599097793
 -1.5732672827
 -1.5666799018
 -1.5706716040
 -1.5733389589
 -1.5718075107
 -1.5726378170
 -1.5638880324
 -1.5735064389
 -1.5672393572
 -1.5601694293
 -1.5677544960
 -1.5672623730
 -1.5632618746
 -1.5666300873
 -1.5673477040
 -1.5721171072
 -1.5619697112
 -1.5539471345
 -1.5604905030
 -1.5793628734
 -1.5839444087
 -1.5718725614
 -1.5690694236
 -1.5703054850
 -1.5648099638
 -1.5605217781
 -1.5762588956
 -1.5693399898
 -1.5713681414
 -1.5552228031
 -1.5497994871
 -1.5728292602
 -1.5593974997
 -1.5776086060
 -1.5783755781
 -1.5760841232
 -1.5643198657
 -1.5780320646
 -1.5744735515
 -1.5548630442
 -1.5876516088
 -1.5647795187
 -1.5677958034
 -1.5599850127
 -1.5790086108
 -1.5816702929
 -1.5697928022
 -1.5678468333
 -1.5797906739
 -1.5655961549
 -1.5884772774
 -1.5734576883
 -1.5482275790
 -1.5731763131
 -1.5746830581
 -1.5494035929
 -1.5773256474
 -1.5808350479
 -1.5711740073
 -1.5762580769
 -1.5640533746
 -1.5618311909
 -1.5668597880
 -1.5788219327
 -1.5703759973
 -1.5783642103
 -1.5701489281
 -1.5642197364
 -1.5674078399
 -1.5784252044
 -1.5669936942
 -1.5708372235
 -1.5820896834
 -1.5663193203
 -1.5638751113
 -1.5811369730
 -1.5657071439
 -1.5747454188
 -1.5617632920
 -1.5646611000
 -1.5624688913
 -1.5784838909
 -1.5732025627
 -1.5570911026
 -1.5842023837
 -1.5730557705
 -1.5631702359
 -1.5655644603
 -1.5661573949
 -1.5750160669
 -1.5649870941
 -1.5789533201
 -1.5712669355
 -1.5779768119
 -1.5572833089
 -1.5799332355
 -1.5818748009
 -1.5717469765
 -1.5700460270
 -1.5790128748
 -1.5704870025
 -1.5561023887
 -1.5699058820
 -1.5658252146
 -1.5683819329
 -1.5696607936
 -1.5556069605
 -1.5677303035
 -1.5682514097
 -1.5626172007
 -1.5743030291
 -1.5759884538
 -1.5846136767
 -1.5664772629
 -1.5758337294
 -1.5685285710
 -1.5562002515
 -1.5682567849
 -1.5598696904
 -1.5851449166
 -1.5688140701
 -1.5601800971
 -1.5729879378
 -1.5641188753
 -1.5677368849
 -1.5657259345
 -1.5496101650
 -1.5585641933
 -1.5684067630
 -1.5698701270
 -1.5814116834
 -1.5884266955
 -1.5629299152
 -1.5619488887
 -1.5754912874
 -1.5587879449
 -1.5713826121
 -1.5765841830
 -1.5643407218
 -1.5653301454
 -1.5697913637
 -1.5756822125
 -1.5705092310
 -1.5710361584
 -1.5702801321
 -1.5619981918
 -1.5650012269
 -1.5725873950
 -1.5579612789
 -1.5731968108
 -1.5627521110
 -1.5661720053
 -1.5651149836
 -1.5802450248
 -1.5632780936
 -1.5691590304
 -1.5651276860
 -1.5649818489
 -1.5763903326
 -1.5741008722
 -1.5670936436
 -1.5652930372
 -1.5705510925
 -1.5614446713
 -1.5686463857
 -1.5741946308
 -1.5745203916
 -1.5773366133
 -1.5636869278
 -1.5786990625
 -1.5569535158
 -1.5591267196
 -1.5745629751
 -1.5560133511
 -1.5684722558
 -1.5757959919
 -1.5765014722
 -1.5669639877
 -1.5736069220
 -1.5614997411
 -1.5691573185
 -1.5781826900
 -1.5775727572
 -1.5557572088
 -1.5658935380
 -1.5727474290
 -1.5602083281
 -1.5713547904
 -1.5650349846
 -1.5631368859
 -1.5627589720
 -1.5750508463
 -1.5746869717
 -1.5623784501
 -1.5728514878
 -1.5631488303
 -1.5679203888
 -1.5801119800
 -1.5697732152
 -1.5726798368
 -1.5653528237
 -1.5666614953
 -1.5653396403
 -1.5682087895
 -1.5676679160
 -1.5684193774
 -1.5867352727
 -1.5628220316
 -1.5747906695
 -1.5620562658
 -1.5627668519
 -1.5626805021
 -1.5717053374
 -1.5652327948
 -1.5624464156
 -1.5608201654
 -1.5678747598
 -1.5603846538
 -1.5626730218
 -1.5613818209
 -1.5851330904
 -1.5710984278
 -1.5758939891
 -1.5774889446
 -1.5738207920
 -1.5714801923
 -1.5609559716
 -1.5784979393
 -1.5744148122
 -1.5756344547
 -1.5641716183
 -1.5745622904
 -1.5722620037
 -1.5766494229
 -1.5786777288
 -1.5795509868
 -1.5728823262
 -1.5669810927
 -1.5553853641
 -1.5698142527
 -1.5688622429
 -1.5683790489
 -1.5685673620
 -1.5693848592
 -1.5658896229
 -1.5634793394
 -1.5626997219
 -1.5661385368
 -1.5787091559
 -1.5759367820
 -1.5612537487
 -1.5543657104
 -1.5667441534
 -1.5665625646
 -1.5642464618
 -1.5792550894
 -1.5580696964
 -1.5758864865
 -1.5660128095
 -1.5718592422
 -1.5699385408
 -1.5691659418
 -1.5690810753
 -1.5802006895
 -1.5701385105
 -1.5758417057
 -1.5625965862
 -1.5711604684
 -1.5821705912
 -1.5711300219
 -1.5622057522
 -1.5784607273
 -1.5701117755
 -1.5693847649
 -1.5697454395
 -1.5686407423
 -1.5613360674
 -1.5624659249
 -1.5728447460
 -1.5671464735
 -1.5667338429
 -1.5705984837
 -1.5750985357
 -1.5781434904
 -1.5640226612
 -1.5507289511
 -1.5598284292
 -1.5611211021
 -1.5643054667
 -1.5820956883
 -1.5656771221
 -1.5734461081
 -1.5604104199
 -1.5790918826
 -1.5626238389
 -1.5775075278
 -1.5531098895
 -1.5633144544
 -1.5629433851
 -1.5730850854
 -1.5696344101
 -1.5599428936
 -1.5645994669
 -1.6015299773
 -1.5695617960
 -1.5757323857
 -1.5624009430
 -1.5559058336
 -1.5669240179
 -1.5558716387
 -1.5755648930
 -1.5684011993
 -1.5673952136
 -1.5755536351
 -1.5733469298
 -1.5614463391
 -1.5599520690
 -1.5617786577
 -1.5698524762
 -1.5558492215
 -1.5711767835
 -1.5819290114
 -1.5701480101
 -1.5599864891
 -1.5627120871
 -1.5749854144
 -1.5731953479
 -1.5605586866
 -1.5720536310
 -1.5786028198
 -1.5664774921
 -1.5601721389
 -1.5595570575
 -1.5723904713
 -1.5597599552
 -1.5569993444
 -1.5559986138
 -1.5676865747
 -1.5692347154
 -1.5643928691
 -1.5663647734
 -1.5687175894
 -1.5684720646
 -1.5649688499
 -1.5714236865
 -1.5668060266
 -1.5724124298
 -1.5691591019
 -1.5650894902
 -1.5691138089
 -1.5608542654
 -1.5629518789
 -1.5705951295
 -1.5670363880
 -1.5749698901
 -1.5626617714
 -1.5761803327
 -1.5576427807
 -1.5667029155
 -1.5644568471
 -1.5741754892
 -1.5716455672
 -1.5630374445
 -1.5751490286
 -1.5636584566
 -1.5680409531
 -1.5816638397
 -1.5706058782
 -1.5766603452
 -1.5605104986
 -1.5674012696
 -1.5605416722
 -1.5763543837
 -1.5817055616
 -1.5778815383
 -1.5916392750
 -1.5727414937
 -1.5603925901
 -1.5641247933
 -1.5578009643
 -1.5554046422
 -1.5721867024
 -1.5642260315
 -1.5672415928
 -1.5679763240
 -1.5674879730
 -1.5540311957
 -1.5596326717
 -1.5720732734
 -1.5664351177
 -1.5670294737
 -1.5668013568
 -1.5769162935
 -1.5633842149
 -1.5742326378
 -1.5796184533
 -1.5660757995
 -1.5731152634
 -1.5726909855
 -1.5631201033
 -1.5617971286
 -1.5646655868
 -1.5644107958
 -1.5607275426
 -1.5582711066
 -1.5725243772
 -1.5655436241
 -1.5698908107
 -1.5587386291
 -1.5690052399
 -1.5731785518
 -1.5688423987
 -1.5647034740
 -1.5566450969
 -1.5552913408
 -1.5642101383
 -1.5681041427
 -1.5738977539
 -1.5824592765
 -1.5744164402
 -1.5711538540
 -1.5579808862
 -1.5730075224
 -1.5676121439
 -1.5687717038
 -1.5797480521
 -1.5700780971
 -1.5652642259
 -1.5692619040
 -1.5646404322
 -1.5798383405
 -1.5624194721
 -1.5771711167
 -1.5679754309
 -1.5706313409
 -1.5732461115
 -1.5614865062
 -1.5688260740
 -1.5715418868
 -1.5792614221
 -1.5759378183
 -1.5633813672
 -1.5611205260
 -1.5658218192
 -1.5646335416
 -1.5689663076
 -1.5642172343
 -1.5689641428
 -1.5690619557
 -1.5823423968
 -1.5633595642
 -1.5812551060
 -1.5697648237
 -1.5727173871
 -1.5786464069
 -1.5628916812
 -1.5737268898
 -1.5765894242
 -1.5708557963
 -1.5680720779
 -1.5627497708
 -1.5798954664
 -1.5685027359
 -1.5626588300
 -1.5737319980
 -1.5738687788
 -1.5638011101
 -1.5591099360
 -1.5663645884
 -1.5716455427
 -1.5621239179
 -1.5690992352
 -1.5606835441
 -1.5576310343
 -1.5744925486
 -1.5697315756
 -1.5660719922
 -1.5758337939
 -1.5724929537
 -1.5614356515
 -1.5735431679
 -1.5674760382
 -1.5740541402
 -1.5667084292
 -1.5690417462
 -1.5716876618
 -1.5649016453
 -1.5727918916
 -1.5738680644
 -1.5571358123
 -1.5862988180
 -1.5744380644
 -1.5676346590
 -1.5730997804
 -1.5717456586
 -1.5755112555
 -1.5623113836
 -1.5881951730
 -1.5608408691
 -1.5746889916
 -1.5637876960
 -1.5583895031
 -1.5782632263
 -1.5790487173
 -1.5672360027
 -1.5725047075
 -1.5727627200
 -1.5649007436
 -1.5663762774
 -1.5706891814
 -1.5602599030
 -1.5588511010
 -1.5588502153
 -1.5736712076
 -1.5690078602
 -1.5901230440
 -1.5721805040
 -1.5611859852
 -1.5658110899
 -1.5666026972
 -1.5692458004
 -1.5701340828
 -1.5653663989
 -1.5788445944
 -1.5758359455
 -1.5685623870
 -1.5754119440
 -1.5697466833
 -1.5597544366
 -1.5689928613
 -1.5610054521
 -1.5666616656
 -1.5722128250
 -1.5734459296
 -1.5561160654
 -1.5699849830
 -1.5765759224
 -1.5796264146
 -1.5840179422
 -1.5695226539
 -1.5769455319
 -1.5717387932
 -1.5599969655
 -1.5605474122
 -1.5542804206
 -1.5702684769
 -1.5847109418
 -1.5702942471
 -1.5806175851
 -1.5752319102
 -1.5832300335
 -1.5570175032
 -1.5814658798
 -1.5722389970
 -1.5585892986
 -1.5632478837
 -1.5543347996
 -1.5631700449
 -1.5672132551
 -1.5746751753
 -1.5719890224
 -1.5616063457
 -1.5700388610
 -1.5598719949
 -1.5691292478
 -1.5593212963
 -1.5664215576
 -1.5676866525
 -1.5721246236
 -1.5674226853
 -1.5427081584
 -1.5671297788
 -1.5728143804
 -1.5792062775
 -1.5719263093
 -1.5834913739
 -1.5521176169
 -1.5698308276
 -1.5585553072
 -1.5813382061
 -1.5675784179
 -1.5660239232
 -1.5687836071
 -1.5708631690
 -1.5715006069
 -1.5538080328
 -1.5628794670
 -1.5746170254
 -1.5816496704
 -1.5687587777
 -1.5640088021
 -1.5783867945
 -1.5663717467
 -1.5684795031
 -1.5792906613
 -1.5661897924
 -1.5654266231
 -1.5737442657
 -1.5705033025
 -1.5664489132
 -1.5665490137
 -1.5754009568
 -1.5746994263
 -1.5667752813
 -1.5652335236
 -1.5699951378
 -1.5635074081
 -1.5650708156
 -1.5649027037
 -1.5722720225
 -1.5774949628
 -1.5663722517
 -1.5726620979
 -1.5762160114
 -1.5753988899
 -1.5754242351
 -1.5635920958
 -1.5617388227
 -1.5591731848
 -1.5750278918
 -1.5671218392
 -1.5630820581
 -1.5698226143
 -1.5720227253
 -1.5727891347
 -1.5790853147
 -1.5709842598
 -1.5664364746
 -1.5822012329
 -1.5581969740
 -1.5657917566
 -1.5733944204
 -1.5691044904
 -1.5654080887
 -1.5628502998
 -1.5571986880
 -1.5769807403
 -1.5823473526
 -1.5740900404
 -1.5641292196
 -1.5604112851
 -1.5687736726
 -1.5752371517
 -1.5768100473
 -1.5711921386
 -1.5768494321
 -1.5806831323
 -1.5650728063
 -1.5795126985
 -1.5726182786
 -1.5598372462
 -1.5721454792
 -1.5581110922
 -1.5617111361
 -1.5731467965
 -1.5544791287
 -1.5720308036
 -1.5615406132
 -1.5733253784
 -1.5777583850
 -1.5738346910
 -1.5634812478
 -1.5648374363
 -1.5673158154
 -1.5794398033
 -1.5691659443
 -1.5714929344
 -1.5702883593
 -1.5700688608
 -1.5645862898
 -1.5783535721
 -1.5669481823
 -1.5706256038
 -1.5582344331
 -1.5719989545
 -1.5841979697
 -1.5674380077
 -1.5586770708
 -1.5746549226
 -1.5622228091
 -1.5653584563
 -1.5693577400
 -1.5638641890
 -1.5653926600
 -1.5649855352
 -1.5545413852
 -1.5665804952
 -1.5668219017
 -1.5556542752
 -1.5659137260
 -1.5585542964
 -1.5757526419
 -1.5516636188
 -1.5672034143
 -1.5651620447
 -1.5781112952
 -1.5645404870
 -1.5715016149
 -1.5716713387
 -1.5615495325
 -1.5659284418
 -1.5602857700
 -1.5644578001
 -1.5643182573
 -1.5554068753
 -1.5798597661
 -1.5720204934
 -1.5635635985
 -1.5676138180
 -1.5764102832
 -1.5855836449
 -1.5664137604
 -1.5641381551
 -1.5743542315
 -1.5668479133
 -1.5793653143
 -1.5698411189
 -1.5751148080
 -1.5687858886
 -1.5639529382
 -1.5699090850
 -1.5626912622
 -1.5555187242
 -1.5713217471
 -1.5825177731
 -1.5664839536
 -1.5680439828
 -1.5651574856
 -1.5590293767
 -1.5710119820
 -1.5827994979
 -1.5910690739
 -1.5653844840
 -1.5596556610
 -1.5709165372
 -1.5650289860
 -1.5806110110
 -1.5879915452
 -1.5594206270
 -1.5645696344
 -1.5741310654
 -1.5650521685
 -1.5578339030
 -1.5856572580
 -1.5772005056
 -1.5733561657
 -1.5656820887
 -1.5670480289
 -1.5598447566
 -1.5692651743
 -1.5738539771
 -1.5737428819
 -1.5842399566
 -1.5608663932
 -1.5625078951
 -1.5600001800
 -1.5701984131
 -1.5709431842
 -1.5700900932
 -1.5727539952
 -1.5741713251
 -1.5729480929
 -1.5696089272
 -1.5603098832
 -1.5757511944
 -1.5578034734
 -1.5656633439
 -1.5731822048
 -1.5844963784
 -1.5579096686
 -1.5703369999
 -1.5624471133
 -1.5811890400
 -1.5685568781
 -1.5711795327
 -1.5666998551
 -1.5755657441
 -1.5647558513
 -1.5732706173
 -1.5739949127
 -1.5662380268
 -1.5494873677
 -1.5633499382
 -1.5579261844
 -1.5694174173
 -1.5582967879
 -1.5684376492
 -1.5680452179
 -1.5704107107
 -1.5706142457
 -1.5701493536
 -1.5802674624
 -1.5839011152
 -1.5814147326
 -1.5629874107
 -1.5695647599
 -1.5680790476
 -1.5818187966
 -1.5642778868
 -1.5712423665
 -1.5687235499
 -1.5625337019
 -1.5595931526
 -1.5740214058
 -1.5614374350
 -1.5609213221
 -1.5731411275
 -1.5716350072
 -1.5729546735
 -1.5702334138
 -1.5704308544
 -1.5672963073
 -1.5677278046
 -1.5722742564
 -1.5713608763
 -1.5599424806
 -1.5610250061
 -1.5772089898
